0
8
9
11
14
15
18
19
20
25
26
32
38
48
51
57
59
64
69
71
75
76
77
79
82
89
90
91
99
104
112
113
114
115
120
123
125
126
127
129
130
132
134
136
139
140
141
143
146
149
150
152
153
154
155
158
159
160
161
167
168
169
171
175
177
182
186
187
192
193
194
195
198
200
207
212
221
222
223
225
228
233
234
237
245
246
247
250
253
256
257
259
267
272
273
275
279
288
290
296
299
303
304
309
310
312
314
317
321
323
326
328
331
335
341
342
343
346
347
349
350
356
357
358
360
363
364
365
368
369
373
376
380
382
385
386
390
391
392
394
395
399
402
404
408
410
411
417
421
422
425
427
428
429
430
434
435
442
443
444
445
450
461
466
473
474
476
478
486
487
489
492
497
500
502
503
507
517
518
519
526
530
531
534
535
536
541
542
546
552
554
555
556
557
558
559
560
562
563
565
567
568
570
571
572
574
575
576
578
579
580
582
583
584
585
586
587
588
591
593
594
596
598
599
601
603
605
606
608
609
611
612
613
614
615
616
617
618
619
620
622
625
626
627
628
630
631
633
635
636
637
639
642
643
646
647
648
649
652
655
656
661
663
665
666
667
671
674
677
678
681
690
691
692
693
694
698
701
705
706
709
715
717
721
723
725
727
729
734
738
742
744
748
758
767
768
769
770
771
775
776
786
787
788
789
791
792
793
795
797
800
801
803
807
810
813
815
817
818
820
822
824
825
826
828
830
832
833
836
849
853
855
856
862
863
867
868
869
870
872
874
875
877
881
883
884
886
887
889
890
891
894
895
897
898
902
903
904
907
909
910
913
914
915
916
917
919
920
923
927
930
931
933
935
939
943
946
948
952
955
959
960
961
964
965
967
968
972
973
974
975
979
981
982
984
986
993
994
995
996
998
999
1003
1005
1006
1007
1014
1016
1017
1018
1020
1024
1025
1026
1028
1029
1032
1033
1034
1035
1037
1038
1039
1040
1041
1042
1043
1044
1045
1047
1048
1049
1052
1056
1057
1059
1060
1061
1063
1064
1065
1066
1067
1069
1070
1072
1074
1075
1076
1077
1078
1079
1082
1083
1084
1085
1086
1087
1088
1090
1091
1093
1099
1101
1108
1112
1113
1114
1115
1117
1120
1121
1123
1125
1128
1129
1137
1138
1139
1142
1143
1144
1145
1149
1151
1152
1155
1161
1168
1170
1172
1175
1180
1182
1185
1186
1189
1190
1194
1195
1196
1199
1200
1201
1203
1204
1208
1209
1210
1211
1212
1214
1215
1216
1217
1219
1221
1222
1223
1224
1226
1230
1231
1234
1238
1239
1240
1241
1245
1246
1248
1251
1253
1256
1258
1260
1261
1262
1267
1270
1276
1277
1278
1279
1280
1289
1291
1292
1294
1301
1302
1303
1304
1305
1306
1308
1311
1313
1315
1316
1317
1318
1324
1330
1331
1333
1334
1336
1337
1338
1341
1345
1346
1347
1348
1352
1355
1356
1359
1363
1367
1376
1378
1382
1388
1390
1391
1394
1396
1399
1402
1410
1411
1412
1416
1420
1424
1426
1427
1437
1439
1443
1444
1446
1449
1452
1458
1462
1471
1472
1476
1486
1489
1491
1494
1496
1501
1503
1505
1507
1508
1510
1514
1517
1518
1520
1522
1525
1530
1533
1537
1549
1550
1553
1556
1558
1562
1563
1566
1567
1568
1570
1578
1579
1582
1584
1586
1593
1596
1600
1601
1603
1607
1608
1612
1613
1614
1615
1619
1620
1621
1624
1626
1629
1634
1636
1637
1641
1642
1644
1645
1651
1652
1654
1655
1661
1664
1665
1667
1668
1689
1693
1703
1712
1713
1720
1722
1723
1725
1727
1730
1735
1746
1752
1757
1758
1762
1763
1772
1782
1783
1784
1794
1800
1801
1803
1809
1810
1817
1823
1826
1827
1828
1829
1830
1834
1835
1836
1838
1840
1844
1845
1846
1848
1850
1854
1855
1857
1860
1861
1867
1869
1870
1873
1874
1879
1883
1884
1886
1888
1890
1892
1895
1898
1905
1906
1907
1908
1911
1913
1914
1917
1919
1920
1922
1923
1924
1926
1931
1932
1937
1939
1940
1941
1942
1944
1945
1947
1953
1958
1964
1967
1968
1971
1973
1974
1975
1982
1986
1992
1994
1999
2006
2010
2016
2019
2024
2027
2033
2036
2038
2039
2040
2041
2055
2057
2058
2060
2061
2063
2064
2068
2069
2072
2080
2085
2088
2091
2093
2094
2095
2099
2101
2103
2109
2111
2114
2115
2118
2121
2124
2125
2128
2129
2130
2132
2138
2140
2151
2152
2154
2160
2161
2162
2164
2167
2170
2175
2180
2182
2187
2188
2195
2197
2198
2199
2200
2202
2204
2205
2206
2210
2216
2220
2227
2233
2240
2248
2252
2254
2255
2256
2260
2261
2265
2266
2268
2270
2272
2273
2274
2276
2278
2281
2282
2284
2285
2287
2288
2290
2291
2293
2297
2298
2301
2304
2305
2306
2308
2310
2316
2317
2319
2321
2326
2328
2330
2332
2334
2336
2338
2339
2341
2342
2347
2348
2352
2353
2355
2360
2364
2366
2367
2375
2376
2382
2385
2386
2389
2390
2391
2393
2395
2396
2399
2400
2402
2404
2413
2416
2417
2421
2422
2423
2426
2433
2434
2435
2436
2439
2442
2443
2445
2447
2448
2451
2452
2453
2458
2459
2461
2462
2463
2467
2470
2475
2476
2477
2478
2479
2482
2483
2485
2487
2488
2489
2494
2495
2496
2497
2499
2502
2503
2504
2505
2507
2508
2509
2511
2513
2515
2517
2520
2523
2525
2526
2530
2531
2536
2539
2545
2546
2548
2549
2550
2551
2553
2554
2558
2563
2564
2566
2568
2569
2571
2577
2582
2587
2589
2595
2598
2599
2602
2605
2607
2608
2610
2611
2612
2615
2617
2618
2619
2622
2624
2626
2628
2629
2632
2633
2635
2638
2641
2644
2647
2650
2651
2652
2653
2654
2655
2656
2658
2662
2663
2667
2668
2669
2670
2676
2678
2679
2685
2687
2689
2693
2695
2702
2706
2707
2712
2713
2715
2716
2719
2720
2726
2731
2734
2735
2739
2741
2742
2743
2744
2745
2748
2749
2750
2751
2757
2759
2760
2762
2768
2769
2772
2773
2774
2776
2778
2779
2783
2784
2785
2791
2796
2801
2802
2808
2815
2816
2818
2819
2820
2821
2822
2823
2824
2825
2826
2832
2835
2837
2838
2839
2840
2841
2842
2843
2844
2845
2849
2850
2851
2852
2854
2862
2865
2867
2871
2874
2880
2881
2882
2883
2884
2885
2888
2889
2890
2893
2894
2896
2898
2899
2907
2908
2909
2919
2921
2922
2926
2932
2936
2939
2945
2946
2950
2954
2956
2961
2966
2968
2969
2970
2971
2973
2975
2978
2983
2984
2988
2991
2992
2994
2995
2999
3000
3001
3002
3003
3005
3007
3008
3011
3014
3015
3016
3017
3018
3019
3021
3023
3025
3028
3029
3030
3035
3036
3037
3045
3048
3051
3052
3054
3056
3058
3059
3060
3062
3064
3066
3069
3070
3072
3073
3074
3075
3076
3079
3080
3081
3082
3083
3084
3085
3086
3087
3088
3089
3090
3094
3095
3096
3099
3101
3102
3103
3104
3106
3108
3109
3110
3111
3114
3115
3116
3117
3119
3123
3124
3125
3126
3127
3128
3129
3130
3131
3132
3133
3134
3135
3137
3139
3141
3142
3143
3144
3145
3146
3148
3149
3150
3151
3153
3155
3157
3158
3159
3161
3165
3167
3169
3170
3172
3173
3176
3178
3179
3181
3182
3183
3184
3186
3187
3189
3190
3191
3193
3196
3197
3198
3203
3204
3205
3206
3208
3212
3214
3216
3218
3225
3227
3228
3230
3235
3240
3242
3246
3247
3250
3251
3257
3260
3262
3263
3265
3266
3269
3270
3271
3272
3273
3274
3275
3276
3278
3279
3280
3281
3282
3283
3286
3288
3290
3291
3292
3294
3295
3297
3299
3300
3303
3306
3308
3313
3314
3315
3316
3318
3320
3322
3324
3329
3330
3335
3337
3339
3341
3344
3345
3348
3349
3352
3356
3357
3358
3361
3362
3363
3364
3367
3370
3375
3377
3378
3380
3383
3384
3386
3389
3390
3395
3396
3405
3406
3407
3408
3410
3413
3416
3417
3419
3420
3421
3422
3425
3426
3427
3428
3429
3431
3432
3433
3435
3436
3438
3439
3440
3441
3444
3446
3447
3448
3449
3451
3453
3455
3457
3459
3462
3464
3465
3466
3467
3468
3470
3471
3472
3474
3479
3480
3481
3483
3484
3485
3486
3487
3488
3490
3493
3494
3496
3502
3503
3504
3506
3508
3510
3511
3513
3516
3520
3524
3526
3528
3529
3530
3531
3534
3536
3538
3540
3543
3545
3546
3547
3548
3555
3556
3564
3565
3572
3575
3576
3577
3578
3580
3581
3584
3587
3588
3591
3592
3604
3607
3608
3609
3610
3611
3612
3614
3619
3621
3622
3626
3627
3628
3634
3635
3639
3648
3650
3652
3654
3656
3657
3659
3661
3663
3667
3670
3671
3678
3680
3683
3688
3689
3690
3696
3697
3698
3703
3705
3706
3709
3714
3715
3721
3722
3724
3729
3732
3736
3741
3748
3750
3754
3756
3760
3761
3764
3765
3772
3775
3779
3780
3783
3784
3788
3789
3795
3798
3799
3802
3804
3811
3813
3814
3815
3816
3817
3818
3822
3829
3831
3835
3836
3839
3840
3842
3847
3848
3850
3851
3856
3859
3860
3862
3865
3866
3867
3870
3871
3873
3878
3879
3882
3884
3885
3888
3891
3893
3898
3900
3901
3903
3904
3906
3907
3908
3909
3912
3913
3914
3916
3918
3921
3928
3932
3933
3936
3939
3944
3957
3958
3962
3967
3968
3969
3971
3980
3983
3984
3985
3987
3988
3989
3993
3995
3997
4000
4003
4006
4007
4009
4010
4021
4024
4025
4031
4034
4040
4045
4046
4047
4053
4056
4057
4061
4065
4072
4073
4074
4081
4083
4084
4089
4090
4091
4098
4100
4101
4106
4113
4115
4117
4119
4123
4126
4127
4129
4131
4133
4134
4136
4138
4139
4140
4141
4147
4149
4154
4158
4162
4168
4173
4177
4197
4198
4210
4211
4212
4215
4236
4238
4241
4242
4245
4250
4257
4259
4260
4266
4269
4270
4274
4276
4277
4278
4280
4282
4288
4289
4290
4292
4295
4296
4297
4298
4299
4301
4304
4305
4306
4307
4308
4313
4319
4330
4335
4337
4338
4342
4350
4361
4362
4367
4376
4381
4392
4393
4401
4411
4415
4419
4421
4424
4428
4431
4433
4434
4443
4451
4455
4456
4462
4463
4477
4482
4483
4487
4489
4494
4506
4512
4514
4515
4530
4537
4546
4549
4553
4556
4571
4574
4575
4583
4589
4597
4599
4601
4602
4604
4605
4607
4610
4614
4615
4616
4617
4631
4639
4643
4646
4654
4657
4658
4660
4666
4667
4668
4674
4680
4681
4682
4683
4686
4687
4692
4694
4696
4697
4707
4708
4709
4711
4712
4716
4717
4727
4729
4731
4743
4746
4748
4750
4755
4758
4759
4761
4765
4772
4779
4780
4781
4786
4796
4803
4812
4816
4818
4819
4822
4823
4829
4840
4841
4842
4845
4848
4858
4863
4869
4872
4883
4884
4895
4901
4910
4915
4916
4917
4922
4924
4942
4948
4951
4956
4962
4965
4968
4977
4980
4981
4983
4989
4998
5000
5002
5006
5008
5012
5015
5023
5026
5027
5031
5035
5036
5044
5047
5050
5056
5062
5067
5069
5072
5075
5080
5081
5087
5089
5094
5095
5101
5112
5118
5126
5129
5131
5136
5141
5144
5145
5147
5150
5151
5156
5158
5163
5165
5168
5181
5184
5193
5194
5203
5204
5206
5208
5210
5211
5213
5215
5218
5220
5221
5224
5232
5234
5239
5241
5242
5243
5244
5250
5256
5257
5261
5264
5266
5268
5270
5276
5284
5289
5294
5302
5303
5305
5310
5312
5317
5323
5325
5329
5335
5342
5343
5344
5347
5351
5363
5365
5374
5379
5388
5389
5390
5391
5392
5393
5396
5398
5399
5410
5413
5428
5431
5432
5434
5435
5437
5439
5441
5447
5451
5456
5460
5463
5466
5470
5483
5484
5488
5491
5496
5499
5500
5501
5510
5516
5522
5524
5526
5528
5529
5530
5531
5533
5544
5545
5549
5552
5555
5559
5560
5562
5563
5564
5565
5566
5567
5569
5570
5571
5572
5574
5575
5576
5578
5579
5580
5581
5583
5585
5587
5590
5591
5593
5594
5597
5601
5606
5610
5613
5614
5620
5626
5627
5628
5629
5634
5635
5636
5639
5646
5647
5649
5652
5653
5654
5656
5657
5658
5661
5662
5665
5666
5673
5674
5677
5681
5687
5688
5692
5696
5698
5703
5706
5707
5709
5711
5713
5717
5723
5725
5731
5734
5735
5737
5738
5742
5745
5753
5754
5756
5757
5759
5776
5777
5782
5784
5786
5788
5791
5793
5795
5797
5809
5810
5816
5821
5826
5829
5833
5835
5843
5848
5867
5868
5869
5870
5871
5873
5875
5880
5881
5882
5883
5890
5892
5893
5898
5899
5901
5904
5905
5910
5913
5915
5919
5920
5925
5926
5927
5929
5936
5937
5940
5945
5947
5948
5949
5951
5952
5953
5954
5956
5958
5959
5961
5962
5966
5967
5969
5971
5973
5974
5975
5978
5981
5984
5985
5986
5992
5993
5998
5999
6004
6006
6008
6010
6013
6014
6018
6023
6025
6026
6028
6030
6031
6034
6037
6039
6042
6049
6050
6056
6057
6058
6059
6060
6062
6063
6064
6066
6067
6070
6073
6076
6078
6079
6084
6085
6092
6093
6095
6096
6097
6098
6099
6104
6107
6110
6111
6119
6120
6122
6123
6124
6127
6128
6129
6130
6131
6135
6137
6138
6141
6143
6144
6146
6150
6155
6157
6158
6280
6888
6894
7110
7191
7200
7270
7412
7430
7502
7534
7574
7608
7686
7751
7752
7760
7769
7784
7785
7787
7949
8036
8037
8116
8242
8797
8804
8805
8806
8807
8809
8811
8812
8813
8814
8817
8818
8819
8820
8823
8824
8826
8828
8829
8830
8859
8860
8861
8862
8866
8875
8876
8878
8880
8883
8884
8935
8949
8973
8991
8996
8999
9000
9002
9005
9007
9008
9014
9021
9022
9026
9027
9028
9038
9041
9044
9048
9053
9056
9063
9066
9068
9069
9070
9076
9078
9083
9090
9091
9094
9099
9107
9109
9113
9114
9118
9119
9125
9126
9127
9128
9130
9131
9135
9141
9147
9150
9151
9156
9161
9163
9164
9166
9167
9169
9171
9176
9179
9180
9188
9189
9199
9215
9219
9224
9232
9239
9251
9254
9258
9260
9270
9274
9275
9287
9288
9296
9297
9303
9310
9315
9330
9331
9338
9342
9354
9356
9360
9361
9371
9386
9401
9408
9426
9443
9446
9462
9468
9469
9472
9478
9481
9485
9492
9494
9505
9514
9529
9534
9537
9548
9557
9559
9568
9578
9583
9585
9591
9595
9604
9632
9660
9701
9707
9719
9729
9789
9815
9846
9859
9876
9888
9892
9893
9901
9903
9906
9910
9916
9925
9933
9934
9939
9943
9954
9957
9962
9975
9979
9980
9989
9993
10002
10006
10007
10009
10013
10021
10022
10024
10025
10034
10038
10041
10042
10043
10044
10048
10053
10060
10063
10064
10070
10073
10076
10078
10090
10091
10094
10096
10098
10102
10104
10121
10131
10140
10154
10156
10162
10163
10164
10170
10171
10187
10188
10205
10208
10210
10212
10214
10220
10227
10233
10234
10242
10244
10251
10256
10257
10261
10262
10275
10278
10279
10283
10287
10293
10299
10301
10304
10307
10311
10315
10320
10331
10332
10338
10339
10358
10362
10365
10368
10372
10379
10390
10393
10401
10413
10417
10422
10424
10432
10433
10439
10460
10468
10480
10481
10482
10499
10507
10508
10515
10525
10526
10527
10531
10541
10590
10617
10640
10673
10675
10690
10748
10754
10793
10834
10838
10859
10882
10996
11000
11001
11007
11022
11062
11063
11078
11081
11101
11187
11219
11224
11240
11270
11287
11300
11326
11367
11376
11381
11415
11449
11507
11521
11529
11581
11627
11656
11693
11695
11787
11789
11790
11879
11973
12086
12091
12137
12147
12162
12163
12184
12205
12220
12228
12263
12285
12287
12302
12312
12350
12367
12394
12400
12416
12436
12449
12469
12482
12487
12494
12530
12531
12537
12595
12600
12607
12609
12619
12631
12640
12643
12683
12686
12724
12756
12777
12795
12844
12866
12901
12904
12934
12976
12982
12990
12996
12998
13033
13038
13046
13051
13058
13072
13074
13075
13092
13132
13139
13169
13177
13211
13220
13222
13239
13240
13250
13255
13267
13289
13326
13365
13371
13382
13405
13407
13505
13521
13528
13560
13578
13583
13610
13655
13659
13660
13668
13680
13690
13710
13772
13875
13881
13889
13987
14062
14114
14182
14264
14333
14344
14387
14393
14405
14537
14539
14612
14650
14693
14725
14769
14819
14827
14868
14949
14957
15013
15020
15024
15050
15076
15115
15131
15218
15273
15305
15330
15356
15372
15384
15405
15424
15483
15487
15529
15536
15566
15574
15582
15605
15637
15669
15695
15758
15769
15788
15808
15844
15854
15887
15888
15920
15934
15949
15963
15966
15979
16005
16012
16044
16048
16070
16084
16113
16115
16128
16135
16149
16155
16158
16173
16180
16204
16224
16232
16234
16253
16256
16282
16283
16290
16292
16296
16311
16340
16344
16347
16353
16354
16356
16376
16399
16404
16412
16416
16426
16428
16432
16439
16455
16519
16634
16649
16727
16729
16769
16773
16776
16782
16805
16888
16899
16926
16939
16970
16981
16993
17032
17053
17070
17079
17093
17097
17116
17136
17148
17186
17193
17198
17207
17211
17214
17234
17241
17250
17261
17262
17264
17285
17294
17308
17328
17361
17366
17393
17396
17408
17411
17425
17462
17463
17485
17489
17490
17497
17504
17507
17542
17555
17582
17584
17586
17619
17625
17644
17647
17661
17693
17696
17699
17719
17725
17742
17747
17783
17795
17815
17820
17826
17846
17848
17852
17856
17858
17884
17889
17898
17919
17926
17929
17954
17961
17963
17981
17987
17995
18000
18004
18018
18026
18027
18037
18046
18048
18057
18058
18069
18075
18107
18124
18141
18145
18170
18171
18173
18177
18187
18207
18224
18231
18241
18249
18258
18265
18279
18290
18328
18349
18373
18387
18418
18425
18446
18477
18500
18503
18515
18521
18525
18542
18568
18596
18613
18638
18661
18664
18677
18701
18718
18721
18747
18768
18770
18773
18866
18906
18952
19095
19160
19191
19194
19231
19258
19262
19271
19304
19314
19329
19346
19360
19403
19451
19464
19482
19587
19603
19608
19634
19675
19698
19717
19725
19752
19764
19786
19809
19827
19832
19833
19852
19880
19887
19905
19930
19931
19937
19946
19956
19957
19965
19968
19971
19972
19976
19985
19994
19996
20021
20024
20026
20033
20038
20047
20049
20064
20089
20092
20107
20113
20116
20117
20135
20143
20159
20186
20193
20220
20236
20245
20282
20289
20298
20305
20308
20312
20319
20343
20350
20365
20369
20380
20384
20404
20410
20416
20417
20419
20435
20440
20453
20466
20471
20479
20498
20499
20504
20508
20518
20519
20537
20548
20552
20560
20565
20578
20590
20596
20616
20622
20623
20656
20694
20705
20747
20759
20765
20776
20813
20814
20858
20864
20880
20885
20889
20897
20899
20906
20922
20927
20941
20979
20991
21013
21021
21034
21039
21042
21135
21144
21159
21161
21180
21184
21220
21252
21279
21314
21375
21376
21406
21459
21551
21575
21595
21734
21742
21768
21810
21811
21816
21907
21912
21919
21963
21989
22001
22030
22067
22071
22084
22090
22095
22163
22333
22361
22376
22378
22454
22531
22539
22588
22626
22631
22655
22657
22659
22663
22679
22700
22736
22764
22786
22793
22825
22836
22880
22887
22898
22918
22921
22946
22964
22976
22977
22980
22992
23000
23012
23021
23028
23031
23050
23093
23098
23114
23127
23159
23170
23210
23243
23265
23266
23277
23295
23342
23350
23399
23402
23414
23476
23478
23499
23509
23527
23574
23578
23645
23689
23696
23714
23721
23726
23754
23839
23879
23881
23901
23937
23998
24024
24052
24064
24128
24142
24151
24189
24208
24234
24239
24242
24247
24260
24326
24327
24341
24379
24418
24422
24450
24499
24504
24528
24543
24560
24574
24600
24603
24630
24631
24685
24726
24740
24748
24758
24788
24792
24802
24811
24817
24822
24831
24847
24863
24874
24889
24909
24941
24956
24981
24982
24986
25005
25024
25063
25105
25119
25127
25132
25155
25170
25180
25181
25183
25200
25214
25215
25230
25241
25252
25258
25292
25321
25335
25356
25358
25377
25410
25454
25551
25567
25579
25614
25615
25622
25624
25637
25648
25670
25673
25697
25720
25733
25768
25772
25780
25807
25828
25843
25863
25871
25874
25907
25910
25914
25934
25942
25965
25968
25974
25986
25992
26024
26025
26026
26038
26042
26053
26070
26076
26087
26097
26121
26139
26154
26158
26165
26166
26175
26189
26199
26214
26220
26232
26244
26254
26261
26270
26273
26293
26311
26315
26319
26324
26335
26337
26340
26347
26354
26357
26367
26378
26380
26395
26409
26418
26420
26436
26440
26459
26466
26470
26472
26491
26508
26509
26518
26522
26526
26528
26532
26547
26579
26581
26601
26603
26687
26743
26767
26779
26788
26829
26830
26844
26854
26888
26908
26969
27036
27078
27120
27162
27164
27168
27174
27210
27232
27237
27250
27266
27273
27293
27311
27320
27348
27367
27371
27416
27469
27497
27502
27519
27525
27534
27544
27561
27574
27576
27581
27591
27638
27642
27652
27657
27682
27704
27707
27734
27779
27786
27820
27876
27920
27977
28032
28038
28051
28058
28077
28104
28121
28156
28159
28176
28180
28190
28197
28198
28230
28283
28284
28285
28330
28341
28416
28448
28510
28552
28638
28667
28703
28738
28775
28887
28981
29013
29020
29076
29077
29105
29130
29198
29206
29227
29246
29392
29412
29473
29494
29515
29522
29531
29566
29624
29892
29909
29938
29943
29985
30025
30064
30113
30116
30137
30160
30248
30249
30322
30381
30460
30513
30558
30588
30599
30606
30629
30630
30631
30653
30692
30709
30730
30741
30753
30757
30777
30800
30809
30835
30838
30850
30852
30861
30868
30869
30873
30922
30926
30938
30940
30941
30950
30978
30980
30997
31001
31006
31013
31020
31029
31030
31036
31053
31057
31073
31084
31086
31089
31091
31099
31111
31114
31115
31123
31124
31130
31137
31157
31163
31164
31185
31188
31247
31263
31264
31272
31285
31289
31305
31324
31368
31369
31372
31381
31387
31407
31414
31417
31453
31509
31524
31531
31532
31547
31551
31553
31573
31582
31613
31616
31622
31633
31643
31644
31659
31660
31667
31669
31672
31674
31680
31695
31696
31712
31715
31717
31726
31738
31746
31764
31777
31778
31794
31798
31817
31827
31836
31845
31855
31873
31884
31891
31904
31914
31938
31968
31970
31992
31993
31996
32007
32038
32053
32135
32166
32172
32194
32212
32234
32248
32265
32282
32303
32307
32312
32321
32329
32338
32339
32396
32426
32431
32439
32493
32542
32560
32570
32615
32623
32662
32699
32707
32737
32741
32751
32832
32841
32915
32938
32984
33015
33027
33035
33076
33106
33204
33229
33235
33262
33274
33304
33307
33308
33309
33314
33330
33338
33347
33361
33369
33371
33417
33439
33442
33447
33459
33481
33483
33489
33492
33514
33518
33528
33541
33556
33562
33582
33603
33644
33650
33660
33664
33670
33686
33690
33698
33707
33728
33744
33749
33756
33769
33772
33779
33787
33789
33810
33812
33852
33856
33865
33873
33918
33935
33936
33950
33992
34013
34020
34039
34054
34077
34110
34119
34139
34151
34160
34184
34195
34205
34209
34223
34234
34237
34242
34245
34268
34284
34294
34309
34314
34328
34331
34343
34350
34356
34378
34384
34386
34399
34403
34405
34416
34425
34429
34433
34435
34437
34462
34463
34481
34624
34627
34628
34667
34672
34681
34705
34709
34720
34763
34765
34808
34811
34859
34906
34918
34964
35062
35070
35133
35136
35155
35186
35204
35243
35263
35269
35287
35334
35340
35348
35377
35425
35427
35432
35440
35454
35476
35511
35609
35619
35661
35703
35724
35747
35839
35901
35923
35960
36025
36029
36054
36139
36170
36185
36198
36307
36309
36341
36362
36392
36395
36424
36475
36574
36577
36609
36636
36674
36687
36739
36761
36779
36788
36806
36818
36832
36845
36869
36892
36947
37026
37049
37072
37095
37104
37214
37252
37259
37304
37312
37330
37337
37359
37489
37558
37613
37679
37709
37717
37772
37774
37781
37790
37839
37848
37876
37886
37941
37977
37990
38048
38058
38079
38128
38135
38146
38230
38249
38262
38278
38282
38326
38337
38359
38377
38390
38392
38397
38404
38416
38424
38441
38448
38484
38488
38491
38511
38597
38622
38674
38696
38702
38745
38776
38819
38903
38960
38961
38998
39007
39008
39012
39051
39052
39063
39094
39124
39132
39139
39152
39185
39186
39253
39304
39327
39395
39396
39421
39484
39506
39534
39548
39552
39595
39597
39658
39720
39755
39787
39798
39919
39932
39934
39939
40011
40058
40105
40120
40143
40145
40179
40193
40218
40246
40258
40284
40286
40315
40332
40336
40350
40377
40385
40419
40434
40439
40468
40494
40504
40507
40530
40665
40681
40697
40745
40861
40863
40885
40912
40940
40955
41082
41127
41159
41234
41294
41324
41354
41358
41394
41409
41410
41427
41453
41479
41482
41583
41614
41620
41630
41655
41664
41668
41726
41788
41819
41855
41869
41907
41909
41912
41942
42046
42082
42094
42095
42146
42157
42244
42256
42261
42333
42367
42371
42459
42476
42577
42578
42610
42632
42714
42735
42834
42835
42875
42876
42882
42921
42956
43029
43042
43085
43087
43120
43149
43175
43181
43224
43291
43320
43408
43473
43506
43546
43561
43567
43595
43600
43616
43660
43771
43772
43805
43827
43842
43846
43856
43857
43870
43876
43889
43907
43934
43980
43988
43994
44010
44018
44034
44051
44076
44081
44109
44132
44137
44164
44195
44197
44211
44227
44237
44240
44269
44283
44284
44302
44311
44312
44326
44342
44354
44355
44374
44380
44386
44393
44411
44416
44422
44424
44435
44445
44456
44464
44470
44489
44531
44541
44547
44553
44575
44592
44604
44651
44663
44664
44687
44715
44749
44763
44793
44795
44807
44827
44857
44894
44914
44915
44930
44959
45039
45049
45084
45092
45142
45143
45183
45210
45226
45230
45242
45262
45263
45286
45291
45302
45312
45328
45331
45341
45359
45377
45401
45405
45422
45424
45427
45431
45446
45487
45488
45514
45525
45546
45551
45555
45556
45572
45574
45594
45614
45619
45623
45625
45629
45644
45670
45675
45677
45683
45687
45693
45701
45703
45711
45712
45715
45717
45739
45744
45785
45811
45813
45814
45829
45830
45831
45835
45848
45851
45893
45904
45909
45920
45948
45970
45979
45995
46029
46043
46045
46052
46070
46085
46091
46092
46101
46102
46143
46164
46193
46224
46264
46273
46315
46338
46350
46356
46387
46435
46443
46455
46476
46498
46500
46568
46570
46576
46616
46635
46657
46679
46688
46695
46726
46731
46742
46760
46780
46788
46791
46797
46798
46805
46811
46821
46834
46861
46871
46887
46913
46919
46933
46938
46961
46964
46972
46981
47003
47004
47050
47054
47068
47079
47083
47099
47119
47135
47141
47147
47159
47166
47193
47197
47203
47214
47219
47234
47255
47285
47309
47349
47403
47405
47425
47460
47540
47561
47569
47578
47672
47674
47714
47749
47751
47794
47815
47836
47912
47941
47996
48050
48083
48102
48145
48179
48192
48288
48306
48310
48404
48423
48466
48468
48494
48536
48558
48576
48582
48593
48619
48625
48644
48645
48710
48719
48724
48740
48764
48765
48785
48788
48804
48809
48813
48838
48856
48879
48895
48897
48899
48904
48920
48973
48994
49004
49030
49069
49089
49091
49115
49122
49123
49140
49158
49159
49173
49174
49180
49181
49205
49210
49234
49271
49282
49297
49311
49329
49351
49377
49382
49399
49403
49411
49419
49421
49435
49477
49481
49490
49496
49504
49510
49511
49527
49548
49558
49566
49567
49593
49605
49615
49633
49638
49640
49643
49656
49683
49687
49693
49699
49709
49740
49743
49770
49776
49778
49780
49829
49831
49843
49846
49869
49870
49873
49891
49901
49912
49918
49920
49924
49945
49950
49975
49978
49987
49994
50032
50064
50083
50097
50137
50140
50142
50151
50159
50164
50172
50176
50222
50271
50368
50378
50478
50487
50523
50531
50611
50633
50637
50647
50719
50735
50776
50791
50813
50854
50856
50869
50878
50891
50897
50912
50929
50989
50990
51003
51023
51059
51066
51082
51132
51138
51159
51180
51228
51318
51331
51340
51354
51371
51373
51385
51406
51415
51448
51452
51476
51485
51535
51541
51543
51598
51633
51655
51659
51664
51667
51718
51751
51758
51784
51795
51821
51860
51935
52032
52042
52080
52081
52126
52138
52203
52251
52275
52282
52325
52392
52456
52465
52473
52489
52508
52518
52526
52540
52562
52604
52605
52639
52713
52723
52783
52817
52844
52857
52870
52882
52906
52909
52928
52949
52961
52962
52972
52974
52980
53020
53049
53076
53077
53078
53092
53097
53102
53105
53142
53202
53212
53231
53251
53268
53283
53330
53337
53344
53365
53383
53392
53460
53467
53519
53543
53588
53669
53692
53703
53707
53723
53762
53827
53846
53860
53898
53933
53949
53982
54095
54108
54188
54216
54278
54285
54298
54351
54408
54423
54465
54497
54547
54554
54596
54600
54617
54723
54804
54898
54967
55063
55093
55116
55123
55149
55154
55193
55220
55245
55297
55298
55336
55338
55430
55479
55562
55585
55638
55674
55700
55716
55782
55813
55823
55825
55878
55883
55901
55925
55964
55971
56035
56058
56088
56144
56159
56170
56171
56179
56192
56206
56211
56220
56227
56264
56281
56291
56300
56303
56306
56317
56339
56369
56372
56374
56375
56384
56403
56412
56425
56439
56458
56474
56482
56491
56496
56511
56535
56564
56568
56578
56587
56614
56622
56628
56634
56665
56672
56682
56714
56723
56763
56765
56831
56867
56868
56898
56906
56941
57024
57069
57085
57203
57236
57245
57306
57382
57464
57474
57531
57561
57570
57607
57642
57686
57713
57726
57743
57766
57790
57807
57922
58003
58022
58053
58061
58117
58150
58175
58251
58262
58289
58290
58317
58336
58379
58397
58398
58452
58506
58517
58656
58688
58702
58735
58763
58829
58840
58845
58862
58872
58892
58900
58907
58911
58939
59032
59060
59062
59076
59089
59090
59145
59148
59168
59175
59205
59224
59270
59315
59316
59358
59371
59408
59438
59466
59468
59502
59504
59515
59588
59631
59668
59707
59729
59736
59786
59846
59893
59906
59922
59939
59943
59989
60013
60055
60096
60133
60154
60168
60191
60194
60203
60218
60228
60234
60236
60279
60304
60312
60316
60321
60344
60352
60407
60424
60429
60432
60452
60482
60512
60524
60546
60561
60578
60594
60597
60617
60621
60628
60629
60661
60678
60684
60694
60697
60700
60724
60750
60766
60774
60791
60825
60826
60833
60856
60872
60904
60914
60917
60937
60956
60968
60993
60995
61009
61010
61023
61036
61044
61059
61060
61062
61080
61089
61099
61101
61107
61112
61130
61140
61184
61191
61220
61243
61248
61277
61287
61290
61304
61323
61336
61346
61347
61365
61382
61388
61398
61400
61438
61458
61524
61539
61542
61554
61624
61658
61907
61926
61938
61974
62077
62389
62405
62489
62548
62775
62776
62827
62902
62935
62947
62966
62978
63010
63040
63056
63071
63088
63108
63117
63141
63152
63194
63199
63204
63218
63224
63240
63261
63269
63289
63297
63299
63309
63327
63343
63352
63368
63379
63385
63397
63399
63409
63416
63424
63427
63428
63446
63458
63463
63464
63473
63479
63497
63514
63522
63524
63530
63548
63556
63561
63564
63572
63588
63597
63606
63616
63628
63634
63635
63642
63647
63650
63654
63658
63685
63691
63696
63705
63732
63808
63814
63822
63825
63836
63866
63875
63907
63953
63956
63959
63970
63985
63991
63993
63994
64025
64032
64081
64090
64096
64123
64132
64183
64204
64233
64252
64262
64292
64293
64314
64341
64347
64362
64381
64398
64408
64409
64414
64426
64447
64450
64455
64459
64472
64489
64505
64506
64507
64522
64539
64573
64582
64631
64662
64670
64723
64751
64769
64866
64877
64929
64948
64977
65015
65039
65047
65080
65147
65161
65207
65211
65233
65249
65328
65339
65357
65401
65419
65459
65495
65498
65560
65572
65642
65643
65659
65668
65672
65714
65749
65771
65773
65786
65849
65874
65894
65911
65921
65926
65957
66007
66020
66053
66109
66118
66195
66207
66209
66240
66267
66281
66362
66437
66482
66489
66520
66550
66561
66609
66614
66643
66655
66664
66669
66674
66688
66710
66799
66836
66878
66905
66930
67012
67074
67091
67145
67190
67208
67236
67273
67301
67323
67343
67396
67442
67445
67488
67492
67676
67686
67720
67731
67739
67835
67925
67938
67964
67983
68069
68171
68180
68181
68316
68351
68401
68508
68516
68539
68550
68582
68617
68644
68676
68719
68788
68803
68858
68881
68894
68912
68935
69097
69107
69147
69192
69207
69242
69261
69266
69280
69283
69322
69356
69423
69425
69501
69531
69540
69546
69553
69611
69639
69667
69685
69725
69783
69793
69824
69884
69898
69915
69935
69938
69948
69965
69967
70007
70019
70028
70029
70040
70122
70197
70211
70224
70305
70339
70365
70407
70433
70447
70610
70630
70631
70723
70746
70778
70917
70976
71043
71050
71071
71075
71140
71152
71160
71178
71208
71241
71308
71339
71410
71425
71437
71488
71499
71567
71573
71596
71620
71633
71636
71706
71721
71730
71841
71962
71971
72016
72046
72079
72082
72098
72142
72160
72162
72177
72231
72260
72313
72403
72423
72541
72560
72582
72585
72647
72655
72679
72706
72786
72796
72815
72924
72980
72994
72999
73004
73095
73187
73236
73347
73366
73427
73443
73444
73567
73673
73683
73758
73784
73860
73870
73881
73919
73941
73946
73973
73981
73994
74014
74032
74108
74262
74277
74296
74320
74371
74373
74387
74401
74473
74477
74491
74514
74589
74593
74595
74600
74602
74616
74624
74633
74637
74639
74646
74656
74662
74674
74679
74681
74684
74695
74698
74705
74708
74730
74736
74748
74761
74766
74771
74773
74777
74792
74794
74797
74815
74816
74840
74841
74842
74861
74888
74892
74903
74907
74917
74935
74981
74983
74989
75001
75002
75009
75023
75025
75045
75057
75061
75086
75095
75101
75116
75124
75128
75132
75133
75140
75147
75155
75183
75200
75205
75210
75213
75215
75218
75232
75237
75240
75241
75244
75261
75270
75278
75285
75297
75303
75306
75316
75336
75339
75346
75356
75362
75390
75399
75436
75442
75454
75460
75463
75464
75467
75479
75484
75496
75508
75542
75578
75588
75617
75675
75687
75723
75769
75793
75802
75818
75924
75931
75970
76005
76006
76023
76053
76122
76156
76168
76180
76222
76224
76230
76241
76316
76329
76385
76397
76400
76430
76449
76517
76538
76578
76602
76603
76616
76636
76648
76653
76693
76739
76741
76791
76824
76834
76843
76856
76895
76900
76903
76939
76949
76999
77019
77028
77042
77063
77072
77086
77118
77139
77144
77149
77167
77175
77187
77190
77223
77226
77241
77247
77265
77284
77291
77297
77309
77332
77351
77360
77376
77396
77403
77412
77416
77422
77423
77443
77444
77462
77474
77491
77492
77502
77517
77526
77542
77545
77558
77574
77578
77584
77590
77600
77602
77611
77621
77626
77632
77638
77651
77652
77662
77694
77709
77710
77713
77717
77720
77721
77736
77757
77778
77783
77869
77894
77901
77950
77963
77995
78013
78020
78044
78045
78085
78115
78130
78147
78170
78214
78227
78274
78379
78424
78508
78554
78574
78591
78915
78935
78954
79009
79033
79036
79070
79089
79097
79127
79259
79364
79398
79440
79457
79470
79573
79580
79672
79680
79685
79686
79719
79729
79799
79800
79837
79874
79882
79941
79976
79984
80013
80051
80052
80070
80082
80118
80245
80269
80277
80284
80338
80390
80418
80432
80439
80523
80542
80628
80670
80709
80793
80840
80894
80900
80940
80941
80974
80986
81019
81021
81022
81033
81035
81037
81043
81046
81071
81073
81096
81108
81119
81124
81130
81139
81150
81156
81177
81188
81233
81257
81292
81298
81303
81317
81329
81341
81345
81362
81369
81373
81380
81389
81404
81426
81427
81431
81473
81481
81498
81531
81536
81542
81547
81548
81566
81570
81592
81596
81600
81628
81633
81641
81667
81675
81720
81801
81827
81870
81893
81898
81925
81936
81976
81985
82012
82054
82065
82073
82119
82125
82151
82183
82196
82204
82247
82277
82326
82339
82340
82417
82419
82491
82501
82506
82551
82556
82577
82586
82602
82626
82652
82688
82726
82729
82751
82772
82788
82817
82832
82838
82855
82856
82869
82913
82918
82938
83009
83013
83022
83036
83041
83061
83063
83098
83107
83129
83208
83212
83218
83279
83380
83424
83443
83457
83468
83515
83533
83559
83666
83670
83705
83728
83751
83795
83809
83843
83967
84024
84031
84040
84043
84073
84123
84124
84125
84152
84158
84167
84210
84247
84253
84279
84285
84304
84349
84360
84431
84485
84504
84524
84570
84573
84598
84611
84738
84834
84839
84919
84939
85016
85041
85043
85044
85068
85107
85171
85191
85200
85216
85229
85250
85276
85297
85303
85306
85308
85336
85353
85355
85357
85375
85387
85410
85451
85459
85478
85490
85509
85518
85529
85566
85573
85574
85604
85635
85701
85720
85743
85771
85799
85803
85842
85864
85904
85911
85922
85953
86009
86032
86049
86062
86074
86078
86200
86209
86211
86236
86241
86268
86287
86298
86322
86366
86368
86388
86408
86411
86443
86456
86480
86505
86507
86539
86541
86576
86606
86667
86684
86708
86720
86795
86820
86881
86886
86903
86937
86975
86987
87074
87085
87102
87131
87183
87220
87222
87284
87331
87391
87397
87411
87427
87447
87540
87587
87674
87723
87731
87844
87872
87886
87947
87950
87953
88123
88155
88184
88396
88417
88438
88462
88497
88524
88595
88631
88641
88683
88720
88724
88764
88820
88846
88921
88930
88961
89082
89100
89121
89135
89192
89204
89276
89296
89304
89317
89319
89374
89456
89499
89507
89516
89546
89607
89628
89666
89699
89739
89772
89782
89839
89878
89908
90046
90048
90071
90102
90108
90114
90117
90122
90177
90239
90323
90365
90435
90437
90449
90456
90491
90506
90617
90628
90630
90635
90644
90647
90661
90674
90693
90725
90739
90742
90749
90770
90782
90797
90822
90823
90830
90851
90857
90859
90861
90872
90879
90886
90888
90944
90951
90962
91017
91022
91028
91037
91075
91103
91113
91124
91131
91132
91136
91145
91167
91174
91178
91182
91193
91224
91243
91253
91255
91259
91263
91265
91276
91287
91307
91327
91338
91348
91351
91380
91399
91405
91414
91418
91452
91464
91479
91487
91499
91517
91522
91523
91541
91556
91557
91559
91562
91602
91603
91632
91650
91654
91669
91678
91690
91691
91694
91701
91725
91747
91750
91760
91768
91785
91795
91802
91812
91845
91856
91867
91902
91903
91927
91933
91934
91952
91962
91963
91967
91979
91992
92018
92022
92042
92043
92051
92053
92070
92071
92082
92092
92095
92096
92100
92107
92140
92144
92149
92150
92159
92173
92177
92186
92210
92231
92243
92251
92258
92260
92289
92308
92324
92351
92362
92369
92400
92414
92424
92461
92470
92483
92496
92587
92612
92622
92639
92659
92710
92714
92746
92747
92754
92775
92809
92828
92939
92998
92999
93036
93104
93150
93269
93316
93337
93359
93360
93366
93426
93428
93448
93523
93584
93593
93628
93677
93679
93689
93706
93718
93815
93872
93938
93976
93977
93987
94006
94009
94040
94054
94065
94078
94118
94138
94165
94180
94224
94225
94230
94239
94240
94256
94258
94260
94292
94299
94307
94327
94335
94377
94400
94408
94422
94431
94460
94477
94592
94607
94616
94640
94643
94655
94660
94676
94679
94681
94685
94703
94712
94718
94725
94728
94746
94752
94763
94778
94782
94783
94804
94807
94820
94838
94846
94847
94850
94859
94885
94900
94903
94924
94940
94948
94987
94988
94996
95014
95018
95030
95037
95039
95044
95047
95062
95071
95073
95079
95082
95086
95105
95123
95133
95139
95144
95159
95162
95181
95187
95188
95190
95200
95203
95210
95218
95222
95228
95233
95244
95246
95249
95252
95259
95271
95275
95293
95304
95313
95324
95326
95334
95339
95343
95349
95367
95374
95391
95407
95418
95429
95433
95434
95443
95447
95467
95506
95546
95572
95600
95620
95623
95682
95715
95792
95795
95837
95884
95890
95904
95912
95949
95959
95978
96001
96055
96073
96100
96117
96124
96149
96166
96184
96193
96195
96196
96221
96226
96231
96242
96243
96247
96255
96257
96291
96298
96331
96370
96385
96414
96423
96424
96425
96443
96444
96455
96457
96480
96528
96532
96542
96543
96544
96601
96603
96643
96658
96661
96662
96672
96690
96733
96738
96747
96766
96767
96809
96832
96834
96835
96836
96860
96999
97034
97050
97082
97085
97099
97104
97123
97128
97136
97164
97167
97193
97196
97235
97250
97265
97280
97331
97359
97378
97379
97384
97400
97415
97421
97427
97461
97470
97480
97493
97507
97517
97537
97567
97572
97573
97586
97596
97604
97622
97656
97674
97733
97736
97796
97804
97830
97833
97844
97882
97893
97906
97922
97961
97969
97970
97978
97982
97996
98008
98035
98088
98101
98122
98164
98172
98186
98212
98257
98276
98279
98298
98381
98405
98426
98437
98478
98485
98523
98536
98571
98588
98609
98610
98751
98755
98785
98834
98835
98955
98991
98993
99024
99033
99038
99041
99053
99080
99085
99093
99094
99131
99146
99167
99177
99245
99295
99315
99387
99450
99460
99532
99567
99577
99588
99606
99643
99660
99667
99714
99765
99766
99774
99788
99861
99913
99940
99972
99994
100071
100110
100193
100204
100235
100254
100267
100308
100367
100369
100450
100462
100561
100583
100631
100653
100724
100759
100816
100854
100873
100929
100966
101020
101064
101077
101106
101159
101224
101235
101248
101250
101263
101382
101402
101425
101480
101492
101521
101654
101704
101831
101956
101971
102047
102099
102216
102227
102284
102338
102489
102527
102593
102594
102596
102610
102611
102663
102738
102791
102908
102945
102972
102973
103018
103069
103106
103189
103250
103286
103292
103311
103316
103377
103380
103403
103413
103428
103435
103471
103501
103535
103540
103545
103554
103562
103566
103580
103623
103636
103669
103675
103677
103688
103694
103702
103703
103704
103705
103719
103721
103758
103772
103775
103785
103791
103804
103805
103852
103874
103897
103911
103919
103946
103948
103970
103973
103982
104006
104008
104015
104039
104046
104061
104089
104090
104097
104098
104137
104163
104165
104171
104179
104190
104200
104202
104208
104220
104221
104225
104238
104240
104244
104250
104255
104258
104261
104264
104266
104270
104287
104288
104292
104293
104304
104305
104412
104428
104430
104439
104479
104516
104527
104544
104577
104665
104689
104714
104729
104743
104815
104824
104835
104865
104876
104896
104974
105020
105085
105106
105117
105159
105218
105266
105267
105329
105353
105382
105412
105428
105449
105516
105548
105567
105609
105731
105745
105767
105776
105780
105785
105849
105869
105907
105959
105968
105972
106042
106065
106182
106188
106316
106395
106479
106505
106540
106582
106619
106774
106777
106864
106908
106931
106972
107006
107007
107066
107067
107081
107087
107240
107242
107335
107359
107462
107471
107504
107582
107662
107680
107689
107696
107701
107704
107720
107799
107873
107876
107881
107904
107920
107921
107938
107960
107977
108052
108053
108103
108133
108207
108212
108277
108281
108312
108350
108370
108492
108517
108570
108606
108637
108727
108743
108812
108842
108871
108882
108902
108932
108983
109053
109076
109115
109141
109211
109221
109240
109261
109276
109367
109440
109469
109496
109500
109504
109537
109551
109566
109571
109606
109636
109639
109642
109651
109681
109761
109781
109782
109786
109794
109809
109836
109850
109863
109873
109881
109886
109887
109891
109896
109905
109915
109927
109937
109947
109973
109977
109978
109987
109990
109992
109996
110012
110018
110039
110052
110053
110060
110063
110068
110073
110093
110097
110101
110103
110105
110116
110128
110139
110140
110162
110180
110186
110187
110196
110219
110251
110256
110259
110285
110326
110354
110381
110386
110388
110401
110427
110428
110456
110459
110477
110491
110511
110521
110524
110563
110580
110601
110602
110603
110656
110663
110699
110742
110749
110766
110767
110786
110802
110812
110822
110840
110853
110890
110912
110949
110955
111037
111069
111100
111145
111153
111173
111196
111200
111212
111221
111244
111261
111263
111290
111305
111314
111351
111364
111396
111403
111404
111416
111442
111444
111483
111539
111540
111560
111619
111637
111704
111724
111763
111764
111776
111820
111861
111929
111963
111972
111979
112040
112065
112088
112092
112097
112154
112195
112223
112301
112302
112318
112342
112403
112417
112427
112443
112447
112484
112536
112575
112582
112593
112622
112672
112682
112804
112847
112956
112958
112960
113053
113069
113203
113267
113291
113306
113360
113431
113440
113492
113511
113513
113518
113527
113550
113557
113573
113611
113612
113624
113626
113637
113708
113709
113724
113734
113743
113750
113760
113779
113783
113794
113802
113861
113901
113902
113904
113944
113949
113967
114034
114092
114125
114128
114140
114142
114173
114199
114207
114250
114251
114257
114265
114273
114295
114332
114342
114352
114354
114405
114513
114542
114876
115019
115116
115229
115234
115254
115326
115417
115470
115505
115525
115539
115660
115719
115902
115931
115963
115982
116023
116147
116257
116258
116278
116302
116318
116418
116557
116634
116651
116653
116731
116748
116798
116818
116875
116885
116887
117067
117069
117080
117094
117102
117108
117136
117138
117197
117213
117260
117262
117271
117299
117310
117363
117390
117409
117455
117560
117652
117816
117853
117900
117935
118148
118151
118223
118229
118264
118269
118323
118339
118368
118378
118385
118578
118664
118665
118839
118862
118882
118883
118927
118963
119001
119096
119166
119214
119259
119375
119540
119585
119592
119606
119607
119608
119659
119660
119692
119696
119711
119722
119729
119747
119823
119896
119936
120121
120265
120332
120433
120508
120644
120650
120761
120807
120809
120814
120818
120863
120966
121022
121084
121153
121185
121246
121585
121773
122109
122224
122227
122503
122513
122528
122564
122632
122729
122832
123102
123125
123160
123194
123248
123249
123347
123414
123431
123440
123456
123600
123637
123809
123898
123903
123906
123930
123940
124074
124116
124218
124234
124285
124296
124334
124339
124348
124349
124387
124414
124427
124428
124441
124468
124502
124511
124577
124581
124585
124603
124608
124617
124627
124662
124669
124692
124726
124737
124783
124818
124845
124855
124926
124962
124967
125005
125031
125054
125086
125108
125113
125134
125193
125203
125225
125235
125271
125284
125293
125294
125309
125317
125341
125356
125369
125412
125459
125461
125487
125527
125529
125531
125548
125555
125556
125590
125642
125661
125715
125802
125839
125842
125887
125889
125891
125911
125921
125941
125985
125987
126007
126016
126018
126024
126080
126108
126135
126136
126138
126196
126217
126220
126236
126260
126279
126340
126355
126383
126390
126397
126423
126432
126439
126440
126442
126446
126524
126640
126659
126713
126735
126757
126773
126793
126805
126809
126841
126850
126872
126873
126880
126885
126957
126978
127012
127022
127030
127032
127038
127074
127083
127095
127115
127117
127155
127162
127180
127181
127189
127217
127220
127233
127264
127292
127390
127412
127418
127434
127435
127443
127453
127462
127512
127550
127589
127623
127632
127650
127690
127697
127720
127721
127766
127772
127776
127788
127792
127826
127846
127848
127950
127962
127984
128007
128131
128212
128234
128242
128244
128268
128292
128347
128558
128592
128599
128616
128625
128643
128650
128683
128737
128740
128745
128763
128796
128818
128839
128888
128891
128915
128930
128936
128943
128944
128964
128986
129003
129012
129064
129122
129126
129130
129154
129157
129209
129212
129223
129224
129227
129243
129247
129253
129257
129302
129305
129317
129326
129347
129351
129372
129378
129458
129477
129527
129546
129549
129564
129585
129601
129617
129628
129656
129670
129690
129709
129712
129745
129780
129795
129814
129816
129835
129836
129854
129888
129896
129907
129944
129948
129970
129973
129976
129985
130023
130043
130063
130070
130112
130114
130115
130211
130215
130225
130234
130257
130280
130314
130333
130337
130344
130414
130488
130492
130499
130516
130530
130563
130611
130655
130685
130687
130692
130709
130727
130731
130737
130748
130771
130789
130813
130819
130848
130861
130899
130912
130953
130967
131004
131032
131041
131043
131064
131082
131087
131101
131102
131124
131127
131137
131142
131164
131165
131176
131200
131217
131262
131264
131305
131341
131358
131363
131380
131400
131406
131436
131447
131452
131464
131483
131484
131512
131516
131527
131580
131581
131592
131624
131633
131688
131723
131771
131788
131870
131887
131897
131920
131924
131963
131975
131978
131984
132000
132017
132019
132020
132024
132036
132050
132067
132073
132084
132106
132120
132126
132176
132207
132282
132347
132407
132432
132467
132472
132511
132519
132553
132581
132597
132600
132602
132641
132652
132706
132798
132810
132830
132875
132888
132891
132968
133007
133016
133033
133132
133137
133142
133152
133153
133160
133199
133249
133256
133276
133334
133358
133429
133431
133514
133515
133555
133640
133748
133790
133829
133832
133834
133837
133852
133892
133924
133931
133944
133980
133999
134017
134047
134048
134049
134088
134090
134098
134102
134107
134128
134133
134137
134146
134219
134239
134283
134299
134330
134370
134396
134440
134500
134519
134523
134530
134534
134553
134566
134592
134599
134644
134647
134660
134677
134753
134758
134778
134831
134835
134869
134895
134910
134939
134953
134968
134995
134996
135108
135112
135152
135183
135188
135193
135195
135204
135214
135232
135256
135263
135315
135376
135378
135416
135429
135450
135457
135467
135535
135542
135546
135548
135558
135560
135570
135573
135605
135615
135616
135619
135620
135627
135630
135648
135691
135694
135701
135706
135709
135721
135724
135731
135739
135762
135765
135806
135855
135867
135875
135889
135893
135896
135920
135940
135947
135960
135977
135993
135998
135999
136014
136071
136082
136087
136090
136126
136128
136130
136138
136146
136150
136157
136162
136199
136202
136221
136230
136231
136243
136252
136267
136355
136387
136395
136435
136465
136469
136485
136511
136512
136561
136570
136571
136599
136627
136684
136700
136731
136803
136810
136812
136822
136847
136857
136858
136868
136880
136893
136908
136975
137001
137049
137125
137134
137162
137170
137199
137208
137224
137271
137323
137338
137393
137408
137455
137523
137544
137580
137590
137621
137676
137684
137695
137704
137719
137743
137767
137769
137829
137845
137847
137907
137919
137926
137938
137947
138025
138040
138054
138069
138104
138212
138275
138336
138360
138382
138387
138426
138430
138457
138504
138531
138619
138646
138693
138715
138717
138757
138773
138794
138806
138823
138949
138950
138978
138986
139040
139086
139087
139138
139200
139251
139263
139268
139277
139319
139339
139360
139405
139486
139516
139551
139568
139587
139599
139642
139657
139660
139670
139674
139677
139690
139716
139719
139758
139789
139820
139882
139921
139944
139976
140039
140061
140074
140076
140105
140120
140146
140153
140156
140176
140181
140213
140249
140278
140326
140332
140351
140369
140370
140381
140411
140434
140455
140460
140461
140462
140467
140468
140469
140493
140497
140504
140507
140509
140512
140553
140554
140556
140569
140571
140583
140587
140600
140615
140635
140684
140691
140706
140710
140740
140753
140756
140781
140835
140854
140877
140897
140919
140921
140937
140965
140968
140990
140991
141007
141012
141016
141055
141094
141120
141176
141201
141220
141241
141264
141277
141298
141316
141318
141321
141348
141350
141371
141409
141411
141412
141419
141463
141493
141525
141543
141576
141591
141608
141628
141634
141638
141642
141680
141701
141734
141747
141759
141773
141820
141821
141840
141857
141863
141887
141925
141937
141942
141999
142013
142015
142016
142019
142034
142066
142088
142094
142099
142103
142105
142108
142113
142115
142152
142191
142224
142237
142252
142255
142298
142301
142311
142312
142323
142324
142343
142382
142383
142389
142394
142396
142436
142469
142483
142532
142534
142537
142563
142576
142586
142591
142600
142619
142626
142644
142660
142676
142693
142707
142731
142735
142762
142764
142786
142813
142825
142835
142839
142854
142879
142883
142914
142937
142938
142943
142958
142982
142990
143017
143018
143023
143028
143041
143048
143064
143070
143147
143157
143158
143173
143185
143200
143241
143257
143266
143271
143276
143277
143303
143314
143334
143335
143350
143355
143356
143357
143360
143362
143367
143376
143396
143464
143473
143500
143510
143517
143579
143581
143622
143627
143632
143642
143646
143666
143704
143737
143751
143762
143773
143774
143776
143803
143829
143845
143859
143864
143884
143885
143898
143917
143923
143933
143944
143963
143990
144056
144057
144094
144125
144136
144139
144152
144207
144212
144225
144250
144251
144269
144271
144287
144288
144326
144332
144341
144360
144377
144378
144397
144409
144410
144424
144456
144472
144474
144501
144505
144532
144563
144602
144636
144641
144648
144689
144691
144695
144740
144750
144754
144782
144798
144807
144827
144832
144839
144854
144862
144886
144888
144934
144936
144958
144968
144979
145009
145029
145109
145123
145134
145148
145191
145193
145200
145231
145266
145273
145282
145287
145294
145334
145340
145346
145359
145386
145430
145467
145484
145485
145570
145574
145586
145614
145669
145690
145721
145723
145745
145753
145784
145786
145805
145820
145842
145843
145881
145888
146009
146058
146102
146118
146122
146144
146148
146183
146370
146378
146409
146422
146634
146657
146663
146678
146713
146724
146745
146914
146936
146989
147019
147048
147065
147148
147150
147257
147285
147296
147376
147379
147381
147407
147443
147471
147504
147544
147564
147626
147634
147645
147700
147754
147861
147913
147944
147986
148058
148089
148167
148287
148316
148349
148381
148393
148404
148459
148484
148511
148558
148620
148650
148658
148661
148689
148757
148773
148788
148789
148793
148806
148877
148896
148899
148922
148926
148943
148944
148975
149015
149042
149123
149133
149134
149136
149163
149180
149215
149251
149253
149263
149279
149280
149289
149336
149355
149385
149409
149574
149629
149768
149777
149896
149923
149924
149960
149977
149993
150057
150073
150087
150096
150101
150110
150215
150242
150260
150410
150443
150465
150483
150486
150530
150613
150639
150646
150659
150667
150767
150828
150879
150950
150951
150955
150960
150995
151000
151049
151141
151247
151281
151348
151352
151371
151373
151419
151462
151475
151486
151504
151520
151594
151611
151617
151619
151624
151657
151668
151716
151718
151722
151746
151831
151849
151941
151971
152003
152191
152282
152300
152310
152435
152466
152527
152635
152655
152674
152815
152820
152829
152866
152949
152979
153034
153044
153073
153113
153120
153130
153160
153207
153334
153354
153402
153448
153543
153617
153651
153654
153822
153880
153912
153923
153983
154027
154043
154111
154159
154207
154315
154344
154388
154404
154414
154445
154462
154493
154520
154553
154598
154608
154748
154756
154757
154769
154864
154975
155009
155241
155354
155560
155564
155647
155727
155758
155772
155777
155787
155816
155843
155923
156085
156113
156126
156224
156241
156270
156528
156598
156629
156739
156774
156796
156813
156979
157003
157040
157065
157108
157114
157124
157175
157213
157235
157302
157360
157367
157391
157404
157429
157438
157449
157481
157503
157509
157527
157530
157533
157575
157590
157632
157672
157677
157680
157686
157770
157820
157948
157952
157987
158000
158007
158018
158071
158073
158168
158176
158211
158281
158311
158370
158383
158457
158498
158528
158537
158569
158575
158590
158603
158619
158625
158626
158648
158655
158671
158685
158762
158764
158792
158807
158832
158850
158851
158876
158890
158903
158904
158945
158951
158996
159037
159052
159096
159097
159130
159143
159145
159259
159389
159405
159423
159451
159467
159547
159573
159641
159662
159719
159754
159807
159843
159858
159867
159873
159899
159917
159936
159967
159983
160006
160016
160055
160110
160156
160171
160203
160255
160266
160269
160300
160351
160437
160438
160442
160444
160495
160620
160622
160659
160677
160706
160805
160842
160857
160865
160971
161003
161021
161038
161042
161060
161087
161096
161104
161143
161171
161211
161259
161260
161278
161347
161385
161393
161519
161521
161571
161600
161653
161667
161715
161720
161733
161770
161777
161802
161804
161821
161857
161872
161946
162021
162024
162071
162103
162154
162170
162307
162333
162390
162444
162463
162464
162513
162579
162614
162632
162721
162762
162797
162859
162891
162938
162971
162981
163002
163032
163068
163069
163108
163126
163183
163186
163284
163307
163404
163516
163566
163568
163596
163597
163598
163642
163648
163712
163783
163784
163808
163843
163890
163922
163925
163976
163977
163980
163981
163984
163992
164012
164046
164057
164069
164076
164093
164152
164157
164166
164249
164262
164276
164281
164311
164352
164371
164442
164472
164483
164490
164497
164603
164629
164688
164709
164716
164718
164909
164968
164972
164988
165005
165026
165034
165092
165131
165166
165298
165331
165332
165336
165343
165392
165393
165408
165463
165537
165581
165602
165645
165746
165781
165785
165855
165856
165872
165878
165968
166062
166099
166166
166211
166240
166257
166258
166266
166358
166359
166419
166685
166741
166799
166869
166898
166934
166949
167090
167105
167124
167199
167200
167212
167492
167530
167574
167635
167641
167642
167689
167710
167773
167835
167890
167947
167951
168022
168024
168376
168388
168431
168584
168591
168633
168773
168864
169037
169128
169287
169300
169331
169372
169408
169413
169579
169618
169712
169789
169795
169808
169814
169838
169859
169972
169984
170013
170041
170109
170469
170626
170710
170737
170771
170842
170901
171131
171166
171227
171253
171507
171574
