169972
169838
169789
169618
169579
169408
168431
168388
168024
167951
167947
167835
167635
167530
167199
166258
166099
165781
165645
165602
165537
165463
165393
165343
165336
165331
165298
165166
165092
165034
165005
164909
164716
164709
164442
164281
164262
164157
164076
164012
163981
163922
163890
163843
163712
163596
163186
163183
163002
162762
162721
162632
162464
162390
162333
162170
162071
161946
161770
161519
161278
161259
161171
161087
161003
160659
160444
160171
159719
158832
158764
158625
157235
156241
156126
154756
154748
154608
154553
154462
154445
154388
154207
154027
153983
153912
153651
153113
152829
152635
152466
152435
151941
151657
151617
151520
150646
150101
150096
150057
149896
149629
149409
149336
149289
149263
149215
149134
148926
148896
148806
148658
147443
147065
146745
146144
146118
146058
145881
145690
145586
145334
145294
145287
145282
145273
145200
145134
144968
144936
144862
144782
144750
144691
144636
144602
144269
144056
143737
143646
143355
143303
143276
143200
143173
143064
143048
143018
142990
142786
142389
142323
142088
142034
141638
141608
141591
141409
141371
141350
141321
141201
140990
140937
140919
140897
140854
140781
140756
140583
140512
140278
140076
130731
130563
130488
129317
127434
127220
127189
127181
127162
127115
127083
127074
127032
126841
126793
126442
126439
126432
126397
126355
126279
126236
126138
126135
126080
126024
126007
125985
125921
125911
125887
125555
125487
125461
125086
124502
124349
123906
123456
123431
123249
123194
122564
122227
122109
121773
121084
120814
120644
119936
119659
119585
119540
118927
118368
118151
117260
117138
117080
117069
116875
116557
116418
116278
116257
115931
114092
113949
113802
162891
113724
113709
113624
113611
113557
113550
113527
113440
113431
113360
113291
162444
161720
161260
112040
111979
161042
111776
111619
111416
160442
111244
160300
160255
111069
160055
160006
159967
159936
110766
159917
159858
110603
110602
110563
110524
159547
110386
159451
110139
110097
109996
159096
158951
158890
158671
109141
109053
158176
108983
108902
108882
108370
108281
157429
107876
107720
107704
107582
107067
106864
106479
154404
154315
154159
104824
153923
153880
153822
104665
104544
104244
153130
102284
101956
101263
101224
149133
148393
146724
146422
146183
145842
145805
145029
144886
144648
144341
144094
143917
143632
143464
143396
143266
143241
142731
141925
140835
140467
140074
139674
84738
84570
84285
84024
83751
83728
83666
83468
83129
83061
83036
82938
82838
82788
82729
82417
82326
82277
82204
82196
82125
81925
81801
81628
81570
81548
130516
81124
81119
130115
130070
80900
80793
129745
80523
129628
80439
80432
129564
80338
80284
80269
80082
80070
80052
79941
79837
79686
79685
79580
79573
79440
79398
79364
30160
77963
127117
77713
77492
77474
27469
76517
76316
26829
125113
26526
124726
124692
124585
124339
124218
25871
25720
25673
25292
25132
25105
24499
24450
24341
24326
23645
23574
23509
23476
23277
23266
22980
22918
22880
71730
71706
71636
71633
71567
169795
71308
169331
70778
70746
119823
70610
21376
70447
21279
168591
70029
69667
18906
117213
18768
18173
165581
165408
116147
165131
164603
164483
164472
164093
164057
163980
65642
65560
114513
163307
162797
64450
64426
64025
63991
63959
162024
63696
112804
63634
63464
161777
161653
161600
63269
63261
161571
161521
161385
63071
161347
62947
62935
62827
161038
160971
160842
61974
160016
61658
159807
61346
110388
159467
159423
110256
159389
60995
110140
110128
60956
60833
159097
60774
60750
109836
60597
109496
158569
60236
60194
60055
158281
59939
59893
108517
108312
108052
107904
107689
106540
155647
105968
104815
104430
5992
5737
152866
5363
78954
5067
5050
4428
4411
4301
4260
151722
77901
3985
53078
53076
52949
126659
52870
52844
101654
3316
150767
150613
52251
2899
2865
2835
2750
2678
2656
2638
51795
100929
51758
2551
149993
100816
2502
51659
2479
2475
149924
51598
2423
2421
2391
2386
2328
149777
2306
2291
51448
2288
2287
2272
2268
2254
2202
2200
51331
2170
2164
2151
2115
2111
2099
2094
2085
2016
1920
1834
1624
1603
1593
1584
50647
50611
1443
148788
148773
1302
1121
1059
50164
961
895
894
856
25214
49593
347
49403
147645
140
24685
48973
48838
48809
48765
48619
48593
48582
48558
48536
48192
146370
47674
23093
145745
145723
47403
145669
145614
47285
47234
47159
46964
145148
46805
46791
46760
71339
46726
145009
144979
144958
144839
144827
144689
46356
46224
46193
144474
169037
144424
46091
46043
45904
45848
45835
45711
45693
45670
143963
45644
143944
143933
45619
45594
45556
45546
45514
45487
45427
69935
143622
45263
45262
143517
45143
143376
44915
44914
143185
44663
142937
142914
44547
142735
142324
142255
43616
141820
43320
43291
43224
141463
43120
42882
141176
165332
140706
140691
42371
42367
42261
42256
140569
42244
115963
140351
140156
140120
139976
139944
139820
41453
41410
41409
139677
139657
163992
65668
65643
163925
163784
65401
40697
114140
114128
162307
63822
112960
38819
38484
161096
159983
61539
61248
110219
159143
36198
60700
36054
36029
60561
35923
158762
35747
35661
35619
35511
35476
109221
84598
35440
35427
60013
35340
59906
35287
84431
35186
35136
157952
84158
34906
108637
83670
108133
108103
34245
34160
33935
82913
33756
82817
33492
33314
33229
33106
33035
32915
32832
32741
32737
32707
32623
32570
106316
32560
32493
32439
130655
32321
32307
32135
31993
31873
31798
129973
31616
154520
129378
31053
80051
30838
79984
6079
30653
6057
79800
30599
79729
5899
5893
5881
5870
5835
5826
5786
5759
5707
79457
5654
5647
30064
5470
5466
5463
5434
5390
29985
29938
5344
5325
5284
5266
79009
5256
5250
5244
5243
5221
5218
5215
5213
5239
5210
5208
5147
5118
5129
5044
5069
5036
5031
5006
4998
4951
4922
4858
4819
4786
4711
152191
4692
127435
4512
4514
4451
4376
4337
4319
4308
4295
78045
4288
4278
151718
4131
127030
4000
3984
77694
3968
3939
77621
53020
77526
28285
77422
3610
28180
126390
3405
52562
150828
52540
126260
52518
126217
52465
3295
27734
27591
150483
125839
2922
125802
2851
27367
150242
2751
2749
76449
27266
2658
76430
2644
125531
2608
51784
125527
2577
27168
76329
27120
2497
2485
2507
2478
2487
2413
2399
2353
2261
26779
2197
2162
26743
26581
1986
26508
1827
26420
1845
26409
1828
1752
26293
149163
26254
1619
149042
1533
1449
1462
25992
1388
1077
1043
50142
25377
25356
25321
698
665
614
557
49643
346
123248
24822
123102
24788
110767
155
24631
32
24560
24543
24528
48994
48895
122632
24260
24247
24242
24234
24208
48785
122503
24189
122528
24128
24064
48645
24052
24024
23998
60856
109978
23937
48494
23901
23879
60661
23754
23726
23714
35724
60304
35703
23414
23399
23350
35609
109276
23295
23159
35425
23098
23050
23031
23021
23012
23000
22992
22976
35263
47540
35204
22887
22825
22736
22700
22663
22655
120966
22631
34918
22539
83967
47068
71620
22376
22361
46933
46797
145109
120508
22090
169300
169287
33873
144397
46052
21406
21375
33447
45683
33361
45422
45328
33015
45286
45226
32841
45142
118862
69639
45049
167890
32699
32542
118385
130611
44531
118223
167200
81021
142382
31643
129948
142113
117271
43408
18773
166240
18721
166166
166062
18521
165878
165856
6085
6070
6014
5920
30513
5936
153354
5809
18048
5757
5725
5692
5658
116258
165392
17795
152979
42333
5410
5392
165026
5203
164972
17490
42082
5168
5136
140332
5026
5035
4965
140105
4823
4746
4743
4687
164371
127412
127390
115116
127264
78130
4367
4338
127233
4362
78085
4335
65773
4297
127180
4259
65749
4250
4257
164046
65714
163976
65659
4129
4115
4056
4040
163808
4021
4009
163783
3989
3969
126809
163648
65357
163642
126757
77574
3798
114352
28284
28283
3705
101971
3540
64877
163126
3320
113779
52282
101425
113743
162859
125889
64408
2842
2838
2743
2622
27164
27036
2436
2367
2348
2326
2310
2319
51476
2290
2282
2260
2265
2273
112847
2216
2160
2033
51132
63424
1907
112536
112427
26315
124627
161060
44312
1279
1078
1067
25579
25615
952
881
25410
817
826
129835
769
123637
693
678
663
615
25230
25181
148058
25180
562
49693
61926
18866
160156
342
160
159867
110601
6124
79874
6129
165855
159641
110477
61304
5929
24142
5657
60937
153034
109905
159037
109886
109786
60629
5276
23689
109681
35960
164968
140381
158792
60452
85016
35839
4989
60312
109440
158603
4910
47941
109367
60234
158498
4869
4884
60203
60168
23210
59846
22964
22836
164166
84167
22657
4177
22588
34765
102338
4024
3958
169808
40665
3756
34481
22071
21989
126440
65015
107977
150879
107873
3330
107701
27707
27642
2840
2845
150260
2760
162513
27293
2467
1941
1869
32396
44687
1600
81188
1292
30741
6110
165872
6098
6049
79799
110521
6026
5993
113518
5951
5958
5948
162614
2849
5890
5867
33481
5782
18058
5756
5753
5745
2653
2647
5709
5673
5688
5665
5652
153120
5649
5393
140600
5391
5379
5374
5343
5329
5323
5302
5305
5303
5294
5270
5268
5264
5257
5241
5261
5232
5224
5206
152655
5194
2091
5163
5156
5141
5126
5094
23527
60424
5087
5081
5080
5075
152527
5056
5012
5008
5000
4981
4968
158590
1892
1870
60279
4942
4901
4895
4845
152300
4829
4818
4816
60133
4750
4729
81531
4717
4712
4709
4707
4696
4462
4401
164152
4342
4292
4238
163984
1028
77869
4119
4090
126885
126872
3936
126805
151371
22333
53077
52972
108277
52974
3671
22067
3626
3635
28190
3592
28156
151049
126423
150955
83380
150950
37252
368
126383
273
3390
147754
126220
163068
33950
162938
162971
150639
126016
0
64539
150530
33772
6104
52203
150486
122832
113573
125842
150410
165746
122729
2850
45785
27320
21159
2641
76397
2531
2505
2513
2509
2496
2517
2488
2483
2477
149960
2489
2404
2402
2400
2395
122224
2382
2366
2364
2355
2352
2347
2342
2341
2339
2321
2316
2334
2317
2304
2293
125193
2330
2301
2278
2276
2255
2240
2227
2187
2167
2140
2138
5211
2161
2132
2124
2109
2080
2057
5023
26522
28058
150951
1917
149385
1905
4977
1873
1888
4962
1883
1886
1890
1874
1867
1854
1850
1848
1844
4915
1838
1835
1782
1758
1746
3266
104
50813
63108
124577
26214
1621
1596
23127
32329
167492
1568
1567
1518
1530
1525
1522
1520
1503
1508
148943
107471
1359
148789
4392
32053
2844
2837
2832
1260
1222
81108
2773
1180
81022
18037
111704
44137
62548
148558
2628
5696
25648
1090
5687
5674
1045
148511
31777
1803
25624
4841
2511
2508
2503
62405
948
2482
166869
63907
149923
2426
870
830
32339
48
2338
5398
1537
5389
767
2298
49912
25335
2285
2284
5351
63732
1496
2270
2297
2266
706
152820
5335
2256
2248
715
2233
49869
25252
674
108207
2195
26788
2210
666
2206
25241
32166
44470
1424
2198
157391
637
1416
1412
2180
26024
2175
627
2152
609
160351
599
593
2128
585
34386
45920
568
2095
2060
130687
38511
123414
25454
108053
83022
1586
2360
5816
5047
1968
417
19
107960
157114
161715
1161
1919
81037
107938
149355
1884
117102
1489
1857
1855
2434
1846
5681
2220
5666
2199
31001
427
112195
4282
1763
49411
1356
2130
5777
130211
2125
787
26395
1817
5193
2114
2204
149574
2103
3639
2101
151000
2188
2568
166949
2470
2375
4863
5821
51159
126880
909
34437
25200
4708
4694
1615
140493
2205
1613
166934
2336
158648
1614
1563
2332
31531
38416
142563
2154
148620
5002
1923
4424
50531
2757
150995
43546
1783
