915
921
922
948
951
960
961
968
971
973
975
978
985
989
998
1002
1012
1014
1018
1021
1035
1036
1044
1048
1055
1056
1058
1060
1084
1087
1089
1091
1092
1099
1107
1108
1113
1115
1118
1622
1623
1635
1656
1659
1678
1684
1692
1694
1699
1701
1702
1703
1743
1755
1757
1760
1761
1766
1770
1772
1773
1786
1787
1792
1794
1799
1806
1812
1813
1820
1829
1835
1837
1865
1869
1872
1883
1890
1895
1896
1899
1900
1904
1909
1910
1911
1924
1925
1927
1932
1934
1935
1936
1937
1939
1941
1942
1945
1950
1952
1962
1967
1971
1978
1995
1996
1999
2003
2004
2006
2017
2027
2039
2045
2048
2050
2063
2071
2075
2077
2080
2082
2084
2085
2089
2092
2093
2094
2102
2119
2120
2128
2132
2134
2142
2153
2159
2161
2163
2167
2172
2183
2184
2185
2190
2192
2196
2197
2201
2203
2205
2207
2217
2218
2219
2224
2227
2231
2233
2241
2246
2248
2253
2255
2257
2258
2259
2261
2271
2274
2276
2277
2297
2311
2312
2319
2320
2321
2324
2336
2346
2350
2358
2360
2370
2371
2381
2382
2397
2399
2403
2424
2427
2435
2452
2477
2478
2489
2494
2499
2501
2518
2523
2543
2548
2559
2578
2581
2596
2598
2599
2614
2617
2621
2622
2625
2633
2636
2640
2642
2643
2653
2657
2667
2681
2686
2690
2692
2698
2699
2700
2702
2705
2708
2709
2711
2712
2714
2718
2720
2722
2723
2729
2732
2737
2739
2753
2781
2789
2806
2810
2819
2833
2882
2892
2899
2909
2911
2914
2915
2921
2932
2933
2945
2961
2965
2977
2979
2980
2987
2994
3003
3004
3006
3008
3012
3020
3023
3024
3028
3031
3032
3038
3051
3056
3057
3059
3060
3065
3067
3069
3073
3074
3080
3102
3103
3106
3107
3122
3123
3126
3134
3141
3142
3146
3147
3151
3157
3166
3170
3171
3191
3202
3216
3229
3230
3239
3243
3245
3246
3250
3255
3257
3273
3280
3284
3292
3298
3302
3304
3305
3317
3321
3325
3328
3330
3335
3339
3346
3354
3358
3362
3381
3385
3387
3393
3404
3406
3409
3416
3421
3427
3431
3434
3437
3464
3465
3467
3468
3473
3475
3477
3488
3502
3504
3507
3524
3539
3545
3581
3597
3616
3620
3647
3656
3660
3680
3684
3685
3691
3696
3707
3710
3739
3753
3759
3760
3771
3774
3782
3784
3802
3827
3828
3829
3832
3842
3845
3859
3883
3900
3911
3927
3933
3957
3974
3977
3979
3985
4009
4021
4023
4047
4093
4122
4131
4134
4138
4140
4142
4145
4171
4177
4192
4199
4230
4247
4250
4264
4267
4295
4301
4302
4315
4319
4332
4351
4353
4361
4364
4374
4381
4384
4392
4409
4411
4412
4420
4432
4438
4439
4441
4442
4454
4461
4467
4473
4482
4486
4492
4494
4498
4501
4508
4514
4520
4550
4555
4558
4569
4571
4583
4587
4591
4595
4600
4614
4621
4624
4625
4635
4639
4641
4644
4646
4649
4654
4659
4661
4669
4674
4676
4682
4683
4687
4689
4694
4697
4707
4718
4737
4743
4745
4751
4779
4781
4791
4800
4808
4828
4829
4856
4877
4908
4929
4946
4970
4985
4989
4999
5006
5010
5015
5019
5023
5026
5027
5037
5044
6249
6259
6272
6279
6280
6282
6284
6286
6297
6301
6311
6321
6325
6328
6329
6374
6379
6386
6404
6423
6427
6431
6435
6451
6454
6506
6514
6516
6519
6522
6526
6535
6538
6552
6576
6582
6585
6588
6604
6624
6629
6637
6639
6661
6668
6680
6681
6687
6688
6696
6704
6707
6709
6710
6713
6714
6719
6727
6737
6742
6744
6745
6750
6755
6943
6960
6969
7102
7169
7176
7177
7181
7189
7194
7196
7203
7206
7298
7305
7323
7325
7330
7338
7342
7348
7354
7356
7363
7369
7371
7391
7460
7465
10988
11003
11007
11009
11011
11013
11021
11032
11039
11100
11102
11117
11119
11124
11127
11131
11132
11139
11148
11150
11153
11172
11174
11188
11220
11223
11224
11227
11231
11232
11233
11234
11238
11239
11240
11244
11246
11264
11268
11283
11284
11289
11290
11299
11301
11305
11308
11309
11315
11317
11346
11351
11353
11354
11356
11381
11392
11395
11397
11399
11400
11401
11406
11410
11419
11425
11435
11450
11454
11459
11462
11467
11471
11476
11481
11486
11487
11491
11495
11496
11498
11499
11500
11506
11509
11512
11514
11517
11530
11532
11535
11539
11541
11542
11547
11553
11592
11603
11604
11609
11612
11615
11616
11618
11619
11622
11623
11628
11629
11630
11638
11644
11648
11653
11656
11658
11660
11669
11670
11671
11672
11679
11685
11686
11688
11690
11691
11705
11712
11719
11722
11723
11727
11729
11732
11736
11741
11744
11746
11751
11754
11779
11780
11781
11785
11786
11789
11791
11793
11808
11814
11820
11824
11826
11831
11832
11834
11837
11841
11851
11853
11854
11857
11858
11860
11861
11862
11865
11867
11871
11872
11879
11887
11892
11894
11906
11908
11910
11916
11919
11924
11928
11937
11940
11942
11944
11946
11951
11953
11957
11958
11963
11964
11966
11968
11969
11971
11972
11976
11977
11979
11986
11989
11990
11994
11995
11997
11999
12001
12003
12004
12006
12009
12010
12011
12014
12017
12018
12019
12022
12028
12029
12035
12038
12039
12043
12044
12050
12051
12053
12057
12060
12061
12062
12067
12070
12072
12077
12078
12079
12082
12084
12085
12089
12091
12092
12093
12096
12097
12101
12105
12106
12107
12109
12112
12121
12124
12125
12126
12132
12136
12140
12143
12146
12148
12153
12156
12161
12164
12168
12171
12177
12178
12180
12194
12196
12198
12201
12208
12213
12214
12215
12220
12225
12226
12227
12233
12239
12242
12249
12250
12256
12257
12258
12259
12261
12263
12264
12268
12270
12271
12273
12278
12280
12283
12284
12286
12287
12295
12297
12305
12306
12317
12319
12320
12324
12331
12334
12339
12342
12355
12358
12363
12367
12373
12378
12384
12391
12393
12395
12397
12415
12427
12434
12436
12440
12444
12450
12468
12469
12472
12473
12474
12483
12487
12490
12494
12509
12515
12525
12528
12530
12538
12551
12564
12565
12576
12577
12582
12588
12595
12614
12623
12629
12633
12634
12635
12636
12637
12639
12653
12654
12656
12657
12664
12665
12670
12671
12674
12677
12678
12679
12682
12684
12696
12697
12699
12701
12705
12706
12714
12725
12728
12736
12738
12741
12744
12750
12757
12762
12768
12770
12773
12775
12776
12778
12779
12781
12783
12784
12785
12788
12791
12796
12802
12803
12804
12805
12807
12809
12813
12822
12823
12827
12832
12842
12844
12849
12850
12853
12855
12856
12859
12865
12866
12868
12869
12874
12879
12886
12888
12890
12897
12898
12902
12903
12907
12908
12909
12914
12916
12917
12921
12924
12926
12927
12928
12929
12930
12932
12944
12946
12950
12968
12971
12976
12981
12982
12985
12988
13008
13009
13012
13016
13020
13023
13024
13025
13026
13028
13030
13033
13034
13038
13040
13043
13046
13049
13051
13053
13054
13056
13058
13060
13064
13071
13076
13077
13081
13088
13091
13095
13096
13100
13102
13111
13113
13119
13123
13126
13129
13136
13142
13144
13147
13151
13153
13157
13160
13161
13165
13168
13169
13171
13186
13187
13200
13204
13209
13211
13215
13218
13224
13225
13251
13256
13266
13269
13273
13281
13284
13286
13288
13290
13292
13299
13303
13307
13311
13317
13319
13321
13323
13324
13325
13339
13342
13347
13351
13359
13361
13363
13366
13368
13376
13377
13379
13380
13390
13394
13398
13399
13403
13413
13417
13418
13420
13423
13425
13429
13432
13433
13434
13437
13439
13443
13444
13463
13466
13467
13470
13472
13475
13476
13484
13499
13503
13515
13536
13548
13552
13553
13561
13565
13566
13572
13573
13577
13580
13586
13597
13604
13614
13616
13629
13638
13640
13651
13656
13659
13669
13672
13682
13687
13693
13694
13701
13702
13704
13709
13715
13717
13719
13720
13721
13722
13723
13736
13738
13739
13743
13744
13749
13753
13754
13760
13761
13767
13771
13777
13778
13779
13780
13783
13787
13792
13804
13807
13814
13823
13827
13832
13835
13838
13840
13854
13860
13871
13892
13899
13934
13956
13961
13970
13975
13981
13986
13987
13995
13998
14007
14009
14017
14022
14044
14046
14053
14061
14063
14074
14081
14089
14095
14097
14108
14115
14124
14127
14134
14137
14148
14164
14168
14170
14172
14182
14187
14191
14195
14196
14207
14209
14213
14224
14231
14253
14267
14288
14298
14307
14321
14337
14338
14342
14347
14350
14356
14362
14368
14374
14384
14400
14401
14402
14414
14416
14417
14424
14428
14432
14438
14440
14441
14448
14451
14458
14460
14464
14477
14480
14484
14495
14498
14501
14516
14523
14530
14537
14538
14540
14551
14573
14587
14594
14597
14598
14606
14610
14613
14615
14621
14626
14629
14633
14638
14641
14643
14648
14651
14655
14662
14668
14672
14674
14677
14681
14686
14690
14695
14698
14706
14709
14712
14713
14714
14715
14716
14719
14720
14721
14723
14734
14737
14739
14741
14743
14747
14750
14754
14755
14759
14760
14766
14769
14774
14777
14778
14782
14785
14786
14791
14798
14801
14802
14805
14806
14807
14809
14810
14816
14850
14853
14867
14870
14876
14905
14921
14927
14934
14944
14945
14947
14948
14959
14964
14991
14993
14996
14998
15002
15007
15036
15039
15050
15053
15055
15057
15062
15081
15102
15119
15153
15162
15172
15191
15204
15236
15243
15246
15248
15250
15255
15276
15328
15331
15361
15363
15368
15393
15406
15426
15432
15437
15448
15459
15463
15468
15473
15477
15627
15660
15663
15672
15682
15687
15693
15710
15714
15719
15727
15740
15745
15757
15759
15780
15786
15793
15796
15801
15804
15812
15823
15834
15841
15849
15855
15875
15893
15894
15907
15912
15938
15944
15948
15962
15974
15975
15980
15983
15988
16121
16149
16153
16201
16204
16235
16238
16252
16259
16270
16281
16286
16328
16394
16404
16428
16449
16514
16515
16586
16596
16627
16631
16648
19972
20055
20074
20103
20109
20127
20170
20250
20305
20311
20376
20390
20405
20467
20511
20521
20538
20564
20585
20618
20628
20683
20708
20741
20795
20868
20924
20981
20985
20995
21009
21018
21022
21045
21056
21063
21068
21069
21070
21073
21077
21093
21097
21099
21102
21106
21107
21108
21120
21126
21136
21144
21158
21173
21174
21210
21219
21224
21285
21288
21293
21302
21312
21338
21357
21358
21362
21370
21371
21383
21386
21394
21402
21407
21412
21416
21420
21423
21426
21441
21442
21443
21444
21454
21462
21479
21482
21487
21489
21496
21504
21509
21515
21516
21518
21530
21537
21538
21544
21554
21560
21563
21566
21568
21570
21572
21575
21578
21580
21581
21597
21599
21607
21645
21684
21698
21699
21707
21735
21794
21798
21833
21871
21889
21893
21899
21932
21979
21981
21990
21993
22019
22020
22046
22051
22089
22092
22134
22154
22270
22376
22704
22720
22791
22846
22925
23073
23105
23111
23126
23162
23191
23195
23344
23376
23575
23708
23726
23735
23741
23762
23797
23805
23864
23877
23893
24089
24113
24157
24158
24193
24318
24384
24509
24540
24674
24696
24773
24776
24796
24839
24862
24892
24936
24941
25057
25144
25226
25242
25276
25477
25591
25596
25597
25598
25599
25600
25601
25602
25603
25604
25606
25607
25608
25610
25612
25613
25614
25618
25619
25620
25621
25623
25624
25625
25626
25627
25630
25631
25632
25633
25639
25640
25641
25642
25643
25644
25645
25647
25649
25650
25651
25655
25656
25658
25659
25660
25662
25664
25665
25666
25667
25668
25670
25672
25673
25675
25677
25678
25679
25680
25681
25682
25684
25685
25686
25689
25690
25691
25696
25697
25698
25699
25700
25703
25704
25706
25708
25709
25711
25712
25713
25714
25715
25716
25717
25722
25727
25728
25730
25732
25736
25737
25740
25743
25745
25746
25748
25751
25754
25755
25757
25759
25760
25762
25764
25766
25767
25768
25770
25774
25775
25780
25782
25784
25790
25793
25795
25796
25797
25799
25803
25806
25807
25809
25812
25813
25816
25819
25820
25830
25841
25851
25854
25859
25862
25863
25867
25872
25873
25877
25879
25884
25889
25893
25894
25896
25899
25900
25906
25908
25910
25918
25919
25922
25930
25942
25943
25950
25955
25956
25957
25959
25960
25975
25976
25980
25986
25992
25995
25998
25999
26011
26013
26020
26028
26029
26034
26039
26040
26041
26042
26044
26058
26069
26071
26077
26079
26080
26088
26099
26100
26109
26110
26118
26120
26125
26134
26140
26141
26143
26145
26146
26151
26152
26154
26155
26161
26163
26164
26172
26175
26177
26180
26181
26186
26191
26197
26200
26204
26207
26209
26211
26212
26216
26218
26219
26221
26222
26225
26227
26232
26234
26236
26238
26243
26246
26249
26250
26253
26254
26257
26260
26261
26262
26264
26267
26268
26271
26276
26277
26279
26281
26283
26285
26287
26288
26289
26290
26291
26294
26298
26300
26301
26302
26305
26306
26308
26310
26311
26314
26323
26331
26333
26334
26338
26344
26346
26347
26348
26349
26357
26358
26362
26368
26370
26372
26380
26384
26390
26392
26393
26394
26397
26398
26400
26402
26404
26405
26408
26409
26420
26421
26422
26427
26428
26432
26433
26436
26439
26442
26448
26450
26458
26460
26462
26468
26477
26478
26479
26483
26490
26492
26494
26495
26496
26498
26501
26503
26504
26506
26508
26509
26512
26514
26515
26516
26517
26518
26519
26520
26525
26526
26527
26529
26530
26536
26538
26539
26547
26548
26549
26550
26551
26558
26560
26562
26564
26567
26569
26571
26578
26585
26588
26589
26609
26613
26622
26626
26631
26642
26650
26658
26663
26677
26678
26685
26690
26713
26717
26736
26749
26751
26754
26755
26762
26765
26771
26773
26782
26798
26800
26802
26803
26810
26813
26821
26823
26824
26826
26827
26831
26837
26844
26845
26847
26849
26850
26852
26854
26857
26863
26865
26866
26867
26872
26873
26874
26876
26878
26879
26888
26897
26900
26902
26904
26907
26908
26912
26915
26917
26919
26925
26926
26929
26939
26943
26944
26945
26947
26948
26949
26950
26952
26954
26958
26959
26961
26964
26968
26970
26971
26975
26977
26979
26981
26982
26984
26988
26993
26997
26999
27001
27003
27004
27005
27011
27014
27018
27022
27024
27025
27028
27030
27035
27037
27038
27039
27041
27044
27045
27047
27049
27052
27053
27054
27056
27058
27060
27061
27064
27068
27072
27076
27081
27086
27089
27092
27096
27103
27105
27109
27110
27112
27115
27119
27121
27125
27132
27134
27137
27138
27139
27140
27146
27153
27155
27159
27165
27166
27169
27174
27177
27178
27181
27182
27184
27186
27190
27199
27201
27202
27213
27215
27216
27217
27218
27219
27221
27231
27232
27233
27236
27239
27240
27242
27244
27254
27257
27260
27262
27263
27265
27269
27289
27292
27295
27300
27305
27311
27316
27325
27331
27336
27338
27359
27361
27373
27378
27383
27386
27398
27400
27408
27409
27418
27439
27444
27446
27457
27461
27490
27491
27494
27500
27501
27505
27515
27516
27518
27522
27523
27525
27532
27548
27554
27559
27560
27562
27563
27564
27568
27573
27592
27594
27597
27603
27604
27607
27608
27625
27632
27643
27647
27653
27662
27677
27683
27708
27714
27723
27724
27747
27753
27775
27779
27800
27812
27826
27827
27851
27859
27867
27889
27901
27902
27913
27918
27930
27964
27983
28006
28011
28013
28020
28023
28039
28044
28063
28077
28088
28108
28114
28118
28119
28123
28132
28140
28142
28157
28165
28181
28188
28190
28201
28206
28207
28210
28223
28235
28244
28245
28251
28270
28274
28285
28291
28301
28306
28307
28312
28314
28323
28326
28327
28329
28330
28340
28342
28348
28354
28360
28361
28363
28366
28367
28378
28384
28385
28391
28395
28396
28398
28399
28405
28406
28413
28415
28418
28419
28420
28425
28434
28442
28443
28448
28463
28464
28474
28478
28492
28495
28503
28521
28536
28537
28545
28567
28597
28598
28609
28623
28633
28671
28678
28686
28736
28826
28837
28844
28858
28865
28871
28881
28891
28909
28918
28928
28929
28934
28942
28950
28957
28958
28960
28961
28969
28987
28997
29006
29009
29012
29013
29040
29045
29047
29053
29055
29057
29059
29063
29066
29067
29069
29073
29075
29078
29079
29081
29082
29084
29089
29091
29095
29100
29101
29109
29115
29124
29127
29128
29132
29148
29151
29179
29187
29193
29201
29205
29215
29222
29223
29249
29250
29268
29273
29274
29276
29286
29316
29320
29322
29330
29361
29366
29373
29411
29424
29454
29464
29478
29485
29536
29562
29564
29590
29625
29636
29651
29688
29692
29695
29703
29752
29771
29785
29812
29820
29827
29863
29864
29907
29908
29921
29934
29955
29965
29980
29994
29998
30007
30013
30025
30028
30045
30055
30095
30169
30252
30253
30297
30324
30336
30359
30397
30405
30426
30469
30478
30479
30480
30485
30489
30499
30528
30536
30548
30557
30559
30565
30586
30605
30615
30631
30654
30655
30670
30675
30700
30701
30731
30795
30804
30805
30819
30820
30839
30846
30851
30870
30888
30898
30910
30912
30921
30923
30926
30945
30947
30970
30971
30973
30983
30995
31005
31008
31013
31014
31022
31041
31048
31052
31053
31065
31079
31085
31094
31096
31109
31114
31115
31127
31133
31140
31142
31148
31162
31168
31174
31178
31183
31186
31190
31197
31201
31213
31227
31228
31237
31243
31244
31254
31257
31269
31276
31278
31289
31297
31310
31312
31324
31331
31344
31345
31348
31355
31363
31385
31386
31387
31390
31391
31393
31395
31397
31411
31415
31416
31417
31421
31440
31443
31448
31449
31454
31458
31461
31462
31478
31482
31493
31498
31506
31509
31512
31518
31519
31532
31536
31541
31544
31546
31553
31557
31561
31563
31564
31566
31573
31576
31581
31591
31597
31606
31616
31623
31625
31626
31630
31641
31646
31653
31665
31671
31676
31681
31683
31691
31702
31705
31712
31716
31720
31724
31745
31746
31782
31789
31794
31820
31822
31835
31836
31841
31851
31862
31865
31876
31883
31892
31912
31923
31926
31934
31935
31956
31960
31967
31986
32006
32028
32034
32046
32047
32051
32058
32072
32086
32098
32115
32118
32121
32123
32129
32155
32157
32167
32169
32177
32250
32257
32267
32285
32291
32292
32303
32340
32353
32358
32470
32481
32483
32488
32504
32526
32546
32613
32615
32674
32701
32713
32721
32732
32751
32772
32801
32813
32831
32872
32913
32918
32919
32927
32942
32955
33000
33026
33078
33096
33108
33168
33186
33197
33216
33233
33271
33292
33298
33345
33357
33364
33373
33381
33403
33411
33420
33423
33436
33444
33460
33476
33481
33482
33489
33507
33526
33539
33569
33574
33582
33587
33588
33589
33597
33604
33611
33615
33625
33627
33628
33629
33631
33633
33639
33642
33643
33655
33658
33661
33663
33673
33696
33703
33709
33718
33722
33725
33735
33737
33740
33743
33745
33752
33755
33759
33766
33767
33768
33772
33776
33782
33785
33787
33789
33790
33791
33792
33797
33826
33831
33832
33834
33841
33846
33847
33851
33852
33859
33870
33877
33880
33889
33902
33921
33929
33935
33947
33950
33957
33961
33962
33964
33968
33971
33973
33979
33984
33996
33997
33999
34005
34017
34031
34032
34034
34036
34044
34046
34048
34050
34056
34062
34063
34064
34067
34069
34074
34083
34087
34091
34092
34093
34095
34097
34098
34100
34111
34113
34127
34132
34133
34134
34142
34147
34148
34153
34162
34163
34167
34175
34177
34184
34185
34193
34197
34202
34204
34206
34213
34220
34228
34232
34236
34241
34242
34243
34249
34250
34254
34255
34259
34264
34265
34268
34272
34274
34278
34285
34293
34298
34304
34306
34308
34314
34316
34319
34322
34329
34332
34333
34335
34341
34346
34352
34355
34357
34361
34362
34363
34365
34366
34369
34371
34374
34382
34384
34389
34394
34412
34413
34416
34422
34426
34427
34432
34436
34440
34441
34444
34447
34455
34461
34462
34464
34467
34469
34471
34472
34481
34490
34496
34497
34506
34514
34518
34523
34527
34535
34537
34538
34540
34541
34576
34579
34582
34595
34597
34598
34600
34601
34605
34606
34613
34619
34626
34629
34633
34634
34641
34651
34657
34667
34683
34685
34709
34713
34717
34720
34722
34729
34730
34743
34748
34757
34764
34765
34766
34769
34781
34783
34793
34794
34798
34801
34802
34803
34825
34828
34840
34846
34849
34854
34855
34862
34875
34878
34898
34899
34908
34910
34911
34912
34913
34917
34919
34920
34925
34929
34931
34932
34933
34936
34937
34940
34942
34945
34952
34954
34955
34963
34967
34968
34970
34972
34973
34982
34986
34990
34992
34994
35003
35009
35013
35019
35020
35026
35027
35028
35031
35032
35033
35034
35038
35040
35044
35047
35056
35059
35060
35065
35070
35082
35085
35096
35107
35112
35126
35129
35138
35140
35146
35147
35148
35149
35159
35170
35177
35180
35201
35220
35222
35225
35243
35247
35248
35250
35254
35258
35259
35260
35261
35272
35275
35282
35284
35285
35299
35300
35309
35312
35319
35321
35347
35360
35375
35376
35379
35381
35390
35401
35407
35408
35410
35418
35425
35441
35454
35461
35468
35496
35502
35507
35513
35520
35521
35539
35540
35545
35553
35554
35555
35561
35565
35576
35580
35586
35590
35592
35596
35606
35610
35623
35641
35645
35657
35675
35686
35688
35692
35694
35704
35706
35707
35734
35760
35769
35770
35804
35817
35824
35832
35846
35849
35853
35869
35870
35873
35882
35885
35887
35889
35892
35893
35897
35899
35900
35904
35913
35918
35920
35923
35927
35935
35937
35940
35941
35942
35946
35949
35952
35957
35974
35976
35978
35985
36000
36009
36012
36017
36025
36037
36039
36050
36055
36067
36069
36097
36108
36110
36111
36123
36126
36134
36153
36172
36176
36201
36205
36210
36213
36234
36239
36257
36265
36277
36280
36286
36299
36300
36307
36310
36312
36319
36329
36331
36347
36351
36362
36380
36388
36392
36420
36425
36443
36445
36452
36455
36456
36470
36472
36479
36485
36492
36498
36505
36523
36530
36533
36534
36536
36538
36541
36549
36558
36565
36569
36570
36580
36581
36583
36593
36600
36604
36606
36609
36614
36622
36628
36629
36631
36636
36640
36644
36650
36654
36663
36664
36665
36669
36672
36678
36682
36688
36693
36695
36700
36704
36705
36710
36712
36719
36722
36723
36725
36728
36730
36731
36733
36735
36736
36737
36744
36750
36753
36754
36756
36762
36764
36771
36777
36779
36781
36785
36789
36791
36793
36794
36795
36796
36799
36804
36806
36812
36819
36825
36828
36829
36830
36831
36836
36839
36840
36845
36848
36849
36851
36852
36855
36858
36861
36872
36877
36883
36908
36911
36914
36920
36922
36924
36928
36930
36941
36946
36947
36953
36957
36958
36959
36964
36966
36968
36970
36974
36980
36981
36984
36985
36988
37004
37028
37044
37048
37062
37066
37070
37080
37083
37098
37104
37109
37116
37126
37137
37139
37141
37158
37162
37164
37170
37179
37182
37191
37203
37220
37230
37231
37234
37236
37237
37239
37245
37246
37249
37253
37257
37265
37266
37267
37270
37276
37279
37280
37281
37283
37291
37292
37294
37303
37304
37305
37306
37307
37308
37315
37316
37317
37321
37325
37326
37331
37335
37337
37340
37347
37350
37353
37354
37357
37372
37373
37374
37375
37376
37381
37386
37388
37391
37395
37397
37399
37400
37402
37403
37413
37414
37415
37418
37436
37461
37469
37478
37522
37523
37567
37575
37614
37674
37707
37733
37736
37762
37785
37793
37825
37826
37835
37850
37874
37893
37896
37902
37906
37907
37913
37919
37936
37953
37959
37960
37968
37974
37978
37991
38002
38003
38023
38034
38035
38039
38041
38044
38055
38067
38071
38074
38076
38077
38103
38112
38137
38145
38150
38156
38158
38171
38174
38177
38188
38193
38199
38201
38224
38225
38232
38258
38267
38300
38309
38319
38320
38331
38336
38339
38342
38345
38351
38354
38361
38366
38373
38388
38391
38393
38397
38401
38420
38429
38442
38452
38457
38458
38477
38499
38504
38509
38513
38522
38549
38553
38555
38561
38572
38576
38577
38588
38589
38600
38602
38610
38617
38639
38640
38655
38656
38657
38658
38667
38668
38672
38676
38677
38686
38689
38690
38695
38697
38718
38721
38727
38749
38750
38756
38760
38764
38780
38785
38788
38793
38808
38810
38816
38831
38837
38838
38839
38850
38854
38856
38872
38874
38884
38896
38903
38908
38910
38911
38920
38924
38935
38939
38964
38972
38988
39003
39033
39053
39067
39074
39084
39087
39099
39106
39118
39149
39165
39176
39181
39185
39202
39223
39225
39237
39245
39265
39271
39328
39360
39394
39418
39427
39429
39434
39435
39436
39443
39447
39448
39450
39465
39466
39469
39479
39480
39488
39495
39500
39503
39504
39506
39508
39518
39529
39557
39573
39595
39609
39616
39665
39666
39680
39703
39714
39717
39727
39730
39753
39763
39771
39780
39792
39795
39796
39799
39802
39804
39812
39819
39820
39829
39836
39842
39844
39849
39863
39866
39877
39935
39959
39972
39979
39983
39995
40000
40006
40027
40034
40041
40047
40109
40113
40117
40121
40126
40127
40130
40142
40143
40144
40145
40159
40171
40172
40196
40197
40199
40203
40205
40246
40275
40288
40307
40311
40314
40315
40318
40319
40364
40374
40384
40399
40408
40409
40423
40434
40441
40460
40476
40481
40483
40484
40487
40495
40502
40514
40518
40526
40529
40557
40575
40578
40583
40586
40593
40598
40604
40605
40607
40613
40617
40641
40686
40703
40715
40719
40721
40728
40756
40758
40760
40766
40781
40789
40801
40823
40846
41093
41101
41109
41138
41148
41149
41166
41192
41209
41226
41242
41263
41266
41268
41279
41291
41294
41351
41359
41364
41375
41384
41409
41435
41460
41490
41526
41563
41609
41625
41662
42304
42318
42323
42377
42393
42395
42414
42428
42430
42442
42444
42463
42466
42468
42477
42494
42495
42503
42508
42535
42541
42548
42550
42576
42591
42592
42627
42630
42636
42641
42666
42681
42695
42708
42712
42724
42734
42740
42748
42754
42763
42766
42795
42807
42812
42813
42831
42869
42887
42901
42908
42912
42931
42961
42984
42988
42993
43024
43029
43079
43083
43086
43092
43099
43102
43121
43135
43138
43147
43151
43154
43168
43195
43214
43216
43226
43237
43239
43301
43312
43316
43323
43336
43347
43352
43357
43358
43372
43378
43380
43382
43383
43386
43395
43409
43414
43460
43473
43501
43508
43533
43553
43563
43573
43585
43602
43606
43612
43622
43634
43667
43684
43712
43722
43739
43757
43767
43787
43808
43829
43847
43851
43865
43890
43895
43925
43951
43958
43966
44006
44011
44050
44054
44072
44075
44083
44092
44116
44128
44141
44148
44178
44206
44234
44869
44969
46354
46357
46370
46372
46374
46390
46457
46461
46467
46470
46472
46500
46508
46509
46518
46523
46527
46532
46533
46571
46576
46584
46585
46590
46598
46603
46615
46619
46635
46645
46674
46693
46758
46815
46843
46865
46868
46883
46889
46896
46902
46912
46920
46931
46935
46942
46945
46962
46964
46980
46989
46997
46998
47007
47011
47013
47022
47025
47033
47037
47050
47060
47061
47063
47068
47075
47088
47095
47096
47100
47104
47108
47110
47113
47126
47143
47150
47152
47154
47159
47163
47169
47172
47173
47174
47183
47185
47196
47197
47199
47210
47212
47220
47239
47240
47268
47283
47289
47292
47296
47299
47304
47315
47318
47320
47321
47334
47337
47339
47341
47352
47360
47367
47368
47373
47374
47376
47379
47383
47385
47388
47389
47393
47397
47404
47405
47407
47408
47409
47410
47415
47416
47426
47428
47433
47434
47435
47436
47437
47439
47440
47443
47444
47446
47452
47454
47458
47463
47468
47470
47472
47475
47480
47482
47487
47488
47490
47492
47497
47504
47514
47525
47530
47531
47533
47559
47569
47571
47575
47593
47595
47608
47609
47614
47642
47660
47662
47678
47689
47691
47694
47700
47705
47709
47712
47713
47716
47721
47725
47730
47731
47732
47736
47742
47745
47749
47762
47770
47771
47777
47781
47783
47787
47796
47819
47820
47829
47841
47844
47845
47859
47862
47880
47881
47888
47891
47898
47900
47904
47914
47925
47926
47936
47939
47973
47974
47975
47982
47983
47990
47996
48002
48014
48020
48040
48041
48049
48069
48076
48077
48087
48108
48116
48133
48184
48209
48230
48294
48315
48495
48618
48622
48638
48644
48650
48656
48657
48664
48682
48703
48710
48819
48820
48834
48848
48861
48872
48894
48899
48919
48924
48942
48943
48953
48960
48982
49002
49071
49092
49096
49128
49196
49221
49246
49282
49288
49294
49303
49307
49313
49319
49324
49330
49334
49341
49345
49353
49355
49360
49379
49402
49409
49412
49421
49429
49430
49434
49446
49454
49457
49466
49467
49481
49541
49553
49587
49592
49604
49616
49622
49640
49651
49674
49680
49686
49698
49701
49706
49709
49715
49721
49725
49734
49739
49762
49772
49790
49795
49799
49801
49802
49805
49810
49822
49834
49836
49839
49853
49856
49857
49862
49866
49871
49876
49877
49883
49906
49917
49928
49938
49946
49953
49962
49968
49972
49981
50056
50069
50097
50113
50126
50156
50168
50179
50191
50217
50224
50242
50256
50294
50298
50304
50309
50318
50340
50386
50391
50402
50417
50432
50437
50442
50451
50465
50466
50469
50480
50482
50484
50512
50531
50538
50539
50547
50549
50550
50552
50558
50566
50584
50592
50600
50603
50606
50608
50614
50616
50624
50635
50645
50647
50681
50699
50703
50730
50754
50758
50770
50794
50804
50807
50816
50825
50832
50846
50860
50864
50891
50902
50916
50917
50939
50940
50953
50964
50967
50977
50990
50992
51003
51008
51011
51020
51025
51029
51030
51036
51041
51052
51053
51059
51061
51066
51069
51071
51072
51073
51090
51112
51126
51133
51141
51146
51159
51162
51167
51175
51185
51195
51202
51208
51235
51242
51250
51251
51258
51263
51279
51286
51297
51307
51309
51320
51331
51335
51338
51343
51346
51348
51363
51371
51372
51375
51379
51386
51389
51392
51394
51403
51438
51448
51450
51462
51466
51467
51475
51483
51486
51496
51498
51501
51515
51519
51522
51534
51540
51549
51557
51571
51581
51586
51588
51591
51595
51599
51612
51617
51619
51625
51630
51632
51640
51653
51661
51687
51695
51709
51712
51737
51764
51775
51802
51818
51820
51821
51842
51860
51866
51880
51906
51907
51918
51948
51950
51964
51968
51974
51991
52008
52019
52024
52030
52035
52043
52061
52076
52087
52093
52103
52104
52115
52126
52141
52152
52161
52175
52179
52183
52189
52203
52212
52217
52224
52229
52232
52235
52239
52281
52286
52301
52308
52314
52315
52319
52323
52330
52332
52355
52359
52375
52382
52386
52400
52409
52411
52428
52433
52453
52456
52466
52476
52530
52548
52599
52638
52680
52689
52692
52718
52747
52781
52783
52786
52791
52798
52802
52805
52821
52829
52836
52867
52885
52893
52909
52915
52922
52926
52930
52934
52948
52951
52955
52973
52978
52989
53077
53167
53179
53204
53205
53217
53287
53309
53344
53356
53361
53371
53458
53489
53494
53504
53714
53751
53762
53782
53786
53789
53901
53910
53920
53945
53975
54006
54014
54022
54034
54045
54056
54077
54100
54104
54112
54134
54142
54171
54190
54204
54217
54228
54234
54239
54261
54269
54274
54311
54317
54322
54377
54383
54393
54411
54449
54455
54461
54473
54481
54499
54523
54629
54642
54659
54677
54687
54694
54711
54874
54893
54942
54971
55038
55060
55083
55107
56271
56292
56317
56339
56349
56369
56377
56387
56412
56426
56453
56462
56478
56483
56488
56518
56523
56585
56594
56654
56663
56668
56678
56686
56689
56710
56726
56753
56781
56793
56807
56812
56814
56819
56835
56843
56863
56881
56906
56909
56912
56919
56925
56928
56948
56972
56978
56984
56991
56996
57035
57054
57055
57092
57099
57130
57145
57264
57289
57296
57308
57377
57403
57409
57433
57442
57533
57591
57594
57602
57616
57623
57644
57696
57726
57738
57764
57805
57820
57823
57867
57889
57915
57925
57958
57966
57969
57992
58049
58053
58063
58103
58106
58108
58115
58155
58169
58171
58182
58218
58247
58261
58302
58342
58360
58465
58472
58487
58513
58519
58524
58578
58593
58617
58732
58761
58775
58833
58840
58860
58888
58922
58963
59196
59227
59232
59236
59243
59248
59290
59300
59360
59367
59380
59389
59397
59409
59413
59419
59421
59422
59424
59431
59451
59455
59479
59483
59500
59521
59531
59536
59542
59579
59602
59627
59645
59692
59719
59726
59747
59752
59756
59760
59767
59779
59788
59800
59805
59807
59809
59866
59883
59944
60000
60014
60024
60069
60110
60113
60165
60186
60190
60204
60241
60279
60284
60357
60451
60454
60457
60483
60498
60554
60586
60608
60624
60667
60685
60742
60776
60806
60865
60885
60894
60905
60926
60969
60996
61023
61045
61075
61101
61120
61126
61136
61166
61188
61198
61618
61626
61697
61710
61740
61762
62935
62951
62992
63006
63056
63087
63105
63122
63129
63144
63224
63286
63314
63347
63403
63410
63411
63444
63457
63462
63473
63477
63503
63504
63512
63521
63527
63535
63537
63544
63545
63557
63562
63573
63582
63584
63589
63599
63602
63609
63621
63630
63639
63649
63655
63661
63664
63665
63668
63671
63675
63679
63686
63689
63696
63698
63699
63701
63707
63711
63715
63716
63717
63719
63725
63732
63734
63741
63757
63772
63774
63781
63783
63791
63799
63800
63803
63817
63821
63827
63830
63835
63839
63841
63844
63853
63858
63859
63876
63877
63880
63900
63911
63916
63920
63927
63948
63950
63954
63961
63962
63966
63988
64000
64004
64006
64007
64008
64024
64032
64034
64052
64095
64106
64111
64133
64153
64172
64174
64180
64190
64191
64198
64225
64231
64236
64242
64243
64248
64250
64259
64260
64266
64270
64273
64284
64289
64303
64309
64312
64314
64330
64332
64334
64341
64356
64357
64359
64365
64377
64383
64394
64400
64404
64414
64422
64431
64439
64444
64445
64448
64451
64454
64455
64459
64464
64476
64480
64488
64495
64502
64507
64514
64516
64519
64530
64531
64534
64539
64545
64546
64552
64553
64554
64558
64559
64564
64569
64577
64581
64583
64597
64610
64624
64628
64631
64649
64654
64660
64664
64668
64669
64675
64679
64681
64683
64685
64688
64696
64707
64713
64728
64733
64739
64749
64751
64761
64765
64791
64795
64797
64798
64799
64803
64810
64812
64815
64831
64832
64836
64844
64847
64866
64867
64873
64884
64905
64908
64921
64922
64927
64933
64937
64948
64963
64978
64981
64983
65028
65050
65056
65077
65098
65104
65111
65161
65162
65206
65219
65221
65222
65234
65241
65251
65254
65259
65260
65286
65311
65312
65317
65319
65329
65345
65367
65369
65372
65378
65390
65396
65409
65418
65421
65423
65431
65442
65447
65460
65481
65491
65502
65506
65540
65550
65562
65572
65581
65584
65601
65611
65630
65668
65681
65706
65715
65728
65734
65743
65746
65751
65757
65767
65795
65815
65836
65841
65847
65852
65861
65872
65888
65901
65902
65903
65905
65913
65921
65924
65929
65946
65947
65952
65953
65954
65955
65966
65968
65969
65971
65972
65974
65981
65984
66000
66013
66014
66016
66022
66038
66043
66063
66085
66089
66090
66119
66163
66180
66187
66190
66202
66225
66240
66249
66259
66273
66290
66299
66307
66318
66324
66408
66540
66617
66621
66646
66668
66679
66697
66727
66738
66758
66766
66777
66809
66815
66820
66835
66845
66849
66868
66878
66880
66932
66940
66956
66966
66979
66995
67050
67057
67125
67175
67193
67242
67247
67267
67279
67285
67319
67348
67349
67361
67380
67396
67417
67425
67467
67471
67516
67621
67648
67669
67765
68040
68448
68457
68460
68489
68493
68527
68563
68566
68567
68595
68598
68671
68688
68709
68711
68721
68723
68751
68768
68769
68788
68794
68797
68815
68817
68827
68830
68850
68859
68872
68873
68885
68902
68919
68931
68937
68946
68974
68979
69003
69007
69072
69085
69101
69107
69108
69125
69142
69161
69175
69181
69191
69193
69223
69232
69235
69250
69254
69264
69281
69295
69313
69319
69333
69339
69340
69343
69344
69348
69350
69351
69360
69362
69366
69368
69371
69375
69376
69377
69379
69383
69386
69389
69390
69392
69394
69395
69402
69403
69416
69425
69431
69432
69435
69436
69458
69462
69470
69483
69484
69487
69491
69494
69496
69499
69502
69504
69505
69512
69523
69530
69535
69551
69562
69572
69581
69588
69596
69599
69601
69612
69625
69645
69669
69673
69675
69676
69684
69687
69688
69703
69724
69749
69769
69783
69788
69817
69822
69825
69838
69848
69860
69880
69887
69894
69903
69926
69941
69943
69950
69964
69971
69993
70006
70007
70012
70124
70135
70164
70187
70241
70277
70295
70342
70397
70421
70432
70435
70451
70466
70482
70487
70493
70548
70558
70570
70613
70640
70689
70706
70723
70746
70755
70783
70810
70816
70825
70828
70847
70849
70857
70864
70870
70879
70896
70967
70983
71026
71032
71037
71046
71053
71065
71088
71097
71098
71122
71136
71171
71203
71223
71232
71240
71265
71277
71327
71331
71345
71382
71413
71419
71454
71455
71473
71528
71565
71573
71578
71598
71624
71641
71653
71656
71666
71673
71678
71686
71709
71710
71715
71716
71728
71734
71751
71758
71773
71775
71786
71797
71800
71811
71813
71818
71823
71883
71932
71943
71946
71949
71976
71979
71989
72014
72032
72064
72079
72086
72090
72107
72111
72112
72118
72161
72162
72166
72180
72182
72197
72203
72216
72220
72225
72226
72232
72257
72262
72263
72266
72273
72279
72287
72288
72296
72303
72308
72320
72323
72333
72334
72346
72364
72367
72368
72376
72382
72417
72432
72449
72461
72471
72474
72477
72483
72486
72493
72511
72528
72530
72538
72548
72553
72558
72559
72565
72571
72572
72576
72584
72588
72600
72602
72604
72620
72646
72648
72652
72660
72665
72674
72675
72682
72687
72703
72723
72738
72742
72749
72751
72772
72775
72782
72789
72808
72811
72822
72825
72840
72855
72864
72887
72919
72939
72949
72957
72965
72998
73001
73008
73012
73029
73036
73039
73040
73042
73047
73050
73056
73065
73070
73087
73091
73107
73112
73127
73149
73153
73158
73170
73206
73208
73225
73229
73238
73252
73264
73267
73285
73288
73292
73305
73318
73326
73342
73348
73358
73369
73394
73397
73405
73409
73410
73412
73413
73416
73446
73449
73457
73458
73466
73467
73480
73481
73485
73490
73497
73501
73502
73506
73508
73510
73527
73528
73534
73542
73545
73548
73554
73559
73563
73568
73638
73660
73724
73736
73804
73813
73815
73841
73852
73921
73949
73951
73975
74027
74038
74053
74119
74132
74135
74149
74158
74201
74225
74253
74279
74341
74375
74385
74394
74403
74414
74429
74436
74486
74511
74566
74603
74648
74672
74688
74715
74772
74808
74827
74853
74861
74874
74897
75662
75671
75672
75676
75678
75681
75703
75710
75743
75767
75777
75783
75785
75824
75826
75840
75879
75901
75903
75917
75929
75936
75950
75961
75968
75971
75972
75979
75983
75987
75994
76015
76024
76032
76040
76042
76047
76051
76059
76069
76073
76081
76084
76091
76105
76125
76128
76130
76132
76152
76153
76173
76175
76179
76183
76188
76197
76204
76211
76216
76230
76237
76248
76266
76275
76280
76286
76307
76311
76320
76354
76411
76426
76433
76446
76522
76558
76584
76615
76632
76655
76674
76704
76714
76720
76729
76734
76760
76791
76801
76811
76822
76841
76848
76852
76867
76870
76887
76907
76922
76933
76948
76966
76967
76975
76980
77006
77013
77040
77057
77063
77070
77071
77088
77102
77105
77128
77131
77137
77148
77154
77159
77160
77166
77171
77203
77227
77261
77263
77283
77284
77294
77333
77341
77368
77379
77430
77431
77439
77451
77458
77466
77480
77487
77493
77506
77511
77517
77549
77552
77562
77573
77583
77586
77590
77605
77606
77617
77620
77622
77650
77677
77690
77692
77698
77720
77726
77736
77737
77738
77741
77742
77752
77754
77759
77763
77764
77765
77767
77768
77769
77776
77778
77790
77795
77799
77805
77808
77812
77817
77819
77824
77826
77830
77831
77838
77839
77844
77850
77863
77868
77870
77876
77881
77886
77888
77890
77891
77897
77908
77910
77936
77939
77969
78004
78009
78020
78025
78030
78044
78084
78085
78097
78098
78108
78112
78115
78125
78140
78154
78165
78166
78170
78175
78180
78185
78189
78191
78207
78223
78224
78230
78231
78247
78295
78299
78306
78325
78329
78338
78355
78356
78365
78379
78393
78416
78435
78438
78448
78482
78485
78491
78497
78499
78500
78510
78514
78516
78529
78536
78539
78553
78576
78594
78600
78620
78657
78667
78681
78699
78708
78715
78721
78724
78736
78753
78764
78787
78817
78831
78835
78836
78841
78848
78872
78876
78882
78889
78896
78908
78921
78925
78931
78936
78940
78949
78953
78956
78957
78962
78966
78970
78974
78980
78991
79013
79017
79024
79027
79032
79052
79053
79062
79068
79074
79085
79086
79095
79096
79122
79129
79131
79134
79156
79161
79162
79201
79202
79227
79233
79235
79276
79284
79297
79349
79365
79368
79394
79419
79429
79440
79443
79446
79451
79471
79501
79504
79521
79525
79555
79565
79578
79587
79600
79611
79615
79617
79666
79669
79675
79691
79716
79720
79750
79786
79854
79872
79917
79962
79971
79976
79979
80006
80011
80032
80046
80054
80079
80104
80108
80112
80115
80132
80139
80149
80155
80167
80168
80196
80201
80291
80303
80313
80355
80376
80412
80440
80446
80469
80490
80495
80507
80514
80539
80563
80583
80589
80612
80641
80662
80671
80733
80735
80746
80765
80826
80832
80844
80860
80866
80880
80897
80918
80926
80931
80933
80935
80943
80946
80947
80952
80954
80964
80983
80986
80989
80992
80993
80998
81013
81017
81040
81041
81044
81060
81061
81066
81071
81089
81090
81096
81114
81118
81172
81224
81250
81251
81285
81297
81301
81314
81329
81348
81351
81372
81394
81428
81435
81445
81453
81464
81481
81518
81526
81532
81552
81560
81565
81567
81575
81581
81593
81615
81624
81627
81630
81637
81652
81664
81691
81712
81729
81732
81737
81763
81781
81784
81788
81796
81799
81802
81803
81807
81813
81816
81819
81823
81829
81837
81846
81856
81859
81863
81875
81885
81888
81897
81906
81921
81924
81937
81943
81952
81956
81961
81973
81983
82003
82020
82025
82033
82043
82061
82078
82087
82131
82137
82147
82148
82161
82181
82192
82201
82204
82207
82220
82231
82261
82273
82277
82293
82302
82312
82318
82321
82323
82334
82337
82347
82359
82363
82374
82383
82387
82410
82417
82418
82426
82433
82439
82443
82447
82466
82472
82473
82493
82507
82509
82526
82574
82576
82592
82595
82613
82636
82645
82650
82653
82679
82682
82690
82695
82698
82703
82709
82742
82753
82765
82782
82797
82804
84856
84900
84907
84959
84996
85036
85064
85088
85090
85092
85127
85142
85144
85152
85154
85203
85225
85243
85247
85256
85309
85312
85348
85375
85386
88972
88985
89013
89029
89030
89060
89069
89080
89095
89111
89169
89176
89207
89224
89237
89259
89269
89294
89330
89333
89339
89362
89379
89395
89418
89434
89442
89480
89492
89529
89542
89555
89567
89571
89586
89611
89665
89672
89683
89717
89725
89732
89761
89774
89810
89825
89840
89845
89855
89881
89885
89887
89908
89934
89936
89940
89945
89967
89973
89974
89975
89987
90003
90009
90026
90027
90031
90070
90078
90081
90092
90093
90099
90105
90107
90114
90118
90119
90124
90126
90128
90129
90130
90131
90134
90148
90152
90155
90159
90161
90164
90172
90214
90247
90261
90281
90287
90343
90367
90374
90377
90452
90471
90489
90509
90527
90585
90610
90618
90640
90647
90651
90653
90659
90666
90671
90672
90675
90676
90677
90683
90684
90689
90696
90706
90709
90736
90744
90745
90748
90753
90760
90767
90782
90794
90810
90862
90866
90925
90939
90945
90958
90998
91024
91063
91068
91105
91115
91129
91151
91165
91200
91214
91283
91315
91348
91356
91369
91407
91478
91515
91521
91528
91533
91536
91546
91562
91578
91606
91609
91625
91640
91641
91648
91650
91668
91692
91716
91728
91729
91749
91750
91779
91780
91799
91840
91847
91853
91862
91879
91887
91897
91915
91928
91931
91940
91943
91967
91980
91987
91994
92001
92002
92006
92011
92026
92044
92054
92056
92082
92088
92096
92110
92129
92138
92143
92156
92161
92169
92175
92178
92183
92194
92204
92205
92214
92230
92241
92242
92247
92253
92260
92266
92278
92281
92282
92283
92285
92291
92293
92295
92299
92308
92320
92328
92331
92339
92342
92354
92356
92367
92371
92383
92386
92391
92397
92404
92406
92409
92411
92418
92424
92426
92428
92463
92495
92506
92516
92534
92541
92549
92558
92567
92580
92581
92592
92597
92599
92602
92614
92615
92616
92625
92635
92636
92688
92695
92700
92706
92714
92721
92739
92770
92775
92780
92796
92801
92814
92822
92827
92844
92848
92851
92854
92861
92871
92874
92875
92876
92879
92881
92889
92891
92892
92898
92908
92914
92916
92919
92922
92937
92949
92958
92961
92964
92974
92979
92988
92992
92997
93000
93015
93018
93038
93047
93048
93058
93060
93061
93075
93077
93081
93082
93090
93096
93098
93099
93103
93104
93123
93124
93129
93131
93133
93143
93154
93169
93188
93196
93201
93217
93231
93256
93295
93301
93320
93329
93335
93344
93350
93358
93365
93368
93371
93372
93374
93382
93383
93384
93390
93404
93408
93415
93417
93421
93424
93430
93448
93452
93454
93461
93468
93473
93486
93500
93506
93514
93529
93540
93550
93553
93561
93596
93604
93650
93657
93658
93665
93668
93673
93675
93680
93713
93714
93723
93731
93738
93740
93748
93769
93772
93801
93809
93818
93826
93833
93837
93852
93862
93869
93918
93938
93942
93958
93966
93968
93970
93973
93974
93978
93982
93985
93986
93992
93994
93998
94018
94052
94060
94073
94084
94089
94092
94095
94104
94111
94120
94124
94140
94194
94195
94196
94220
94234
94249
94251
94252
94264
94266
94275
94286
94288
94291
94301
94362
94375
94387
94394
94398
94402
94407
94408
94418
94422
94444
94464
94475
94486
94494
94499
94524
94525
94529
94600
94604
94639
94641
94642
94653
94659
94671
94713
94716
94718
94724
94749
94757
94773
94779
94803
94825
94833
94890
94923
94945
94951
94956
94982
95010
95036
95066
95068
95119
95137
95146
95152
95160
95168
95181
95189
95200
95283
95295
95311
95324
95338
95343
95371
95377
95380
95391
95441
95446
95499
95553
95564
95570
95581
95591
95602
95605
95625
95627
95629
95636
95638
95662
95678
95685
95687
95693
95710
95712
95721
95730
95737
95741
95759
95766
95770
95780
95795
95808
95815
95818
95828
95829
95831
95845
95847
95850
95860
95867
95873
95876
95889
95890
95891
95898
95900
95906
95907
95908
95912
95917
95923
95928
95929
95931
95932
95934
95944
95956
95965
95966
95984
95988
95990
95995
95997
96014
96019
96023
96026
96034
96043
96047
96055
96056
96063
96064
96071
96073
96076
96083
96090
96095
96105
96112
96114
96115
96137
96153
96158
96161
96162
96180
96197
96200
96208
96215
96222
96234
96241
96248
96249
96255
96268
96274
96276
96287
96289
96304
96326
96331
96341
96350
96357
96359
96363
96368
96383
96390
96395
96397
96406
96413
96417
96430
96431
96433
96447
96456
96457
96458
96460
96476
96478
96480
96481
96485
96501
96513
96515
96516
96522
96525
96535
96553
96557
96562
96579
96584
96593
96596
96605
96610
96625
96669
96682
96697
96706
96713
96720
96732
96745
96756
96760
96767
96769
96783
96787
96795
96824
96829
96855
96906
96919
96934
96937
96954
96960
96985
97009
97046
97057
97138
97150
97154
97166
97176
97189
97192
97218
97228
97238
97247
97254
97265
97277
97283
97301
97304
97308
97317
97326
97327
97337
97341
97343
97354
97355
97364
97366
97373
97381
97384
97388
97389
97392
97396
97398
97400
97402
97414
97417
97418
97421
97423
97424
97431
97436
97438
97445
97452
97474
97479
97493
97496
97504
97526
97556
97563
97568
97569
97570
97573
97581
97584
97586
97589
97591
97593
97603
97608
97609
97615
97636
97643
97648
97654
97665
97675
97687
97698
97700
97703
97709
97710
97726
97728
97733
97745
97750
97764
97775
97778
97787
97797
97799
97803
97804
97806
97815
97819
97827
97834
97835
97836
97839
97840
97859
97862
97863
97870
97872
97875
97884
97886
97891
97893
97901
97909
97913
97945
97954
97960
97967
97988
97998
98007
98009
98024
98031
98065
98082
98084
98092
98095
98103
98108
98119
98134
98165
98181
98188
98191
98201
98210
98237
98259
98261
98271
98308
98315
98325
98334
98341
98343
98378
98398
98404
98414
98428
98434
98442
98455
98480
98559
98577
98604
98643
98670
98696
98724
98762
98779
98799
98815
98833
98837
98865
98896
98929
98946
98959
98967
98982
100327
100345
100392
100419
100446
100462
100529
100548
100598
100610
100613
100627
100648
100656
100685
100741
100778
100786
100863
100884
100918
100958
100982
101031
101043
101046
101057
101092
101096
101102
101103
101113
101123
101127
101135
101139
101161
101177
101195
101198
101212
101223
101245
101258
101308
101317
101348
101356
101366
101371
101375
101381
101392
101409
101427
101440
101443
101446
101451
101469
101489
101531
101536
101557
101580
101584
101635
101640
101650
101671
101680
101695
101729
101816
101855
101897
101915
101942
101979
102006
102044
102060
102074
102085
102105
102116
102147
102163
102178
102187
102224
102259
102295
102313
102331
102339
102365
102375
102413
102416
102471
108389
108426
108450
108464
108481
108504
108537
108577
108605
108652
108706
108727
108744
108759
108774
108779
108802
108812
108833
108853
108857
108867
108883
108901
108959
110595
110622
110646
110650
110668
110670
110675
110677
110719
110727
110731
110744
110750
110764
110767
110788
110799
110800
110801
110840
110864
110868
110872
110873
110892
110898
110913
110917
110922
110950
110963
110982
110985
111003
111009
111057
111073
111074
111079
111095
111101
111104
111115
111123
111141
111149
111152
111192
111200
111214
111217
111225
111233
111235
111244
111246
111263
111276
111280
111292
111299
111300
111322
111327
111359
111364
111381
111399
111403
111407
111414
111418
111427
111460
111463
111474
111475
111490
111494
111502
111510
111516
111544
111547
111556
111557
111587
111600
111636
111652
111670
111675
111685
111686
111693
111714
111719
111723
111736
111750
111770
111773
111778
111794
111798
111813
111854
111860
111861
111870
111881
111885
111893
111905
111919
111929
111933
111945
111948
111953
111956
111960
111975
111980
111991
111994
112001
112026
112031
112052
112076
112088
112090
112094
112100
112126
112127
112130
112134
112137
112138
112143
112146
112148
112159
112164
112171
112173
112175
112177
112184
112188
112211
112213
112236
112243
112247
112249
112253
112259
112273
112279
112287
112290
112297
112302
112303
112307
112315
112326
112328
112334
112343
112356
112359
112395
112420
112421
112422
112441
112443
112460
112466
112467
112475
112483
112485
112512
112535
112547
112559
112569
112577
112580
112582
112583
112585
112610
112614
112619
112624
112627
112628
112636
112637
112647
112662
112663
112668
112670
112673
112674
112677
112679
112700
112702
112734
112756
112762
112774
112793
112844
112852
112861
112864
112867
112870
112871
112885
112889
112891
112906
112909
112925
112926
112929
112935
112957
112959
112968
112971
112973
112978
112979
112997
113006
113009
113012
113016
113018
113027
113028
113029
113032
113038
113043
113045
113047
113054
113055
113063
113070
113072
113103
113104
113107
113109
113114
113117
113120
113121
113128
113132
113133
113138
113139
113142
113152
113163
113166
113181
113184
113192
113206
113210
113220
113225
113264
113276
113286
113315
113317
113318
113320
113338
113345
113378
113385
113416
113420
113441
113451
113453
113456
113467
113474
113489
113499
113508
113517
113519
113522
113526
113555
113584
113586
113591
113602
113636
113654
113657
113664
113667
113671
113683
113688
113690
113692
113703
113733
113757
113765
113778
113785
113790
113806
113810
113823
113828
113832
113834
113838
113839
113842
113852
113858
113876
113880
113883
113887
113888
113892
113896
113913
113915
113925
113926
113927
113932
113938
113945
113958
113964
113973
113974
113978
113981
113982
113986
113990
113994
114001
114003
114017
114020
114021
114028
114033
114034
114042
114043
114049
114051
114054
114056
114062
114063
114068
114069
114074
114079
114081
114083
114085
114089
114090
114091
114096
114100
114105
114112
114120
114123
114135
114139
114140
114146
114148
114152
114153
114158
114160
114166
114170
114173
114174
114176
114178
114184
114203
114211
114222
114223
114229
114235
114244
114251
114256
114262
114268
114281
114282
114292
114296
114297
114300
114306
114350
114408
114414
114420
114422
114425
114428
114429
114439
114447
114557
114641
114657
114697
114755
114769
114773
114774
114825
114867
114872
114901
114903
114905
114910
114923
114961
114967
114971
114974
114978
114980
114988
115001
115010
115014
115028
115036
115040
115046
115051
115052
115084
115089
115108
115114
115126
115128
115133
115141
115147
115155
115172
115176
115177
115195
115202
115213
115214
115226
115241
115243
115246
115257
115270
115276
115287
115294
115311
115331
115350
115363
115375
115377
115384
115393
115410
115422
115438
115443
115448
115457
115471
115484
115495
115501
115505
115513
115520
115524
115531
115532
115537
115542
115554
115556
115571
115572
115573
115586
115588
115594
115602
115618
115627
115630
115656
115667
115670
115671
115679
115685
115687
115698
115706
115773
115801
115817
115853
115856
115890
115921
115934
115937
115950
115987
115998
116008
116023
116037
116067
116082
116207
116249
116265
116320
116338
116348
116379
116404
116419
116429
116435
116446
116461
116497
116520
116533
116542
116545
116554
116557
116567
116578
116582
116589
116597
116601
116602
116607
116610
116612
116623
116629
116633
116636
116641
116645
116649
116650
116655
116659
116665
116666
116679
116684
116686
116712
116715
116726
116729
116730
116734
116735
116736
116752
116783
116790
116797
116804
116805
116806
116808
116815
116816
116821
116822
116824
116834
116835
116838
116847
116851
116854
116857
116864
116877
116885
116887
116888
116910
116913
116917
116918
116919
116926
116929
116930
116932
116934
116935
116939
116945
116947
116950
116955
116957
116961
116962
116972
116975
116977
116978
116981
116982
116989
116991
116992
117003
117010
117012
117015
117023
117027
117032
117035
117036
117042
117044
117053
117058
117062
117077
117086
117087
117090
117099
117135
117136
117144
117146
117149
117159
117163
117170
117172
117175
117184
117195
117203
117205
117207
117208
117220
117233
117246
117250
117251
117257
117258
117267
117272
117299
117331
117349
117359
117371
117400
117406
117414
117424
117434
117455
117471
117475
117484
117490
117495
117502
117509
117512
117518
117528
117529
117530
117546
117550
117556
117561
117564
117566
117568
117615
117620
117629
117630
117637
117642
117655
117656
117663
117669
117671
117679
117694
117715
117725
117730
117743
117744
117764
117770
117783
117802
117816
117886
117902
117906
117911
117941
117954
117971
117985
118006
118012
118030
118037
118049
118084
118088
118126
118128
118163
118177
118208
118230
118233
118243
118273
118281
118283
118284
118311
118329
118343
118375
118379
118386
118388
118392
118399
118410
118416
118427
118442
118449
118467
118469
118488
118497
118502
118509
118513
118517
118526
118530
118539
118542
118544
118550
118551
118556
118561
118565
118570
118584
118587
118597
118598
118603
118604
118627
118632
118635
118639
118642
118647
118648
118654
118661
118662
118678
118687
118691
118694
118695
118701
118718
118723
118725
118729
118732
118740
118753
118772
118773
118779
118788
118791
118825
118858
118861
118868
118874
118875
118877
118879
118893
118900
118901
118903
118911
118914
118932
118945
118959
118974
118980
119011
119014
119027
119030
119032
119039
119040
119052
119060
119078
119099
119102
119127
119131
119153
119178
119187
119192
119225
119231
119302
119323
119359
119367
119396
119504
119532
119538
119565
119566
119629
119664
119692
119704
119741
119749
119784
119838
119864
119883
119905
119965
119977
120042
120059
120062
120095
120121
120179
120188
120208
120232
120251
120261
120289
120325
120335
120340
121833
121856
121924
121968
122036
122043
122050
122063
122094
122159
122204
122234
122276
122295
122347
122354
122401
122518
122581
122605
122663
122680
122702
122757
122778
122808
122838
122868
122910
122922
122931
122932
122940
122944
122953
122970
122975
122984
123010
123011
123022
123044
123053
123081
123082
123085
123086
123124
123131
123139
123140
123148
123155
123189
123202
123214
123266
123292
123311
123319
123326
123331
123381
123394
123443
123466
123489
123510
123518
123547
123558
123566
123588
123604
123632
123703
123715
123731
123742
123753
123773
123790
123799
123851
123879
123896
123917
123994
124003
124005
124017
124041
124070
124144
124182
124223
124225
124247
124249
124254
124258
124266
124307
124316
124364
124378
124384
124389
124462
124481
124506
124540
124617
124619
125107
