65367
65222
114306
114292
114282
114268
114256
114251
114166
114146
114139
114081
114069
64905
64884
64799
64761
64696
64675
64597
64454
64365
113522
113517
113508
113499
64314
113467
113420
113416
113345
113338
113315
113286
113276
113264
14806
14743
113054
113047
14715
113028
113009
113006
112979
112971
14633
112935
14615
112925
112906
63732
112889
112871
63698
14530
14448
63462
13738
111557
111494
111414
111403
111399
111364
111359
111327
111263
111235
111200
111149
111115
12778
111057
111003
110985
110963
110950
110922
110917
110913
110898
110892
110873
110801
110788
110719
110675
110668
110646
110595
12180
12106
11972
11953
11906
11824
11789
11685
11671
11629
11609
11530
11481
11454
11299
11233
11188
11100
11013
11011
11003
54217
52332
52286
2478
51394
2134
2093
2084
2048
1939
1806
1743
1694
1659
968
960
47936
47900
47898
47845
47844
47608
47446
47404
47337
47315
47299
47240
47174
47169
47159
47033
47025
46935
46635
46472
46470
46467
95605
95570
95564
95553
95499
95446
95441
95391
95380
95377
95371
95343
95338
95324
95311
95160
95068
95066
95036
94951
94945
94833
94803
94779
94749
94659
94653
94641
94604
93992
93942
93918
93826
93772
93658
93529
93500
93454
93421
93417
93383
93371
93335
93075
92997
92979
92974
92961
92958
92922
92892
92889
92876
92875
92851
92848
92827
92796
92775
92688
92615
92614
92549
92516
92495
92026
92011
92001
91987
91967
91928
91887
91862
91578
91546
91536
91521
41209
41149
40575
114160
64978
114085
39802
113055
63774
38908
37567
111292
111244
12827
111141
111123
37373
111101
111074
37303
36789
36771
36750
36176
11535
36009
35935
35539
35390
35250
35180
35159
35096
34970
34862
34518
34440
34254
34175
34134
34083
31841
80168
80167
6431
79872
79854
79786
79720
79691
79669
79615
79578
79525
79521
79446
79429
79394
79365
79297
79284
79276
79227
79202
79201
79162
79161
79156
79134
79131
79129
79085
79062
79052
79032
79027
79024
79017
78980
78974
78962
78949
78940
78936
78921
78835
78831
78736
78721
78681
78620
78576
78553
78539
78536
78500
78499
78491
78485
77936
77890
77876
77868
77863
77844
77839
77776
77769
77752
77622
77617
77590
77583
77562
77517
77511
77466
52453
52224
52152
52019
2427
2196
26288
26276
1678
25854
25812
25782
25748
25736
25717
25712
25651
25614
978
971
73467
73457
73358
73158
73153
73087
73056
73040
73036
73012
72949
72864
72855
72840
72789
72782
72775
72772
72751
72738
72703
72682
72652
72648
72620
72602
72477
47881
72367
72346
72334
72279
72266
72263
72225
72220
71473
71455
71454
71419
71413
71382
71345
71331
71327
71277
46693
71240
71223
46645
46584
46533
46508
46457
95581
21580
21489
95168
21144
94890
21120
21068
21045
94773
21018
21009
94757
94724
94713
94639
94600
93974
93970
93968
93837
93740
93714
93680
93668
93657
93408
93404
93390
93384
93000
92891
92874
92854
92844
92822
92770
92054
92002
91994
91897
91533
41138
40846
40789
65369
40719
65251
65206
65098
65028
114123
64937
64963
64948
114074
64908
64873
64844
40246
40199
64751
64713
64707
64628
64559
64553
64546
64545
64534
64488
64514
64445
39753
64334
113456
64270
39666
64242
64225
64190
39479
14774
39265
63671
14498
63655
112756
63562
63521
38911
63411
14196
38457
37785
111475
37523
111225
12832
12762
12791
12788
12785
12750
12736
111079
12728
12741
37170
37080
12153
11963
11879
36472
11908
11841
11719
36312
11729
11691
11653
11648
11499
11539
11496
11467
11459
11400
11399
11268
35034
34919
34634
34436
34333
34243
34197
34193
34142
34067
33709
33661
32169
6755
6588
6576
6386
80139
6379
6374
6259
79750
79716
79235
79096
79086
79074
78970
78931
54317
54311
54239
54234
78594
78482
41268
77850
77795
77790
77767
77720
65396
65390
77493
77458
77451
52821
52802
52786
52783
52781
65056
52747
40434
64983
64927
64921
64847
52548
64812
64810
64795
64765
52476
52466
52456
52428
52359
52375
52355
52281
64564
52217
3060
64530
52239
64516
52212
52161
52104
52061
52030
64312
52008
51991
51974
51950
64180
113225
2477
51498
2276
63725
2274
2233
112885
63699
2224
2253
2241
112861
51386
63668
51379
2185
51371
2183
63582
2085
2080
2132
2102
2089
51208
1995
2050
1978
51141
1962
1927
1952
1890
1872
1835
38686
1820
38610
1757
38589
26300
1703
1699
26254
1702
1623
26243
26209
38391
26080
26079
26077
26088
26071
26042
25908
25894
25884
25820
25813
25809
25807
25803
25793
25766
25764
25754
25716
25709
25680
1087
25659
25631
25620
1056
1021
1044
985
1014
975
989
973
998
922
951
915
49981
111427
111095
12092
11940
73348
11679
73127
11644
73029
72723
72604
35686
47925
47904
72461
47862
72376
72368
72364
47731
35425
35407
47609
47593
35201
72090
47497
47480
47463
47458
47452
47468
47439
47428
47426
47410
47397
47389
47388
47360
47304
34986
47268
47239
47212
47185
47183
47173
47154
47152
34846
47150
47126
47108
47104
47096
47063
47061
47060
47050
47022
47007
46997
46980
46964
46962
46942
46674
71265
34341
46615
46585
46576
46527
34220
46523
46500
46509
46461
33639
21302
94982
95010
21210
21136
21102
21097
21056
94718
94716
94642
93809
93713
93665
92814
6688
6552
6427
80132
6329
92056
91915
79555
79419
91562
79095
79053
78957
41384
41291
41148
65378
40715
40703
40686
40607
77487
40605
40604
40598
40586
40518
52798
52791
65077
40484
40476
40441
64922
40307
40196
40145
52433
40144
40143
40127
40126
64669
39995
39979
64552
39959
39935
39877
39796
39703
39480
39469
39450
14810
14809
14716
14719
14713
14655
14668
39245
39202
14460
39053
14400
38935
2027
38924
38910
1999
51185
38896
38854
38839
1942
1911
38793
14195
14168
38756
1865
38727
14108
1755
38561
38576
26271
26283
38572
26257
38553
38549
38522
26099
38388
13760
26034
38309
13614
13580
38145
25745
25760
25784
25755
25746
38035
25689
25670
25685
1092
1089
1060
1002
37835
37826
37825
37793
111510
37736
37707
37614
37522
12803
12783
37350
37306
37304
12699
111073
37294
37279
110872
110868
110864
37083
37062
110840
110764
36985
36984
36981
110744
36980
36974
36968
36966
36958
110731
36947
110677
36941
36920
36911
36908
36883
12256
36849
12258
36836
12227
12242
110622
36828
36829
36819
12225
36799
36796
12215
36806
36777
36762
36754
12171
36735
12140
36723
12126
36693
12085
12079
36672
12091
12070
36663
12084
12051
12022
11999
12001
11986
36565
11979
12003
11944
73394
11919
11892
11894
11865
11808
11872
11814
36392
36380
11751
11736
11741
36319
36307
36300
36286
36280
11660
36239
11604
11612
36205
36201
36172
73050
36126
36111
36108
36097
11491
11476
36067
11462
36017
11419
11397
35976
11381
35974
11356
11353
35946
11406
72822
35927
35923
35900
35899
11289
35869
35849
11239
35804
11220
35694
11127
35688
35675
35657
35606
35596
35580
35576
35565
47829
35540
72203
72182
47571
35254
35248
47490
35177
35149
35146
35140
47415
35126
47385
35082
47320
35031
35027
35020
47283
34994
34963
34942
47220
34925
34898
34912
34911
34910
47197
34908
34899
34875
47163
47143
34840
34825
47113
34803
34798
34794
34793
34783
34769
34765
34757
34720
34717
46989
34683
34626
34619
34613
34605
34601
34598
34595
34538
34527
34523
34506
34496
34472
46758
34467
34464
34461
34447
34432
34422
34441
34355
71232
34335
46619
46603
34314
46590
34278
34272
34255
34250
34241
46518
34213
34204
34185
34177
34153
34132
34147
34095
34087
34062
34050
34048
34063
34034
34031
34017
33964
33961
21563
33852
33831
21566
21537
33785
33797
21496
21482
21479
33768
21462
33663
33658
33633
33631
21338
33627
33589
21293
94956
21126
21106
21077
14187
14172
1896
38749
93986
1792
38689
38672
38677
38668
1787
38655
1772
38639
1760
38617
38588
38504
38397
38354
38336
93675
32123
32072
25910
32046
93486
38055
25596
37850
49883
6745
6744
6750
6742
6727
6714
6696
6681
6668
6661
12813
111152
6629
6582
6637
6604
111104
37331
37316
6585
6535
6522
6506
6526
37236
37245
111009
37230
6451
110982
37191
6435
6404
37066
6301
110800
6272
6249
36964
36848
12261
12148
12121
12164
12109
12072
12057
12043
36636
12050
12035
79440
11754
11732
36277
79013
78956
35846
78753
78657
11032
35521
41375
35243
41364
35225
35220
35138
35112
35085
35003
34982
77826
34801
77778
77764
47037
34748
34743
77759
34722
65431
65372
40781
34629
65345
40758
77605
77620
34576
77606
77586
77552
34535
40641
65221
65219
34497
34481
34455
40593
52867
77431
114262
52836
77430
40514
34361
40495
65050
34293
34274
40408
34162
34133
34092
64797
34069
34064
40142
33979
40117
52411
64683
52382
52308
64610
64554
21487
33776
52203
33745
21443
21371
52115
64359
113453
113378
51860
94923
21108
51818
39529
21073
39465
14760
14801
14798
2494
14777
14766
2489
39328
94671
2452
14755
14641
14677
2435
14648
63757
14597
14626
63783
51467
14598
51466
51450
39149
14537
2258
2197
2227
2219
14523
2217
2246
2261
63664
2218
39084
2271
2205
2231
39099
63716
63665
39087
2190
2161
14480
2203
2201
2184
14484
2167
2163
2192
2172
51348
51335
2128
14416
2142
14417
2120
51309
2094
63527
2082
14384
14374
14362
2071
51263
2077
2063
2092
14350
38939
2039
2045
1996
38874
1967
1945
38838
1971
14253
63410
14224
1935
1937
1910
1925
1924
38785
14207
1904
1941
1899
38764
1869
1883
38750
1829
1794
1766
1770
26306
26279
26294
1701
26289
26285
1692
1761
26253
26268
26277
1684
26262
1656
26191
26186
93738
26109
26041
38342
26040
13723
13709
13722
13616
25879
25867
13561
25877
25863
13573
25859
25806
25796
25819
25790
31935
25775
25774
25799
25770
25762
25757
25728
25743
25737
25714
38003
25727
25696
25740
25711
1118
25722
25691
25706
1113
25713
1107
25686
25730
1108
25700
25704
25672
37991
25699
25697
1115
25650
25665
1099
25678
25660
25673
25664
25679
37968
25666
25682
37953
1058
25677
1084
25662
25627
25642
25632
25598
1035
25613
25641
1048
25626
25599
25612
25625
25606
25607
25618
1036
25600
25601
25604
1012
37164
6311
6284
110799
37004
110727
110767
36988
12220
12093
12082
11968
36523
11928
73397
11688
11305
11224
11232
35824
11231
11244
11227
11240
11124
1900
11039
26238
35461
47736
47732
38509
72323
35441
35418
72287
35408
26181
26175
35375
72257
13753
47482
35170
47437
35129
25872
25900
13597
47383
47341
47339
25647
46571
34100
6321
40041
33880
21578
33877
21575
52301
21572
21570
33834
21560
33846
21544
21538
21518
95295
3056
21509
95283
21444
21454
64459
21441
21426
33725
21423
21420
33718
21416
52141
21412
39849
21402
21370
52093
21357
21285
113320
39435
20995
38856
1950
1909
38657
93862
26261
35468
1622
25841
31956
25759
25708
25633
1055
25644
25630
92937
92898
12744
92506
80149
25780
25751
34781
77736
52829
34365
111214
34346
114173
34249
64866
52530
52235
52229
21407
21394
33615
12029
113317
73342
11867
21099
21070
14786
39360
14782
14778
14720
14721
2424
14712
113016
39237
14662
112978
63821
63781
51496
14629
14606
14551
63686
2207
51331
14464
14451
63584
14428
14414
14401
38920
14338
38884
63477
14321
11246
14298
63444
14288
38831
1936
1932
14209
14164
1786
1812
1773
26250
38442
26039
26058
32155
13702
13672
13717
32047
13566
25797
25732
25684
1091
25675
25610
25608
25623
25602
1018
25619
921
34729
948
111516
37733
111460
37674
111322
37575
111280
92801
6737
12850
12807
12822
12773
12776
12706
6519
6514
6516
34167
64933
114090
40311
6328
6282
110750
36959
36946
36930
36928
36924
110670
36861
64476
36872
12263
52232
12214
13721
13720
64439
36781
33703
36764
21383
36710
12125
21358
12105
12112
36705
12101
33643
12097
36688
33628
12089
12078
12067
12062
25893
13604
12061
36664
12060
12038
12053
33597
21288
12044
79675
12018
11994
36581
11977
11976
36569
11989
11946
36530
64198
51906
11924
11910
11887
11871
34952
25715
21107
11837
36445
79501
36455
11862
11851
11834
21063
11826
11832
36425
11820
11793
11791
11785
25639
14802
11780
20985
11746
34802
14805
36331
11727
14791
11690
11744
11686
11670
11669
14734
14737
11658
36234
11656
36257
11638
63844
36210
73065
39271
63835
11553
11541
36134
2277
11514
11512
11500
11498
11495
11487
14587
2255
11471
36039
11435
11410
34462
11401
2257
11392
11354
35957
11346
11315
6719
6704
11301
6710
2075
11283
11284
11309
11238
11234
6624
12770
11223
11174
11172
11150
11153
38816
1934
11139
1895
11132
11117
11021
72471
2006
1635
26172
21442
25816
25830
38103
11916
11858
25703
25698
11860
11831
25655
25668
25640
25681
25667
11542
34582
11509
34537
92881
72811
11351
37469
6713
11317
6709
37478
40483
6707
40529
52805
6687
6680
37413
12805
2004
79666
38174
34322
46598
51159
2003
11148
6454
6325
6279
36922
11290
36583
79611
64981
11007
38676
72474
35592
64728
35555
33957
6280
26290
26236
14709
11630
26212
93061
35401
21581
21568
64502
33759
13744
13719
13693
36730
12107
36700
12096
14368
92739
6639
39714
36604
34954
34932
34937
11853
25597
6297
6286
11672
11618
26246
78448
37762
11547
21530
11517
14458
11395
12697
11131
11119
11102
64832
21069
25656
34113
40197
11781
11786
10988
11723
33984
21554
111463
34597
36914
39972
52179
36877
21515
79917
110650
64464
52175
38695
64749
40171
13715
1799
34427
2119
92780
34352
11308
12077
72675
46532
11854
11857
6423
11425
64431
25621
961
11628
11616
14674
39225
11532
11506
63689
11486
11861
63696
25690
51363
33735
34514
51346
36037
11450
14115
11009
11264
2017
33947
12039
25658
37109
25603
73042
6538
1837
25767
77910
1813
63544
35247
14573
64791
36728
12124
11779
25643
35641
