12
17
19
25
32
42
44
47
48
52
58
59
61
65
75
77
93
101
105
118
121
125
132
136
147
164
167
176
182
192
201
207
223
224
226
231
234
236
248
250
251
252
254
255
258
263
269
272
275
279
288
290
295
299
301
303
307
308
310
315
322
324
325
330
345
348
349
351
352
353
356
359
361
365
370
375
379
381
383
385
386
393
404
407
408
413
416
419
420
423
424
425
429
430
434
435
440
445
448
452
456
462
466
468
471
475
482
483
485
486
492
500
501
508
509
513
515
519
523
530
532
535
537
538
542
544
545
546
547
548
551
552
553
559
561
563
564
567
573
576
580
583
586
587
589
590
592
595
598
599
602
604
605
607
612
625
629
631
633
635
638
639
640
642
643
644
646
648
649
653
655
658
659
661
664
665
668
669
672
673
677
682
683
687
688
690
694
698
700
701
702
703
708
710
711
714
716
717
718
721
722
724
726
728
731
733
734
736
739
743
744
745
748
749
750
753
754
758
759
760
764
765
766
768
769
770
773
774
776
778
779
780
784
786
789
792
795
797
798
799
801
802
803
805
807
808
810
813
815
816
817
822
828
840
846
848
849
851
854
857
859
860
868
869
871
873
874
875
878
879
881
882
889
893
895
897
898
905
907
912
913
915
916
917
925
926
928
931
933
936
945
946
949
962
965
968
969
972
974
976
977
986
997
998
999
1002
1004
1005
1006
1011
1012
1015
1018
1022
1023
1025
1026
1031
1036
1040
1056
1057
1063
1070
1073
1075
1076
1078
1079
1081
1082
1085
1087
1088
1090
1094
1095
1100
1101
1102
1104
1106
1111
1112
1113
1114
1118
1119
1123
1124
1125
1126
1128
1129
1130
1131
1132
1134
1135
1137
1144
1148
1151
1152
1153
1155
1157
1158
1161
1164
1168
1169
1170
1171
1174
1178
1181
1185
1188
1189
1190
1191
1192
1193
1195
1206
1207
1208
1211
1213
1215
1218
1219
1224
1236
1237
1247
1248
1250
1252
1254
1257
1258
1267
1275
1276
1279
1283
1286
1287
1288
1294
1295
1303
1305
1308
1309
1311
1317
1319
1333
1334
1338
1348
1353
1356
1358
1365
1367
1375
1376
1381
1383
1384
1385
1386
1390
1405
1408
1409
1415
1416
1418
1421
1428
1430
1434
1436
1439
1441
1447
1449
1450
1452
1456
1458
1460
1463
1466
1467
1469
1472
1476
1477
1483
1484
1485
1487
1489
1490
1491
1492
1493
1494
1496
1500
1501
1506
1510
1513
1514
1516
1520
1521
1522
1524
1525
1527
1528
1529
1530
1533
1535
1536
1540
1542
1543
1544
1545
1553
1558
1559
1563
1566
1569
1571
1575
1576
1577
1579
1580
1582
1585
1590
1591
1595
1602
1604
1605
1608
1612
1616
1620
1621
1622
1624
1627
1628
1629
1630
1632
1635
1640
1648
1650
1652
1653
1654
1660
1662
1666
1667
1669
1674
1675
1679
1682
1683
1686
1687
1688
1689
1690
1694
1696
1701
1704
1707
1715
1718
1727
1729
1731
1732
1736
1739
1740
1741
1746
1757
1763
1765
1767
1770
1773
1775
1778
1784
1787
1788
1789
1791
1795
1796
1798
1809
1811
1813
1815
1819
1821
1828
1830
1832
1837
1848
1854
1859
1861
1863
1872
1876
1877
1878
1879
1881
1889
1893
1897
1903
1906
1910
1912
1914
1918
1920
1927
1928
1931
1932
1935
1937
1938
1943
1944
1945
1953
1954
1956
1957
1958
1960
1961
1968
1970
1971
1974
1975
1976
1979
1982
1986
1988
1990
1991
1993
1997
2002
2004
2015
2017
2018
2019
2020
2024
2025
2027
2028
2031
2033
2034
2035
2050
2060
2062
2066
2074
2079
2085
2095
2103
2105
2112
2118
2123
2130
2139
2141
2148
2155
2162
2164
2167
2177
2198
2199
2220
2221
2228
2230
2235
2239
2242
2244
2249
2252
2253
2254
2267
2268
2278
2280
2285
2289
2301
2302
2322
2323
2325
2329
2332
2334
2335
2338
2345
2351
2360
2367
2369
2370
2373
2386
2387
2388
2415
2416
2423
2424
2426
2428
2430
2431
2432
2433
2434
2436
2441
2443
2445
2447
2453
2456
2458
2460
2461
2462
2463
2466
2467
2469
2470
2474
2477
2480
2483
2489
2491
2496
2497
2499
2500
2504
2507
2509
2515
2517
2519
2521
2523
2524
2526
2528
2532
2536
2540
2541
2542
2547
2551
2552
2554
2555
2557
2559
2564
2565
2568
2569
2572
2573
2577
2578
2579
2582
2585
2587
2588
2590
2592
2596
2598
2601
2603
2605
2606
2608
2614
2617
2618
2620
2621
2622
2624
2625
2626
2630
2631
2632
2634
2636
2638
2639
2642
2645
2646
2647
2648
2649
2652
2654
2657
2661
2666
2667
2671
2674
2675
2676
2679
2684
2685
2691
2693
2703
2709
2710
2711
2712
2714
2716
2718
2719
2721
2722
2726
2727
2729
2731
2732
2733
2738
2742
2744
2746
2747
2748
2752
2754
2760
2761
2766
2767
2769
2770
2772
2777
2778
2783
2792
2800
2804
2806
2813
2815
2818
2819
2822
2823
2832
2834
2842
2849
2850
2851
2853
2855
2859
2860
2861
2866
2869
2873
2879
2883
2884
2891
2902
2903
2904
2905
2906
2907
2912
2913
2920
2921
2922
2923
2926
2928
2932
2935
2937
2939
2945
2946
2947
2949
2951
2954
2957
2959
2961
2962
2963
2964
2975
2977
2981
2987
2988
2990
2993
2996
2997
2998
3004
3006
3008
3018
3019
3021
3030
3031
3032
3041
3043
3044
3047
3051
3056
3058
3060
3062
3068
3069
3072
3073
3074
3082
3084
3086
3087
3092
3094
3096
3101
3103
3105
3108
3110
3111
3112
3113
3115
3116
3118
3121
3127
3131
3132
3133
3136
3143
3145
3147
3150
3153
3158
3164
3171
3172
3173
3175
3177
3179
3180
3181
3184
3188
3194
3197
3198
3200
3202
3203
3207
3210
3216
3217
3220
3221
3223
3228
3232
3239
3241
3242
3243
3247
3254
3257
3260
3263
3269
3270
3273
3275
3276
3278
3279
3289
3290
3291
3296
3297
3303
3313
3315
3318
3328
3335
3336
3338
3340
3342
3343
3344
3345
3348
3354
3356
3357
3358
3359
3363
3365
3366
3367
3369
3372
3373
3374
3375
3377
3383
3385
3386
3387
3391
3395
3397
3398
3399
3401
3404
3406
3407
3411
3412
3416
3417
3422
3428
3429
3430
3434
3437
3439
3440
3441
3444
3445
3446
3447
3450
3454
3455
3460
3461
3462
3464
3468
3469
3472
3475
3476
3478
3480
3481
3483
3484
3485
3486
3487
3496
3497
3504
3507
3509
3510
3511
3514
3520
3522
3525
3528
3531
3533
3535
3538
3540
3548
3564
3571
3572
3573
3576
3578
3579
3585
3588
3589
3601
3603
3608
3612
3625
3634
3639
3652
3655
3668
3676
3685
3734
3780
3798
3805
3845
3853
3887
3890
3894
3898
3905
3907
3908
3913
3915
3919
3922
3924
3925
3927
3936
3938
3940
3943
3952
3963
3972
3974
3975
3984
3986
3990
3992
3995
4004
4006
4010
4015
4017
4021
4026
4032
4039
4041
4044
4046
4048
4057
4066
4069
4089
4093
4133
4166
4202
4203
4212
4215
4222
4230
4232
4242
4245
4295
4328
4402
4477
4527
4534
4586
4600
4622
4639
4679
4681
4701
4702
4703
4710
4716
4721
4724
4748
4751
4761
4772
4773
4777
4791
4856
4875
4880
4886
4890
4894
4915
4926
4936
4940
4941
4942
4947
4957
4963
4964
4979
4982
4998
5003
5006
5010
5011
5015
5019
5020
5027
5039
5040
5051
5055
5058
5069
5070
5078
5083
5085
5087
5090
5100
5104
5107
5108
5119
5120
5123
5129
5130
5134
5137
5138
5141
5155
5159
5161
5164
5173
5180
5220
5259
5261
5263
5269
5275
5281
5282
5297
5301
5302
5307
5313
5318
5323
5327
5333
5336
5338
5365
5372
5376
5388
5398
5400
5408
5411
5413
5417
5428
5431
5438
5444
5453
5458
5480
5500
5502
5505
5527
5528
5531
5533
5535
5540
5541
5544
5546
5551
5555
5559
5567
5574
5587
5588
5593
5595
5609
5615
5617
5625
5627
5628
5629
5637
5639
5640
5643
5646
5648
5650
5656
5657
5658
5663
5668
5678
5680
5681
5689
5692
5701
5703
5709
5712
5719
5725
5726
5743
5744
5751
5753
5754
5757
5759
5761
5767
5768
5769
5770
5774
5776
5777
5779
5781
5787
5789
5790
5793
5795
5796
5797
5803
5804
5815
5820
5823
5829
5832
5839
5846
5848
5855
5859
5866
5869
5870
5871
5879
5882
5888
5889
5893
5899
5902
5906
5908
5909
5912
5914
5916
5917
5919
5930
5933
5935
5936
5937
5942
5945
5949
5953
5960
5967
5972
5973
5974
5976
5978
5984
5989
5993
5997
5999
6001
6004
6007
6008
6009
6011
6015
6018
6019
6022
6026
6027
6029
6033
6035
6036
6037
6040
6043
6044
6050
6052
6053
6055
6056
6064
6069
6070
6072
6074
6076
6080
6092
6094
6096
6097
6101
6103
6105
6108
6110
6113
6116
6119
6121
6123
6126
6128
6130
6131
6132
6138
6139
6145
6146
6147
6153
6156
6157
6159
6160
6165
6167
6171
6175
6176
6184
6185
6191
6194
6195
6202
6203
6212
6216
6217
6218
6219
6223
6224
6228
6231
6235
6236
6246
6249
6251
6254
6258
6261
6262
6268
6282
6297
6305
6306
6310
6314
6320
6326
6332
6338
6344
6346
6354
6363
6368
6373
6383
6385
6394
6395
6399
6400
6413
6414
6420
6421
6426
6429
6430
6433
6439
6440
6441
6444
6445
6446
6447
6449
6453
6465
6471
6478
6480
6483
6484
6491
6492
6499
6518
6520
6527
6531
6533
6538
6540
6542
6543
6549
6552
6554
6562
6563
6564
6566
6569
6571
6574
6578
6583
6585
6587
6593
6596
6600
6602
6603
6611
6615
6622
6627
6632
6633
6639
6641
6646
6647
6648
6652
6657
6658
6667
6669
6671
6677
6678
6680
6681
6692
6695
6696
6699
6701
6707
6709
6713
6714
6718
6723
6724
6730
6732
6733
6735
6737
6738
6739
6741
6743
6744
6748
6752
6755
6759
6764
6766
6770
6773
6778
6781
6782
6783
6788
6789
6790
6791
6797
6800
6801
6812
6819
6821
6822
6829
6834
6836
6838
6840
6844
6845
6847
6848
6850
6853
6854
6862
6864
6868
6872
6875
6879
6883
6886
6891
6894
6897
6900
6906
6907
6911
6912
6914
6929
6931
6934
6935
6936
6938
6940
6943
6949
6950
6951
6953
6958
6960
6967
6971
6973
6975
6976
6978
6982
6987
6989
6992
6995
6998
7002
7006
7008
7011
7012
7019
7026
7028
7031
7032
7033
7036
7037
7039
7041
7043
7047
7049
7051
7052
7059
7061
7063
7066
7072
7076
7077
7078
7080
7082
7084
7092
7094
7095
7097
7099
7101
7102
7107
7108
7110
7111
7115
7118
7121
7123
7127
7130
7132
7133
7134
7137
7138
7142
7145
7148
7152
7153
7158
7161
7162
7165
7168
7171
7175
7177
7178
7185
7188
7189
7191
7196
7199
7201
7204
7210
7213
7223
7227
7229
7230
7232
7235
7236
7243
7250
7254
7256
7264
7277
7284
7285
7286
7289
7293
7297
7298
7299
7303
7308
7309
7310
7311
7314
7326
7329
7333
7337
7342
7353
7358
7359
7366
7372
7375
7377
7386
7391
7394
7396
7397
7401
7408
7409
7414
7417
7420
7428
7436
7438
7440
7441
7445
7447
7448
7468
7469
7470
7471
7473
7474
7476
7484
7486
7487
7488
7490
7493
7494
7502
7504
7508
7512
7514
7516
7521
7529
7540
7542
7547
7551
7556
7560
7563
7565
7571
7572
7574
7575
7576
7577
7586
7589
7590
7593
7594
7596
7598
7601
7603
7607
7609
7612
7614
7617
7619
7622
7624
7626
7628
7629
7635
7637
7642
7644
7648
7658
7662
7663
7666
7668
7669
7670
7671
7672
7675
7676
7677
7681
7683
7684
7685
7688
7692
7694
7697
7698
7699
7701
7706
7709
7713
7715
7717
7719
7721
7723
7727
7729
7732
7733
7737
7738
7742
7743
7748
7750
7753
7758
7761
7762
7772
7776
7778
7780
7783
7784
7786
7788
7791
7792
7797
7800
7801
7806
7807
7809
7814
7815
7817
7823
7829
7831
7833
7839
7841
7843
7844
7846
7858
7861
7862
7863
7865
7870
7872
7874
7876
7878
7879
7880
7895
7901
7902
7904
7906
7909
7910
7912
7916
7917
7922
7923
7925
7927
7928
7931
7932
7933
7934
7939
7941
7947
7949
7951
7955
7956
7957
7958
7961
7963
7967
7968
7969
7971
7972
7973
7978
7981
7985
7989
7990
7993
7994
7995
7998
7999
8000
8002
8003
8005
8011
8014
8016
8018
8019
8020
8022
8025
8026
8028
8029
8031
8035
8036
8037
8041
8043
8045
8047
8048
8053
8056
8058
8063
8072
8074
8077
8078
8081
8083
8084
8085
8086
8088
8090
8092
8095
8099
8101
8103
8107
8108
8112
8114
8116
8118
8122
8123
8128
8129
8132
8135
8140
8143
8144
8147
8149
8152
8153
8154
8157
8158
8159
8164
8169
8170
8176
8177
8178
8180
8183
8191
8195
8207
8209
8213
8214
8218
8222
8225
8229
8231
8234
8236
8238
8239
8243
8246
8247
8253
8254
8255
8259
8262
8263
8266
8267
8274
8279
8287
8288
8289
8291
8294
8298
8301
8303
8307
8314
8318
8319
8322
8331
8334
8338
8340
8343
8345
8346
8349
8350
8357
8370
8372
8377
8380
8382
8385
8388
8391
8394
8395
8409
8410
8413
8415
8416
8418
8419
8432
8439
8440
8441
8444
8447
8448
8450
8453
8455
8460
8462
8466
8468
8469
8470
8471
8475
8476
8477
8478
8481
8482
8490
8491
8492
8493
8495
8496
8497
8498
8499
8501
8503
8506
8510
8511
8514
8519
8527
8528
8529
8532
8533
8534
8538
8539
8542
8545
8548
8551
8552
8555
8556
8558
8559
8562
8563
8564
8569
8573
8574
8576
8577
8578
8580
8583
8584
8585
8586
8589
8590
8594
8597
8598
8599
8600
8602
8603
8604
8605
8606
8610
8612
8613
8615
8617
8618
8621
8623
8626
8628
8631
8634
8635
8636
8639
8640
8642
8643
8647
8650
8652
8658
8661
8664
8665
8667
8668
8674
8676
8678
8684
8686
8687
8690
8692
8693
8697
8699
8700
8701
8706
8708
8709
8710
8715
8716
8719
8722
8724
8725
8727
8728
8729
8734
8735
8737
8738
8739
8741
8744
8747
8749
8753
8754
8756
8761
8763
8765
8767
8771
8772
8775
8778
8786
8791
8792
8801
8803
8809
8810
8811
8817
8819
8820
8822
8829
8830
8831
8833
8834
8837
8839
8840
8843
8845
8847
8848
8849
8850
8851
8854
8855
8856
8858
8859
8861
8863
8865
8867
8869
8870
8873
8878
8879
8881
8885
8886
8893
8894
8895
8896
8902
8903
8904
8906
8908
8909
8910
8915
8916
8917
8919
8923
8925
8927
8929
8931
8936
8937
8938
8939
8941
8942
8943
8944
8945
8948
8949
8952
8956
8958
8963
8964
8965
8966
8971
8973
8974
8975
8976
8978
8979
8981
8983
8984
8986
8988
8989
8991
8995
8998
9006
9007
9009
9011
9015
9018
9020
9021
9022
9024
9025
9028
9029
9030
9034
9035
9036
9046
9047
9048
9052
9058
9059
9064
9066
9069
9070
9072
9074
9076
9077
9079
9084
9087
9094
9095
9100
9102
9105
9114
9117
9122
9124
9127
9129
9131
9134
9135
9136
9138
9140
9141
9147
9149
9151
9153
9159
9160
9162
9163
9164
9165
9167
9170
9174
9178
9181
9182
9184
9188
9193
9194
9195
9198
9206
9208
9212
9216
9217
9219
9220
9228
9229
9231
9232
9234
9235
9236
9238
9240
9244
9245
9248
9253
9256
9259
9260
9262
9263
9267
9269
9273
9276
9281
9283
9285
9286
9291
9292
9293
9298
9302
9303
9304
9310
9316
9317
9318
9319
9321
9323
9324
9326
9327
9331
9332
9333
9340
9341
9343
9344
9350
9351
9353
9355
9356
9358
9359
9361
9362
9363
9365
9366
9367
9372
9374
9375
9379
9381
9383
9385
9395
9397
9398
9400
9401
9405
9407
9409
9411
9415
9417
9418
9419
9423
9425
9430
9431
9432
9434
9435
9437
9439
9440
9441
9445
9450
9451
9454
9460
9461
9462
9465
9466
9469
9471
9472
9475
9476
9477
9479
9482
9483
9485
9486
9487
9488
9489
9490
9495
9497
9499
9501
9502
9503
9504
9505
9507
9509
9510
9514
9517
9518
9519
9520
9522
9523
9526
9527
9530
9532
9536
9540
9543
9546
9548
9549
9550
9553
9555
9557
9561
9563
9564
9565
9566
9567
9570
9571
9573
9574
9575
9576
9577
9578
9580
9582
9585
9588
9589
9590
9592
9595
9597
9601
9604
9605
9606
9611
9614
9615
9617
9619
9620
9622
9623
9624
9626
9627
9629
9630
9631
9632
9636
9637
9638
9645
9648
9649
9650
9652
9653
9656
9657
9658
9660
9663
9664
9668
9669
9670
9673
9675
9680
9684
9685
9692
9702
9703
9711
9712
9716
9718
9719
9721
9722
9725
9727
9728
9729
9731
9732
9743
9745
9748
9750
9751
9755
9756
9761
9763
9764
9766
9771
9772
9776
9780
9781
9786
9789
9792
9793
9798
9802
9803
9809
9821
9822
9823
9825
9827
9830
9833
9838
9842
9845
9847
9853
9856
9857
9869
9870
9873
9879
9880
9881
9885
9886
9888
9891
9893
9894
9897
9899
9901
9902
9905
9910
9911
9916
9918
9920
9921
9923
9927
9930
9936
9939
9940
9941
9968
9971
9976
9982
9985
9995
9999
10001
10003
10007
10011
10014
10016
10023
10026
10028
10030
10034
10037
10042
10045
10047
10051
10053
10057
10062
10063
10066
10067
10070
10078
10084
10085
10086
10093
10094
10096
10100
10101
10104
10105
10107
10110
10112
10113
10114
10116
10118
10122
10124
10125
10130
10131
10134
10135
10139
10141
10148
10152
10154
10156
10157
10159
10161
10163
10165
10169
10172
10176
10178
10179
10181
10183
10185
10186
10190
10193
10197
10199
10201
10205
10206
10212
10213
10219
10223
10224
10229
10231
10232
10236
10237
10240
10247
10253
10254
10255
10260
10261
10263
10273
10277
10279
10280
10285
10286
10294
10295
10296
10297
10302
10303
10305
10308
10310
10312
10313
10316
10318
10321
10328
10335
10337
10340
10341
10342
10343
10346
10347
10349
10351
10353
10358
10359
10361
10370
10378
10379
10381
10382
10387
10388
10389
10396
10400
10404
10407
10414
10416
10418
10421
10423
10425
10431
10433
10438
10451
10456
10459
10460
10470
10473
10475
10476
10483
10484
10485
10491
10494
10495
10503
10537
10543
10544
10547
10553
10557
10571
10575
10583
10591
10599
10602
10609
10613
10628
10635
10644
10652
10666
10671
10675
10688
10706
10722
10731
10737
10739
10746
10765
10770
10787
10800
10807
10818
10838
10841
10849
10856
10858
10862
10875
10877
10885
10888
10893
10897
10901
10906
10907
10913
10916
10926
10931
10938
10939
10950
10954
10959
10970
10973
10976
10978
10980
10987
10989
10990
10993
11005
11008
11012
11023
11025
11028
11048
11052
11053
11055
11056
11059
11061
11077
11081
11082
11092
11098
11111
11135
11136
11144
11157
11168
11194
11221
11260
11291
11312
11322
11332
11334
11401
11438
11447
11456
11517
11548
11601
11617
11646
11672
11673
11676
11680
11682
11695
11704
11705
11707
11709
11710
11717
11719
11722
11725
11727
11746
11760
11772
11784
11787
11792
11797
11799
11807
11813
11815
11820
11821
11844
11846
11847
11848
11849
11858
11863
11868
11875
11889
11891
11895
11899
11909
11916
11920
11934
11937
11938
11956
11990
12015
12043
12048
12053
12097
12111
12154
12162
12192
12196
12228
12285
12310
12312
12318
12319
12320
12326
12332
12334
12339
12341
12342
12344
12348
12349
12351
12352
12353
12356
12363
12364
12374
12375
12382
12384
12390
12391
12394
12395
12404
12406
12407
12408
12409
12410
12411
12416
12417
12423
12428
12430
12431
12437
12440
12444
12448
12451
12489
12490
12492
12495
12497
12498
12503
12506
12507
12511
12514
12515
12527
12580
12582
12629
12634
12659
12669
12701
12707
12718
12742
12772
12812
12829
12884
13029
13037
13040
13054
13060
13061
13075
13076
13082
13086
13089
13100
13116
13118
13126
13129
13131
13152
13160
13175
13177
13181
13184
13186
13190
13198
13204
13213
13220
13223
13228
13235
13244
13246
13256
13261
13273
13276
13282
13284
13286
13289
13294
13299
13308
13311
13312
13315
13316
13337
13338
13339
13342
13343
13346
13351
13363
13383
13385
13389
13392
13396
13399
13411
13413
13415
13418
13422
13425
13426
13433
13435
13436
13437
13438
13442
13443
13444
13445
13448
13482
13486
13511
13527
13529
13533
13536
13545
13558
13564
13568
13573
13575
13580
13588
13590
13594
13604
13605
13613
13614
13617
13618
13619
13645
13649
13653
13657
13658
13663
13675
13679
13681
13683
13689
13690
13695
13697
13707
13713
13721
13724
13725
13727
13728
13731
13733
13735
13737
13740
13741
13744
13747
13749
13750
13752
13757
13758
13759
13760
13763
13766
13767
13771
13773
13777
13790
13793
13794
13800
13801
13803
13805
13812
13815
13820
13822
13823
13825
13826
13827
13832
13834
13837
13839
13846
13848
13850
13853
13854
13857
13858
13862
13867
13868
13869
13872
13873
13877
13878
13892
13901
13904
13906
13912
13916
13919
13921
13925
13928
13932
13934
13935
13940
13943
13950
13951
13953
13955
13956
13959
13960
13961
13962
13963
13964
13969
13971
13972
13974
13976
13977
13978
13982
13985
13987
13988
13992
13993
13996
13997
14000
14001
14002
14003
14005
14008
14011
14012
14013
14014
14016
14017
14019
14021
14023
14024
14028
14029
14031
14033
14035
14037
14039
14040
14042
14046
14051
14053
14055
14057
14060
14062
14066
14068
14070
14072
14073
14078
14079
14082
14083
14085
14087
14089
14090
14092
14093
14094
14097
14098
14099
14101
14106
14111
14118
14122
14125
14131
14134
14144
14146
14151
14159
14160
14161
14162
14165
14169
14174
14178
14181
14182
14183
14184
14185
14186
14188
14190
14194
14197
14200
14206
14207
14210
14213
14218
14221
14233
14242
14244
14245
14256
14262
14267
14279
14280
14284
14287
14289
14291
14295
14305
14311
14312
14315
14321
14329
14331
14333
14336
14337
14339
14343
14347
14348
14351
14353
14369
14370
14374
14382
14384
14390
14396
14397
14407
14419
14420
14427
14429
14432
14435
14438
14442
14444
14447
14448
14450
14454
14461
14469
14472
14474
14475
14476
14479
14480
14481
14486
14489
14490
14492
14494
14495
14501
14502
14504
14506
14507
14509
14510
14511
14514
14519
14521
14524
14529
14532
14537
14539
14540
14541
14542
14546
14549
14550
14551
14553
14555
14557
14558
14560
14561
14563
14565
14566
14568
14569
14570
14573
14575
14576
14578
14580
14582
14583
14587
14588
14589
14590
14591
14594
14595
14601
14605
14606
14608
14610
14614
14617
14618
14619
14621
14622
14624
14636
14637
14638
14643
14647
14648
14649
14651
14653
14654
14659
14660
14661
14662
14663
14665
14671
14673
14675
14677
14680
14682
14685
14689
14692
14697
14698
14699
14700
14705
14706
14707
14710
14712
14713
14716
14718
14719
14720
14722
14724
14725
14726
14728
14729
14730
14735
14736
14744
14746
14747
14748
14749
14754
14759
14761
14765
14769
14773
14778
14779
14781
14782
14784
14785
14787
14791
14796
14797
14799
14801
14804
14810
14813
14814
14818
14819
14820
14821
14826
14827
14829
14830
14832
14833
14836
14837
14839
14840
14841
14844
14846
14848
14849
14851
14854
14855
14857
14859
14860
14861
14864
14866
14867
14868
14873
14874
14875
14878
14883
14884
14887
14889
14890
14895
14898
14901
14903
14905
14909
14919
14923
14925
14926
14927
14930
14933
14934
14937
14940
14942
14947
14949
14950
14952
14955
14958
14959
14961
14964
14968
14969
14971
14975
14977
14979
14980
14982
14983
14986
14988
14990
14992
14994
14997
15000
15006
15007
15008
15010
15011
15012
15015
15018
15025
15026
15029
15030
15038
15039
15040
15043
15046
15047
15048
15049
15052
15056
15057
15059
15060
15061
15063
15064
15066
15070
15071
15074
15075
15076
15077
15079
15081
15083
15086
15088
15089
15090
15093
15095
15097
15099
15102
15104
15105
15106
15107
15108
15110
15114
15118
15122
15123
15127
15129
15131
15134
15136
15137
15140
15143
15145
15146
15149
15154
15155
15158
15159
15160
15163
15164
15168
15169
15170
15171
15174
15177
15178
15180
15182
15183
15185
15186
15190
15192
15194
15195
15196
15197
15199
15200
15201
15208
15217
15220
15221
15222
15223
15224
15227
15229
15230
15231
15235
15238
15239
15240
15241
15245
15246
15248
15252
15253
15254
15255
15261
15262
15263
15264
15265
15266
15269
15270
15271
15272
15275
15277
15281
15282
15284
15285
15290
15292
15293
15294
15296
15297
15298
15303
15305
15306
15307
15308
15309
15310
15316
15318
15319
15321
15327
15328
15329
15331
15332
15333
15334
15335
15341
15342
15345
15346
15348
15349
15351
15354
15355
15357
15358
15360
15363
15366
15367
15372
15373
15377
15378
15380
15381
15385
15386
15387
15388
15391
15392
15393
15396
15401
15405
15406
15408
15409
15411
15416
15418
15421
15422
15423
15426
15428
15431
15432
15433
15434
15435
15438
15439
15440
15444
15445
15446
15447
15448
15451
15452
15453
15457
15460
15463
15464
15465
15466
15467
15469
15471
15472
15474
15477
15483
15484
15488
15489
15491
15492
15496
15499
15500
15502
15503
15504
15505
15507
15510
15513
15516
15517
15519
15520
15522
15524
15527
15528
15529
15530
15531
15533
15534
15538
15541
15543
15546
15547
15548
15551
15552
15556
15558
15559
15561
15562
15563
15566
15568
15569
15570
15573
15580
15583
15584
15586
15587
15591
15592
15594
15604
15607
15608
15609
15611
15612
15614
15618
15619
15624
15628
15632
15636
15637
15639
15640
15641
15642
15643
15645
15649
15651
15652
15653
15655
15656
15657
15658
15659
15661
15663
15664
15666
15667
15668
15670
15675
15676
15677
15679
15682
15683
15685
15691
15693
15695
15700
15705
15707
15708
15709
15710
15712
15713
15714
15717
15718
15720
15721
15722
15723
15725
15726
15727
15729
15730
15731
15732
15735
15736
15737
15738
15739
15743
15745
15749
15752
15753
15757
15758
15760
15763
15764
15766
15767
15770
15771
15775
15776
15777
15779
15781
15783
15784
15786
15787
15788
15789
15790
15791
15794
15795
15796
15798
15800
15801
15803
15804
15805
15806
15809
15810
15813
15816
15817
15818
15819
15821
15825
15826
15828
15829
15830
15833
15835
15836
15839
15840
15842
15845
15847
15850
15852
15854
15856
15858
15859
15863
15868
15870
15872
15873
15878
15879
15881
15886
15887
15890
15891
15892
15894
15895
15896
15897
15901
15903
15906
15908
15913
15916
15917
15920
15921
15925
15927
15932
15936
15939
15943
15950
15953
15955
15956
15957
15962
15963
15966
15967
15968
15970
15971
15972
15976
15978
15980
15981
15982
15983
15984
15986
15988
15989
15990
15998
16002
16003
16009
16011
16013
16015
16017
16022
16023
16025
16026
16027
16029
16030
16033
16036
16038
16043
16044
16045
16048
16054
16058
16060
16061
16064
16065
16067
16069
16073
16076
16079
16082
16083
16088
16089
16090
16094
16100
16103
16104
16106
16107
16109
16110
16112
16114
16116
16118
16119
16121
16122
16124
16128
16131
16134
16136
16137
16142
16143
16148
16150
16153
16155
16156
16158
16161
16166
16167
16170
16172
16176
16177
16179
16181
16183
16184
16185
16187
16188
16189
16190
16192
16194
16197
16200
16201
16203
16205
16209
16210
16212
16216
16217
16219
16220
16222
16226
16227
16229
16231
16232
16234
16238
16240
16241
16242
16244
16247
16248
16249
16253
16255
16256
16258
16260
16262
16267
16268
16269
16273
16274
16277
16278
16279
16281
16282
16284
16288
16289
16290
16294
16299
16304
16305
16306
16307
16310
16313
16314
16316
16319
16320
16321
16325
16328
16336
16344
16347
16348
16349
16350
16351
16352
16358
16359
16362
16366
16367
16370
16375
16380
16381
16383
16384
16385
16386
16391
16398
16401
16402
16403
16404
16408
16409
16410
16411
16412
16413
16415
16416
16421
16422
16423
16424
16427
16428
16429
16433
16436
16437
16439
16441
16445
16446
16447
16454
16455
16459
16461
16462
16463
16465
16467
16471
16472
16474
16476
16479
16480
16481
16482
16483
16484
16487
16488
16490
16491
16493
16497
16498
16499
16500
16501
16502
16503
16506
16508
16511
16513
16514
16517
16522
16524
16527
16528
16529
16531
16533
16535
16538
16542
16543
16545
16550
16551
16553
16557
16558
16559
16560
16561
16564
16565
16567
16568
16569
16572
16574
16575
16576
16577
16580
16581
16582
16586
16588
16589
16590
16593
16595
16596
16598
16601
16602
16606
16610
16611
16612
16613
16618
16627
16635
16637
16641
16642
16646
16647
16648
16649
16652
16656
16659
16674
16689
16690
16692
16699
16702
16703
16707
16708
16710
16712
16713
16719
16721
16722
16726
16728
16730
16732
16739
16740
16743
16744
16745
16746
16747
16749
16752
16759
16761
16762
16763
16768
16771
16772
16773
16775
16776
16779
16780
16784
16785
16787
16788
16789
16792
16799
16800
16801
16804
16807
16809
16812
16813
16818
16819
16822
16823
16825
16828
16830
16833
16835
16836
16837
16838
16839
16840
16842
16843
16844
16845
16847
16850
16851
16853
16857
16860
16863
16864
16865
16867
16868
16869
16872
16873
16876
16878
16880
16883
16884
16889
16893
16896
16898
16900
16906
16907
16908
16909
16912
16916
16918
16919
16920
16923
16924
16928
16930
16932
16934
16939
16942
16946
16947
16953
16964
16970
16971
16977
16982
16985
16993
16994
16995
16996
17003
17004
17005
17009
17015
17017
17030
17038
17048
17064
17065
17075
17097
17109
17114
17129
17147
17154
17170
17175
17184
17188
17206
17208
17212
17214
17216
17219
17220
17222
17226
17228
17230
17231
17233
17238
17241
17249
17251
17254
17282
17290
17292
17296
17300
17301
17303
17305
17308
17309
17312
17313
17317
17318
17320
17322
17329
17330
17332
17334
17335
17338
17339
17340
17341
17342
17344
17345
17347
17357
17358
17361
17362
17363
17370
17372
17374
17375
17377
17379
17381
17383
17384
17386
17388
17390
17391
17392
17394
17397
17400
17407
17416
17418
17421
17428
17429
17433
17436
17437
17443
17444
17445
17446
17451
17455
17459
17460
17461
17465
17466
17467
17468
17472
17475
17478
17479
17482
17484
17487
17488
17492
17493
17502
17517
17522
17528
17531
17532
17533
17535
17541
17543
17544
17549
17550
17551
17552
17553
17554
17555
17559
17561
17563
17564
17567
17573
17583
17585
17588
17592
17595
17597
17600
17603
17605
17607
17608
17613
17614
17618
17621
17625
17631
17642
17647
17648
17650
17656
17659
17662
17664
17671
17683
17690
17700
17703
17711
17723
17726
17730
17738
17739
17743
17756
17768
17786
17794
17797
17811
17812
17819
17821
17827
17837
17842
17845
17851
17856
17860
17871
17881
17883
17887
17895
17903
17905
17914
17919
17924
17939
17941
17943
17957
17966
17971
17978
17989
17995
18009
18012
18028
18033
18069
18074
18077
18080
18086
18087
18090
18092
18093
18095
18099
18106
18108
18112
18113
18115
18116
18117
18119
18120
18126
18127
18128
18129
18130
18140
18145
18146
18151
18153
18157
18160
18167
18172
18175
18182
18185
18191
18192
18194
18198
18200
18206
18207
18209
18212
18213
18214
18219
18226
18228
18229
18230
18237
18241
18251
18252
18257
18260
18263
18264
18265
18273
18277
18278
18281
18284
18288
18289
18291
18295
18297
18299
18304
18305
18311
18317
18319
18324
18329
18333
18339
18341
18344
18346
18349
18350
18351
18354
18357
18360
18362
18363
18366
18367
18368
18371
18372
18373
18375
18380
18384
18390
18395
18401
18407
18437
18440
18459
18466
18470
18486
18493
18494
18495
18508
18525
18539
18542
18552
18555
18558
18559
18569
18572
18575
18582
18585
18589
18591
18592
18611
18615
18617
18625
18632
18634
18635
18646
18654
18656
18664
18667
18682
18683
18684
18686
18691
18692
18693
18697
18701
18702
18703
18706
18707
18708
18715
18716
18717
18721
18722
18729
18731
18735
18738
18740
18742
18743
18746
18749
18755
18756
18758
18759
18761
18762
18764
18765
18769
18775
18780
18782
18784
18787
18788
18789
18792
18793
18794
18798
18799
18800
18804
18810
18816
18826
18830
18831
18832
18834
18835
18840
18847
18849
18852
18856
18857
18863
18865
18867
18868
18872
18873
18874
18875
18882
18884
18888
18891
18893
18896
18898
18899
18901
18902
18906
18907
18909
18910
18912
18915
18916
18927
18928
18930
18932
18934
18935
18936
18938
18943
18945
18949
18953
18954
18956
18957
18961
18963
18964
18967
18970
18976
18980
18981
18985
18986
18990
18992
18994
18995
18999
19002
19009
19012
19015
19020
19023
19026
19028
19031
19034
19048
19055
19058
19059
19062
19064
19068
19076
19087
19088
19089
19093
19095
19098
19099
19101
19104
19111
19112
19116
19118
19120
19121
19122
19123
19128
19132
19138
19145
19152
19153
19164
19165
19168
19170
19171
19172
19173
19181
19185
19187
19189
19198
19214
19217
19220
19229
19231
19232
19237
19245
19248
19250
19258
19260
19261
19264
19273
19276
19278
19283
19286
19291
19293
19295
19297
19308
19322
19336
19344
19346
19347
19354
19358
19361
19382
19383
19388
19391
19392
19394
19396
19417
19425
19426
19430
19432
19433
19434
19435
19439
19442
19445
19446
19454
19455
19460
19464
19474
19476
19478
19481
19497
19501
19503
19504
19515
19518
19524
19526
19533
19535
19536
19541
19543
19544
19555
19557
19561
19562
19566
19567
19571
19572
19578
19621
19643
19654
19666
19682
19684
19693
19697
19705
19707
19708
19716
19719
19723
19732
19735
19742
19745
19747
19750
19753
19755
19759
19767
19772
19773
19774
19778
19782
19788
19789
19791
19793
19796
19802
19805
19807
19808
20109
20144
20161
20206
20213
20215
20218
20222
20244
20417
20604
20610
20619
20637
20670
20681
20705
20710
20739
20778
20779
20781
20788
20798
20804
20806
20809
20810
20811
20816
20819
20820
20825
20826
20841
20846
20856
20860
20879
20887
20894
20896
20904
20907
20913
20914
20916
20918
20921
20940
20948
20958
20962
20968
20969
20975
20993
20994
21001
21002
21007
21022
21025
21030
21035
21039
21045
21046
21047
21051
21058
21077
21106
21115
21118
21122
21123
21152
21202
21226
21249
21258
21274
21305
21307
21316
21381
21386
21435
21475
21493
21502
21528
21542
21555
21574
21591
21596
21597
21600
21601
21609
21617
21618
21626
21630
21633
21634
21635
21636
21637
21638
21648
21651
21652
21656
21666
21671
21672
21677
21679
21682
21693
21696
21709
21710
21723
21724
21730
21731
21732
21737
21778
21782
21786
21792
21799
21804
21812
21820
21822
21825
21830
21831
21836
21837
21844
21853
21856
21869
21873
22435
22437
22459
22463
22464
22467
22477
22478
22487
22499
22500
22505
22506
22507
22515
22516
22517
22519
22524
22525
22540
22550
22563
22566
22577
22579
22581
22582
22584
22587
22588
22594
22598
22601
22614
22615
22618
22625
22636
22637
22642
22645
22646
22650
22651
22653
22657
22659
22666
22671
22681
22686
22701
22712
22715
22726
22728
22733
22743
22744
22757
22761
22763
22770
22782
22783
22787
22791
22796
22797
22800
22804
22819
22822
22825
22826
22829
22831
22834
22835
22847
22853
22855
22861
22862
22867
22870
22875
22876
22881
22882
22884
22887
22892
22897
22901
22902
22904
22906
22907
22909
22913
22915
22916
22920
22924
22929
22930
22931
22933
22934
22936
22937
22941
22942
22944
22945
22946
22947
22950
22955
22959
22962
22963
22971
22976
22979
22983
22984
22986
22988
22991
22992
22994
22997
22998
23001
23004
23006
23007
23012
23016
23020
23021
23024
23025
23027
23028
23029
23038
23039
23041
23042
23044
23047
23048
23049
23050
23055
23057
23061
23063
23064
23065
23066
23067
23071
23074
23077
23079
23080
23084
23086
23094
23100
23102
23103
23112
23113
23116
23118
23122
23147
23151
23152
23153
23154
23156
23157
23160
23161
23162
23163
23164
23166
23168
23169
23171
23172
23179
23182
23185
23186
23189
23190
23191
23193
23194
23195
23196
23197
23200
23201
23202
23206
23209
23212
23213
23217
23220
23222
23223
23226
23227
23228
23231
23235
23238
23240
23243
23244
23247
23251
23258
23260
23262
23265
23267
23273
23277
23278
23287
23289
23291
23292
23294
23295
23298
23301
23304
23307
23309
23310
23311
23313
23317
23319
23320
23321
23322
23323
23324
23326
23331
23333
23336
23337
23338
23340
23342
23343
23344
23350
23354
23355
23356
23360
23361
23371
23373
23375
23389
23391
23395
23396
23397
23400
23401
23403
23404
23407
23408
23410
23412
23413
23414
23415
23416
23417
23418
23422
23423
23427
23432
23435
23441
23443
23445
23447
23448
23451
23453
23455
23459
23464
23467
23468
23469
23471
23472
23475
23477
23479
23484
23486
23487
23488
23490
23491
23492
23494
23497
23498
23499
23501
23509
23514
23517
23520
23524
23525
23529
23530
23532
23535
23540
23541
23547
23548
23551
23553
23555
23556
23557
23560
23561
23562
23563
23564
23565
23568
23569
23570
23571
23572
23573
23577
23580
23582
23586
23587
23588
23589
23590
23591
23593
23595
23596
23598
23599
23603
23604
23609
23614
23615
23617
23618
23619
23621
23622
23624
23628
23629
23630
23633
23636
23637
23640
23642
23646
23648
23650
23651
23652
23653
23654
23655
23656
23659
23660
23661
23663
23665
23667
23669
23671
23673
23675
23676
23677
23678
23679
23683
23684
23685
23686
23687
23689
23690
23691
23695
23698
23699
23703
23705
23706
23707
23710
23712
23713
23716
23717
23719
23720
23722
23723
23724
23726
23727
23729
23731
23732
23734
23735
23738
23739
23740
23742
23743
23744
23745
23747
23749
23751
23752
23755
23756
23757
23758
23759
23760
23761
23762
23763
23764
23765
23768
23769
23771
23772
23773
23774
23775
23779
23781
23783
23784
23785
23787
23788
23789
23791
23793
23794
23797
23800
23802
23804
23805
23806
23808
23809
23810
23811
23812
23814
23815
23817
23819
23821
23822
23823
23826
23829
23830
23831
23832
23835
23837
23838
23839
23840
23841
23842
23843
23844
23845
23846
23848
23849
23853
23854
23857
23858
23860
23861
23862
23863
23864
23867
23869
23870
23871
23872
23873
23874
23875
23876
23877
23880
23881
23882
23883
23884
23885
23886
23891
23892
23896
23897
23898
23899
23901
23902
23903
23904
23905
23908
23909
23911
23912
23913
23916
23918
23920
23921
23922
23924
23926
23927
23929
23930
23931
23932
23933
23936
23939
23940
23944
23948
23949
23950
23951
23952
23953
23955
23957
23958
23960
23961
23969
23970
23972
23973
23975
23976
23978
23980
23981
23982
23983
23984
23986
23987
23988
23989
23992
23993
23996
23997
23998
24005
24007
24008
24009
24010
24011
24013
24014
24015
24018
24021
24022
24023
24026
24027
24028
24029
24031
24032
24033
24034
24036
24040
24046
24050
24052
24054
24055
24059
24062
24063
24065
24067
24068
24069
24072
24075
24077
24078
24079
24080
24081
24082
24084
24086
24087
24088
24090
24092
24093
24094
24097
24099
24100
24102
24103
24104
24105
24106
24107
24108
24109
24111
24113
24114
24118
24120
24122
24126
24127
24128
24131
24132
24133
24134
24135
24137
24138
24139
24141
24142
24143
24144
24145
24148
24150
24151
24152
24154
24155
24156
24157
24158
24159
24162
24165
24166
24167
24171
24172
24173
24174
24176
24177
24178
24181
24182
24183
24184
24185
24186
24187
24188
24191
24192
24194
24196
24199
24201
24202
24203
24204
24207
24208
24209
24210
24211
24212
24213
24214
24215
24217
24218
24220
24222
24223
24226
24227
24228
24234
24235
24237
24239
24240
24242
24243
24245
24246
24247
24248
24250
24251
24252
24257
24260
24262
24263
24264
24265
24266
24267
24268
24269
24270
24271
24274
24276
24277
24278
24279
24281
24282
24283
24285
24286
24287
24288
24290
24292
24293
24295
24300
24303
24305
24307
24308
24309
24310
24311
24312
24314
24317
24318
24319
24322
24324
24325
24326
24327
24328
24329
24332
24334
24335
24339
24340
24344
24346
24347
24349
24350
24351
24352
24353
24355
24356
24357
24359
24361
24362
24363
24364
24367
24369
24370
24373
24375
24376
24378
24379
24380
24381
24382
24383
24384
24385
24387
24389
24390
24391
24392
24393
24395
24396
24397
24399
24400
24401
24402
24405
24407
24410
24411
24413
24414
24415
24416
24417
24418
24419
24420
24421
24423
24425
24426
24427
24429
24430
24431
24433
24434
24436
24437
24438
24439
24440
24441
24443
24447
24448
24450
24452
24454
24455
24457
24460
24462
24464
24465
24466
24467
24468
24470
24472
24473
24474
24476
24478
24479
24481
24483
24485
24486
24488
24489
24490
24493
24494
24496
24497
24498
24501
24502
24503
24504
24505
24507
24508
24509
24511
24513
24514
24515
24516
24517
24519
24522
24524
24525
24526
24527
24528
24530
24534
24536
24538
24539
24540
24542
24543
24544
24546
24548
24550
24552
24554
24555
24556
24558
24559
24560
24561
24562
24563
24564
24568
24569
24571
24572
24574
24575
24577
24578
24579
24581
24583
24585
24587
24588
24589
24590
24591
24596
24597
24598
24599
24600
24602
24603
24605
24607
24609
24610
24613
24614
24615
24618
24619
24620
24621
24624
24626
24627
24629
24630
24631
24633
24636
24637
24639
24641
24642
24643
24644
24645
24647
24649
24650
24654
24658
24663
24668
24669
24670
24672
24673
24674
24675
24676
24680
24683
24687
24689
24690
24691
24697
24700
24701
24703
24704
24705
24706
24708
24709
24710
24712
24713
24715
24716
24717
24718
24719
24721
24724
24725
24726
24727
24728
24729
24732
24734
24736
24741
24742
24744
24747
24749
24750
24752
24753
24754
24760
24761
24762
24765
24768
24771
27070
27074
27075
27076
27077
27080
27081
27087
27088
27089
27090
27092
27095
27096
27097
27098
27099
27100
27101
27102
27108
27110
27111
27113
27114
27116
27117
27118
27119
27126
27127
27128
27129
27130
27131
27133
27135
27137
27138
27140
27142
27143
27144
27145
27146
27147
27150
27156
27157
27159
27168
27170
27173
27174
27176
27180
27183
27185
27186
27187
27188
27189
27190
27191
27197
27198
27200
27203
27208
27212
27216
27219
27222
27223
27227
27232
27233
27241
27243
27246
27248
27249
27255
27256
27260
27261
27262
27264
27266
27268
27269
27270
27272
27274
27279
27280
27281
27282
27283
27285
27291
27294
27296
27297
27301
27304
27306
27307
27309
27313
27315
27316
27321
27322
27325
27326
27329
27333
27335
27344
27345
27347
27348
27352
27354
27364
27383
27384
27385
27389
27393
27395
27400
27403
27404
27405
27412
27413
27416
27417
27418
27422
27423
27424
27428
27429
27430
27431
27434
27436
27437
27440
27446
27450
27452
27454
27455
27457
27464
27466
27470
27471
27472
27473
27475
27477
27481
27482
27483
27487
27488
27489
27491
27492
27493
27494
27495
27497
27498
27499
27500
27503
27508
27509
27510
27511
27512
27516
27519
27522
27523
27528
27538
27539
27541
27546
27547
27553
27561
27563
27569
27572
27573
27574
27579
27580
27581
27583
27585
27589
27590
27591
27592
27596
27598
27599
27602
27604
27605
27606
27612
27618
27621
27622
27623
27625
27627
27630
27631
27632
27636
27643
27660
27664
27665
27667
27668
27669
27670
27677
27679
27680
27687
27688
27690
27696
27697
27699
27702
27706
27707
27712
27715
27716
27721
27728
27736
27737
27740
27748
27749
27750
27765
27766
27767
27769
27777
27778
27779
27780
27782
27789
27790
27801
27802
27804
27805
27808
27811
27812
27814
27819
27820
27825
27826
27827
27830
27835
27840
27841
27843
27844
27846
27849
27851
27852
27853
27855
27857
27859
27861
27870
27872
27874
27876
27879
27881
27883
27887
27889
27894
27896
27900
27901
27909
27910
27911
27914
27917
27919
27920
27922
27927
27934
27938
27940
27943
27946
27950
27954
27957
27958
27963
27964
27966
27967
27968
27982
27983
27984
27986
27995
27996
27997
28001
28004
28010
28011
28022
28038
28052
28055
28063
28065
28066
28072
28077
28078
28079
28083
28084
28089
28093
28096
28102
28105
28106
28108
28111
28116
28118
28121
28132
28134
28135
28136
28138
28139
28142
28145
28149
28150
28158
28162
28164
28166
28168
28170
28173
28174
28176
28177
28178
28179
28180
28184
28186
28187
28189
28191
28192
28198
28199
28203
28204
28205
28206
28211
28214
28215
28216
28221
28222
28223
28224
28226
28227
28228
28232
28233
28238
28240
28241
28242
28245
28248
28250
28252
28254
28255
28258
28259
28262
28263
28265
28267
28268
28269
28270
28271
28273
28274
28277
28279
28282
28283
28285
28286
28287
28289
28290
28295
28303
28308
28311
28314
28316
28317
28319
28321
28323
28324
28327
28330
28335
28339
28340
28346
28349
28352
28356
28357
28359
28362
28364
28366
28368
28369
28370
28372
28377
28380
28386
28387
28388
28396
28397
28408
28413
28419
28422
28429
28431
28439
28440
28443
28447
28448
28453
28454
28458
28463
28465
28470
28480
28482
28483
28487
28492
28493
28501
28503
28506
28509
28516
28518
28519
28534
28535
28539
28543
28547
28552
28558
28561
28566
28568
28572
28574
28575
28578
28580
28587
28595
28602
28604
28605
28607
28609
28610
28614
28621
28625
28626
28632
28635
28641
28648
28649
28650
28652
28656
28663
28664
28666
28674
28675
28677
28682
28684
28687
28693
28695
28696
28699
28707
28708
28709
28714
28715
28718
28721
28727
28744
28745
28747
28755
28759
28763
28769
28775
28780
28781
28783
28794
28796
28811
28814
28822
28838
28848
28870
28874
28892
28910
28911
28913
28930
28933
28935
28936
28941
28943
28953
28960
28962
28973
28975
28986
28992
28993
28994
28996
28999
29004
29008
29012
29014
29020
29028
29029
29036
29037
29041
29043
29048
29055
29056
29059
29062
29069
29074
29081
29082
29088
29091
29092
29101
29109
29130
29135
29140
29153
29154
29167
29176
29202
29203
29207
29210
29214
29218
29224
29230
29233
29252
29255
29265
29267
29278
29279
29280
29284
29285
29286
29298
29303
29318
29322
29347
29359
29365
29367
29370
29371
29376
29388
29394
29395
29436
29438
29447
29458
29468
29474
29481
29485
29487
29492
29498
29499
29501
29508
29514
29518
29528
29532
29535
29538
29548
29551
29553
29555
29559
29571
29572
29575
29578
29585
29586
29608
29616
29617
29626
29631
29636
29639
29644
29651
29657
29658
29662
29665
29722
29736
29771
29789
29795
29806
29820
29836
29912
29968
29976
29980
30009
30028
30030
30078
30093
30115
30116
30125
30177
30184
30208
30217
30222
30364
30375
30428
30429
30479
30486
30574
30629
30652
30700
30704
30720
30751
30753
30755
30757
30758
30775
30777
30780
30794
30797
30801
30808
30814
30820
30829
30837
30839
30843
30849
30870
30871
30873
30882
30888
30903
30906
30915
30919
30970
30990
30999
31016
31022
31026
31031
31037
31091
31100
31115
31237
31276
31298
31307
31315
31321
31347
31349
31359
31364
31365
31366
31369
31371
31387
31389
31391
31396
31400
31401
31405
31411
31412
31419
31422
31424
31426
31431
31434
31436
31441
31444
31446
31448
31455
31458
31461
31462
31465
31474
31477
31482
31483
31489
31490
31491
31497
31498
31501
31503
31514
31523
31525
31532
31533
31535
31536
31537
31540
31548
31551
31556
31559
31569
31573
31574
31580
31587
31595
31599
31608
31614
31634
31635
31643
31644
31650
31672
31673
31688
31691
31711
31741
31765
31788
31793
31796
31804
31838
31844
31862
31867
31868
31876
31888
31925
31932
31937
31963
31971
31975
31981
31988
31994
32001
32014
32030
32040
32046
32048
32057
32073
32075
32076
32084
32089
32091
32109
32138
32151
32170
32171
32216
32243
32246
32277
32289
32295
32302
32306
32308
32329
32332
32338
32344
32371
32382
32387
32418
32419
32448
32467
32484
32503
32511
32530
32531
32539
32552
32582
32588
32591
32600
32603
32604
32613
32627
32630
32631
32637
32639
32647
32662
32664
32679
32690
32691
32703
32705
32709
32713
32716
32741
32765
32766
32767
32776
32802
32818
32827
32838
32852
32861
32875
32896
32899
32901
32907
32912
32919
32920
32923
32925
32935
32955
32957
32981
32995
33000
33016
33020
33025
33035
33055
33076
33084
33101
33125
33133
33159
33163
33178
33179
33189
33193
33217
33340
33350
33358
33376
33391
33395
33404
33408
33413
33433
33434
33450
33467
33470
33480
33481
33509
33527
33549
33557
33559
33568
33581
33588
33591
33595
33601
33612
33623
33627
33629
33633
33639
33649
33653
33659
33661
33674
33697
33700
33704
33705
33713
33716
33737
33760
33761
33765
33784
33785
33925
33935
33956
33964
33968
33972
33982
34006
34011
34037
34059
34065
34082
34095
34104
34126
34135
34143
34150
34211
34215
34241
34245
34249
34250
34298
34318
34337
34348
34356
34384
34391
34402
34408
34410
35337
35343
35354
35366
35400
35417
35421
35424
35430
35434
35492
35507
35528
35536
35548
35770
35800
35813
35815
35817
35818
36439
36463
36472
36473
36476
36485
36553
36606
36638
36654
36658
36717
36738
36769
36784
36795
36823
36887
36896
36907
36908
36912
36915
36920
36943
36945
36946
36949
36950
36955
36964
36966
36968
36980
37000
37014
37086
37104
37123
37136
37162
37178
37185
37194
37201
37210
37213
37221
37235
37239
37247
37256
37258
37260
37265
37269
37272
37274
37279
37281
37284
37288
37291
37292
37296
37300
37302
37321
37333
37335
37357
37358
37362
37368
37371
37386
37403
37407
37408
37409
37414
37427
37431
37454
37459
37519
37540
37543
37558
37559
37560
37561
37571
37572
37579
37588
37591
37599
37602
37605
37608
37610
37612
37613
37620
37621
37636
37639
37648
37650
37655
37672
37676
37680
37691
37704
37706
37710
37714
37717
37723
37727
37728
37729
37736
37737
37756
37757
37761
37769
37774
37781
37784
37786
37790
37794
37796
37797
37798
37803
37804
37806
37808
37812
37814
37815
37817
37819
37833
37835
37846
37847
37848
37849
37872
37876
37878
37880
37885
37888
37890
37893
37896
37898
37900
37901
37903
37906
37908
37914
37917
37918
37919
37920
37935
37939
37940
37941
37942
37944
37946
37947
37960
37961
37964
37966
37983
37984
37985
37989
37993
37994
37995
38001
38005
38007
38008
38010
38011
38013
38016
38024
38026
38029
38032
38033
38036
38037
38038
38041
38042
38043
38044
38046
38047
38049
38050
38054
38057
38059
38062
38063
38071
38074
38075
38076
38078
38079
38080
38082
38084
38087
38091
38092
38097
38098
38099
38103
38108
38113
38114
38117
38120
38128
38130
38134
38135
38142
38143
38144
38147
38149
38151
38156
38158
38181
38182
38188
38191
38206
38212
38222
38224
38234
38237
38257
38261
38275
38287
38288
38291
38292
38296
38300
38306
38310
38311
38318
38322
38326
38327
38332
38335
38346
38348
38349
38354
38368
38380
38383
38392
38402
38414
38422
38423
38427
38433
38440
38446
38452
38454
38462
38473
38480
38483
38496
38497
38504
38505
38507
38508
38518
38528
38533
38536
38544
38550
38553
38563
38566
38569
38573
38575
38577
38578
38580
38584
38589
38598
38602
38638
38645
38648
38660
38664
38672
38676
38687
38701
38702
38704
38705
38707
38708
38712
38716
38720
38724
38728
38729
38730
38733
38734
38736
38741
38743
38751
38754
38766
38768
38777
38783
38784
38793
38794
38798
38804
38806
38817
38823
38825
38827
38832
38837
38838
38843
38853
38854
38866
38868
38872
38884
38886
38905
38906
38909
38911
38912
38915
38925
38927
38928
38935
38937
38943
38952
38953
38959
38965
38968
38969
38983
38994
39009
39010
39018
39028
39038
39042
39044
39065
39068
39079
39086
39088
39093
39100
39101
39102
39103
39104
39106
39116
39118
39121
39124
39127
39131
39133
39142
39147
39150
39157
39169
39172
39173
39175
39188
39190
39191
39193
39205
39213
39218
39219
39221
39227
39236
39240
39248
39260
39263
39267
39270
39276
39277
39280
39282
39283
39286
39291
39297
39300
39302
39303
39306
39312
39314
39315
39317
39318
39321
39322
39328
39334
39335
39336
39337
39351
39357
39364
39367
39369
39374
39378
39385
39390
39395
39396
39407
39412
39414
39415
39419
39421
39431
39433
39436
39437
39442
39444
39446
39449
39452
39469
39476
39484
39486
39491
39500
39510
39513
39521
39522
39523
39537
39542
39546
39555
39556
39559
39562
39565
39566
39569
39580
39584
39592
39603
39604
39616
39622
39623
39639
39646
39649
39655
39660
39663
39668
39669
39672
39675
39682
39684
39689
39693
39694
39695
39698
39700
39704
39706
39708
39717
39719
39721
39724
39727
39729
39735
39736
39739
39746
39749
39751
39755
39756
39759
39777
39794
39795
39796
39801
39803
39809
39852
39861
39864
39882
39888
39893
39908
39935
39936
39940
39981
39990
40007
40047
40102
40121
40128
40137
40142
40143
40175
40198
40211
40221
40235
40258
40287
40302
40434
40468
40525
40553
40556
40570
40583
40629
40662
40696
40731
40748
40764
40782
40789
40819
40822
40831
40845
40864
40877
40881
40888
40891
40906
40910
40920
40934
40940
40958
40967
40990
40996
40999
41014
41030
41057
41060
41077
41108
41118
41124
41136
41151
41224
41246
41259
41270
41275
41285
41302
41303
41310
41347
41357
41369
41394
41404
41426
41451
41482
41548
41564
41579
41609
41620
41627
41672
41707
41723
41727
41751
41758
41762
41765
41777
41791
41798
41800
41809
41821
41834
41851
41860
41866
41884
41890
41902
41906
41909
41945
41951
41969
41979
41983
42014
42020
42028
42038
42044
42062
42071
42072
42079
42101
43470
43521
43554
43569
43573
43606
43622
43637
43641
43659
43677
43678
43694
43702
43746
43757
43766
43786
43795
43817
43832
43835
43893
43906
43913
43921
43932
43947
43954
44002
44013
44017
44023
44052
44060
44070
44088
44110
44117
44145
44161
44171
44215
44216
44225
44250
44274
44293
44311
44404
44501
44511
44534
44596
44649
44693
44706
44728
44744
44751
44755
44842
44872
44904
44911
44918
45017
45048
45051
45063
45067
45082
45083
45111
45149
45218
45232
45233
45238
45242
45281
45292
45300
45310
45330
45337
45339
45348
45356
45365
45371
45374
45391
45597
45609
45617
45620
45628
45634
45652
45685
45692
46003
46018
46047
46104
50865
50984
50993
50996
51066
51083
51088
51143
51165
51166
51185
51214
51249
51257
51262
51276
51288
51295
51309
52286
52287
52302
52308
52313
52321
52344
52363
52389
52399
52509
52586
52632
52652
52666
52684
52742
52745
52765
52813
52825
52830
52849
52895
52897
52914
52964
52980
52997
53008
53009
53010
53011
53026
53027
53029
53034
53035
53044
53049
53054
53068
53069
53078
53081
53088
53095
53100
53106
53147
53161
53175
53191
53200
53210
53214
53225
53231
53235
53241
53247
53248
53253
53261
53263
53280
53286
53287
53295
53297
53298
53323
53324
53348
53350
53361
53362
53375
53378
53386
53387
53400
53415
53416
53426
53431
53441
53446
53451
53455
53460
53465
53475
53490
53520
53535
53537
53541
53543
53548
53554
53560
53564
53565
53571
53579
53584
53593
53598
53601
53605
53614
53621
53630
53649
53651
53655
53661
53668
53670
53677
53687
53689
53699
53701
53715
53724
53730
53734
53736
53737
53739
53757
53769
53772
53782
53785
53786
53797
53812
53814
53817
53827
53831
53837
53842
53850
53858
53862
53866
53867
53873
53885
53896
53903
53907
53911
53912
53920
53925
53940
53949
53966
53967
53968
53972
53973
53976
53977
53984
53992
53995
53999
54017
54021
54024
54026
54032
54035
54058
54061
54062
54073
54075
54077
54082
54089
54095
54101
54104
54106
54113
54114
54116
54121
54126
54127
54128
54129
54132
54139
54140
54141
54146
54150
54157
54159
54160
54165
54172
54173
54174
54195
54207
54216
54220
54226
54228
54235
54236
54237
54249
54253
54257
54262
54266
54270
54284
54287
54288
54300
54304
54307
54323
54325
54330
54337
54339
54345
54387
54389
54407
54422
54424
54425
54437
54443
54447
54450
54456
54464
54465
54468
54469
54471
54476
54489
54495
54501
54508
54515
54524
54527
54532
54535
54548
54549
54556
54559
54568
54569
54570
54575
54587
54592
54594
54605
54611
54614
54619
54624
54628
54630
54631
54635
54642
54646
54647
54650
54666
54668
54673
54677
54679
54681
54692
54695
54696
54700
54703
54707
54710
54713
54717
54725
54727
54730
54732
54735
54737
54741
54748
54756
54758
54763
54781
54783
54785
54786
54791
54792
54795
54802
54807
54810
54820
54822
54825
54826
54827
54834
54839
54842
54850
54861
54865
54871
54878
54879
54887
54896
54899
54904
54912
54913
54916
54920
54931
54940
54954
54990
54991
55010
55013
55029
55035
55042
55046
55047
55050
55061
55071
55084
55090
55095
55110
55112
55115
55119
55120
55122
55124
55140
55145
55148
55151
55188
55189
55207
55208
55216
55220
55223
55231
55233
55237
55238
55245
55247
55256
55259
55260
55266
55270
55275
55282
55288
55303
55310
55313
55323
55335
55346
55351
55358
55365
55367
55373
55378
55380
55387
55391
55395
55399
55410
55411
55418
55420
55426
55429
55435
55445
55447
55449
55452
55461
55463
55470
55472
55481
55499
55506
55527
55532
55540
55561
55568
55574
55589
55605
55617
55621
55629
55640
55653
55665
55669
55676
55687
55696
55699
55701
55708
55712
55718
55720
55747
55755
55801
55807
55817
55829
55872
55877
55889
55902
55910
55923
55936
55948
55970
55972
55989
55997
56026
56040
56061
56064
56087
56114
56119
56141
56142
56159
56160
56163
56167
56180
56197
56200
56206
56215
56219
56226
56233
56239
56241
56254
56261
56262
56277
56282
56286
56295
56301
56311
56329
56333
56355
56421
56455
56459
56475
56489
56493
56518
56526
56555
56560
56568
56571
56591
56602
56631
56674
56679
56681
56703
56710
56721
56726
56741
56761
56769
56775
56797
56801
56815
56831
56837
56843
56847
56853
56858
56866
56873
56888
56901
56912
56919
56937
56944
56960
56970
56973
56981
56988
56991
57002
57012
57023
57028
57032
57039
57056
57076
57079
57089
57107
57119
57160
57179
57222
57235
57252
57260
57289
57302
57307
57339
57393
57399
57411
57423
57439
57479
57482
57488
57504
57536
57540
57606
57622
57634
57659
57667
57681
57683
57690
57695
57745
57753
57768
57810
57818
57821
57876
57880
57917
57921
57971
57974
57979
57999
58029
58044
58054
58064
58116
58151
58168
58171
58205
58222
58280
58290
58303
58339
58354
58368
58388
58452
58465
58479
58494
58545
58576
58588
58595
58598
58624
58648
58662
58670
58691
58714
58733
58759
58766
58784
58802
58808
58814
58825
58829
58834
58844
58863
58872
58903
58922
58940
58953
58956
58975
58993
59001
59003
59022
59029
59033
59081
59083
59087
59102
59105
59114
59121
59130
59137
59141
59144
59163
59169
59179
59197
59204
60375
60397
60398
60436
60451
60474
60479
60487
60491
60510
60513
60517
60534
60544
60549
60580
60602
60616
60624
60626
60671
60676
60718
60721
60724
60740
60742
60788
60795
60798
60799
60803
60811
60847
60848
60852
60853
60861
60872
60875
60887
60893
60896
60912
60914
60915
60916
60932
60944
60947
60950
60952
60953
60956
60959
60960
60972
61002
61015
61024
61038
61051
61065
61092
61098
61137
61161
61178
61179
61182
61222
61241
61251
61254
61261
61265
61273
61279
61291
61293
61300
61549
61556
61558
61851
61862
61867
61874
61885
61887
61891
61899
61903
61926
61930
61938
61942
61943
61945
61950
61969
61973
67062
67067
67071
67073
67076
67099
67115
67129
67157
67205
67933
67948
67965
68005
68022
68029
68031
68032
68037
68044
68049
68056
68064
68067
68069
68070
68075
68083
68090
68099
68102
68104
68115
68117
68132
68133
68149
68167
68180
68182
68189
68193
68198
68259
68308
68318
68332
68334
68337
68419
68433
68441
68442
68445
68453
68473
68480
68497
68505
68548
68554
68559
68561
68574
68580
68590
68611
68612
68633
68636
68644
68649
68661
68664
68667
68684
68694
68697
68717
68720
68721
68737
68754
68756
68757
68764
68786
68818
68820
68826
68834
68841
68851
68866
68867
68876
68877
68878
68883
68892
68909
68911
68926
68952
68979
68981
68988
68999
69010
69020
69022
69026
69058
69060
69067
69071
69076
69093
69095
69105
69108
69115
69124
69130
69134
69140
69175
69177
69180
69187
69194
69196
69202
69203
69204
69207
69213
69219
69225
69226
69228
69269
69281
69294
69321
69326
69337
69345
69354
69355
69362
69372
69375
69377
69388
69401
69424
69438
69456
69469
69471
69485
69492
69535
69537
69548
69574
69622
69632
69654
69659
69663
69664
69670
69681
69690
69691
69702
69727
69740
69741
69744
69750
69754
69799
69800
69803
69816
69821
69828
69830
69837
69857
69883
69891
69895
69902
69915
69917
69923
69940
69944
69947
69949
69956
69964
69970
69980
69983
69987
69989
69995
69998
70007
70009
70013
70041
70060
70068
70075
70080
70094
70100
70101
70102
70109
70134
70145
70154
70189
70204
70225
70230
70237
70243
70258
70266
70268
70289
70292
70299
70301
70304
70319
70333
70350
70360
70373
70376
70387
70396
70400
70411
70416
70419
70421
70431
70440
70441
70445
70446
70452
70462
70471
70474
70479
70487
70494
70505
70507
70508
70516
70519
70524
70528
70537
70538
70549
70552
70562
70565
70567
70570
70580
70595
70602
70608
70614
70621
70629
70631
70634
70649
70653
70656
70660
70661
70668
70669
70670
70672
70680
70683
70695
70702
70706
70712
70721
70725
70731
70732
70739
70752
70761
70766
70774
70782
70783
70786
70845
70864
70870
70871
70879
70884
70890
70893
70901
70920
70925
70934
70942
70987
70993
71002
71012
71029
71030
71032
71037
71048
71061
71064
71066
71068
71103
71115
71118
71120
71129
71142
71145
71171
71174
71176
71198
71224
71228
71232
71236
71241
71267
71271
71288
71299
71308
71408
71410
71417
71423
71506
71549
71561
71578
71592
71595
71596
71606
71609
71694
71718
71731
71740
71773
71795
71822
71823
71840
71848
71856
71862
71899
71902
71921
71927
71939
71954
71958
71961
71971
71996
72003
72013
72017
72039
72103
72146
72152
72170
72178
72181
72187
72200
72212
72213
72222
72230
72234
72244
72252
72261
72266
72309
72317
72320
72349
72358
72380
72385
72423
72428
72528
72535
72552
72555
72572
72599
72604
72610
72622
72627
72628
72644
72649
72678
72690
72694
72699
72713
72720
72724
72735
72746
72762
72767
72773
72791
72793
72814
72818
72823
72826
72850
72875
72890
72892
72904
72908
72924
72948
72962
72967
73002
73009
73030
73036
73053
73062
73070
73074
73081
73083
73108
73120
73151
73156
73160
73164
73173
73179
73185
73190
73197
73233
73252
73261
73269
73285
73287
73288
73290
73296
73297
73298
73301
73304
73305
73313
73319
73321
73340
73355
73369
73371
73376
73381
73382
73387
73388
73392
73400
73411
73414
73456
73469
73497
73499
73516
73519
73526
73533
73538
73551
73556
73565
73568
73577
73578
73600
73610
73629
73638
73641
73653
73658
73662
73669
73680
73686
73691
73702
73710
73718
73722
73724
73738
73752
73756
73766
73771
73774
73784
73791
73797
73808
73823
73828
73854
73867
73878
73885
73890
73912
73921
73922
73933
73963
73969
73977
73978
73992
73999
74039
74060
74084
74088
74095
74115
74123
74128
74136
74190
74195
74218
74222
74230
74261
74287
74299
74314
74323
74325
74331
74335
74341
74343
74345
74355
74359
74367
74368
74370
74376
74380
74482
74504
74524
74548
74588
74596
74604
74625
74679
74696
74717
74728
74750
74774
74786
74816
74839
74846
74856
74870
74884
74888
74921
74943
74960
74997
75013
75022
75025
75047
75057
75066
75074
75110
75114
75147
75157
75166
75181
75198
75227
75233
75234
75237
75247
75264
75265
75270
75286
75308
75341
75356
75364
75392
75396
75400
75401
75405
75418
75463
75484
75519
75539
75545
75556
75567
75574
75584
75589
75596
75600
75619
75621
75629
75650
75654
75680
75685
75687
75689
75697
75709
76025
76040
76042
76060
76066
76073
76080
76081
76107
76108
76115
76117
76147
76152
76155
76166
76188
76189
76201
76203
76231
76232
76243
76248
76267
76277
76330
76335
76346
76366
76397
76400
76419
76454
76480
76509
76537
76560
76570
76575
76589
76611
76617
76629
76678
76693
76721
76725
76743
76765
77316
77319
77362
77371
77389
77401
77409
77422
77431
77458
77463
77487
77494
77516
77527
78525
78538
78556
78563
78572
78623
82837
82877
82885
82918
82922
82926
83724
83747
83776
83777
83781
83828
83832
83838
83850
83861
83863
83865
83883
83885
83926
83931
83935
83937
83941
83969
83974
84008
84010
84014
84025
84036
84063
84079
84085
84089
84093
84098
84104
84188
84232
84234
84295
84297
84304
84313
84320
84391
84420
84435
84451
84497
84550
84597
84617
84643
84663
84697
84710
84720
84723
84732
84735
84740
84741
84781
84795
84797
84806
84815
84825
84831
84832
84835
84847
84853
84880
84901
84906
84930
84938
84950
84961
84996
85014
85019
85025
85026
85034
85038
85041
85046
85053
85055
85082
85083
85249
85261
85272
85279
85283
85301
85307
85314
85325
85333
85352
85357
85365
85397
85407
85408
85416
85444
85464
85470
85485
85488
85502
85514
85545
85551
85557
85563
85565
85574
85578
85581
85585
85590
85593
85597
85617
85634
85637
85644
85678
85689
85690
85695
85698
85710
85728
85729
85751
85754
85762
85766
85767
85769
85776
85778
85787
85824
85829
85839
85876
85888
85938
85940
85950
85953
85960
85967
85968
85974
85976
85983
85985
85988
85996
85999
86001
86014
86017
86033
86057
86073
86091
86092
86098
86099
86111
86113
86124
86137
86166
86181
86196
86199
86207
86210
86245
86267
86277
86300
86306
86347
86354
86362
86363
86378
86385
86415
86442
86458
86461
86464
86470
86471
86480
86491
86606
86647
86672
86676
86748
86760
86779
86824
86883
86892
86905
86927
86931
86944
87011
87041
87081
87107
87114
87269
87276
87324
87331
87352
87374
87386
87400
87417
87423
87450
87462
87474
87500
87509
87514
87523
87530
87542
87554
87558
87567
87582
87588
87592
87596
87612
87627
87629
87630
87653
87657
87702
87714
87729
87739
87806
87808
87826
87831
87843
87861
87870
87885
87887
87889
87892
87920
87936
87937
87944
87964
87969
87971
87981
87990
87993
87998
88012
88018
88023
88042
88062
88092
88094
88120
88122
88127
88130
88136
88152
88153
88157
88164
88213
88215
88229
88239
88241
88246
88250
88254
88265
88271
88280
88293
88298
88331
88334
88361
88387
88407
88411
88446
88462
88472
88479
88483
88484
88487
88496
88504
88526
88529
88536
88542
88543
88574
88586
88590
88593
88606
88609
88611
88620
88623
88628
88630
88718
88719
88756
88779
88783
88794
88825
88826
88837
88838
88847
88870
88882
88885
88919
88921
88923
88930
88936
88937
88945
88946
88947
88948
88951
88955
89039
89098
89106
89116
89131
89139
89150
89203
89217
89226
89290
89320
89354
89403
89405
89416
89418
89437
89447
89450
89458
89459
89460
89476
89477
89500
89512
89524
89527
89533
89545
89546
89578
89589
89592
89611
89613
89616
89626
89641
89704
89710
89711
89728
89741
89742
89747
89759
89767
89774
89776
89793
89807
89812
89837
89855
89886
89934
89941
89956
89974
89977
90009
90016
90028
90030
90039
90048
90058
90078
90082
90101
90111
90116
90123
90125
90143
90147
90150
90152
90160
90166
90174
90176
90181
90185
90191
90199
90201
90202
90215
90228
90234
90250
90252
90262
90269
90272
90285
90286
90313
90325
90328
90332
90349
90351
90363
90364
90368
90379
90382
90394
90398
90413
90448
90457
90459
90463
90470
90481
90482
90483
90487
90489
90519
90529
90534
90540
90555
90557
90563
90568
90573
90578
90592
90598
90601
90602
90613
90614
90634
90713
90718
90749
90773
90777
90783
90791
90797
90799
90803
90820
90841
90842
90847
90868
90887
90912
90918
90937
90955
90964
90968
90974
90982
90989
90995
90998
91007
91011
91024
91049
91057
91060
91063
91073
91074
91087
91090
91095
91100
91103
91105
91113
91116
91120
91146
91172
91174
91187
91199
91200
91246
91284
91313
91320
91344
91387
91426
91433
91436
91458
91488
91489
91509
91516
91525
91531
91554
91565
91569
91610
91633
91639
91667
91669
91674
91695
91712
91718
91719
91729
91750
91753
91795
91806
91809
91820
91833
91847
91850
91873
91876
91882
91886
91888
91896
91898
91914
91930
91934
91938
92002
92004
92015
92036
92038
92049
92058
92072
92077
92087
92089
92102
92109
92115
92120
92143
92153
92156
92164
92185
92189
92193
92195
92196
92204
92206
92207
92211
92214
92221
92227
92233
92234
92235
92237
92254
92256
92258
92259
92260
92261
92268
92294
92295
92300
92305
92307
92309
92312
92313
92315
92322
92324
92325
92333
92346
92351
92354
92359
92365
92369
92370
92378
92383
92389
92390
92396
92398
92404
92405
92414
92428
92438
92447
92459
92518
92526
92532
92572
92604
92612
92616
92641
92671
92681
92708
92728
92730
92741
92763
92772
92797
92811
92839
92842
92846
92864
92875
92881
92892
92908
92918
92926
92952
93022
94134
94152
94155
94176
94192
94195
94200
94206
94219
94222
94227
94235
100819
100846
100849
101984
102006
102018
102029
102036
102057
102072
102080
102102
102121
102123
102142
102144
102158
102167
102175
102186
102188
102191
102205
102208
102223
102225
102237
102238
102262
102266
102272
102277
102285
102309
102317
102323
102327
102328
102353
102357
102364
102376
102399
102405
102412
102418
102420
102433
102435
102439
102444
102446
102449
102452
102458
102460
102492
102495
102500
102528
102530
102544
102555
102593
102604
102608
102612
102649
102664
102667
102673
102716
102732
102750
102756
102801
102870
102899
102922
102927
102936
102969
102973
102984
102988
102997
103001
103030
103046
103052
103073
103098
103121
103132
103142
103146
103149
103159
103181
103188
103201
103203
103212
103216
103219
103230
103246
103248
103306
103317
103344
103359
103366
103371
103374
103379
103400
103403
103519
103531
103563
103569
103572
103980
104025
104031
104068
104078
104093
104104
104109
104117
104124
104151
104165
104182
104184
104189
104197
104199
104203
104234
104238
104239
104242
104270
104299
104310
104311
104323
104353
104372
104378
104393
104432
104444
104505
104519
104522
104538
104543
104559
104591
104621
104634
104652
104668
104670
104718
104728
104737
104741
104743
104794
104820
104827
104836
104843
104867
104873
104879
104894
104902
104968
106414
106422
106426
106476
106480
106490
106508
106514
106546
106554
106569
106592
106596
106616
106651
106693
106718
106732
106748
106765
106892
106905
106930
106938
106954
107003
107020
107037
107052
107079
107084
107089
107315
108041
108136
108168
108196
108231
108255
108261
108404
108410
108449
108463
108501
108526
108554
108648
108662
108670
108721
108735
108785
108812
108848
108923
108928
108949
108958
108991
109006
109056
109079
109090
109102
109111
109126
109159
109172
109177
109178
109192
109195
109229
109234
109235
109237
109240
109288
109296
109315
109327
109351
109360
109402
109419
109422
109436
109441
109456
109464
109468
109480
109484
109485
109567
109604
109609
109611
109624
109639
109651
109653
109712
109726
109762
109784
109816
109820
109822
109837
109844
109848
109865
