89616
89611
89592
89545
89533
89524
89450
89447
89437
89416
89405
88955
88948
88947
88946
88945
88937
88936
88930
88921
88919
88885
88882
88718
88628
88623
88620
88611
88586
88543
88536
88529
88487
88484
88483
88462
88446
88411
88407
88331
88298
88293
88280
88271
88265
73321
72266
72252
72244
72230
72213
72200
72187
72170
72017
72013
72003
71996
71971
71958
71921
71902
71899
71609
71606
71596
71595
71561
71549
71423
71417
71410
71408
71308
71299
71288
71271
71267
71241
71236
71232
71228
71224
71198
71171
71145
71129
71120
71118
71115
71103
71066
71064
71061
13956
13953
13925
13904
13878
13867
13857
13801
13794
13759
13749
13741
13735
13731
13721
13707
13690
13681
13679
13675
13657
13653
13605
13590
13573
13568
13445
13435
13433
13415
13411
13399
13389
13385
13351
13346
13338
13286
13276
13256
13228
13223
13186
13131
13100
13060
13040
13037
12812
12582
12498
12451
12408
12192
12162
12097
12053
11990
11784
11772
11719
11707
11548
11438
11334
11322
11194
10746
10591
10277
9627
9527
9437
9423
9366
9365
9341
9326
9304
9303
9286
9256
9238
9236
9231
9228
9212
9102
9100
9079
9021
9011
9006
8988
8975
8909
8904
8893
8867
8856
8845
8834
8822
8819
8817
8811
8803
8725
8709
8700
8095
8056
7989
7788
7663
7626
7547
7487
7486
7448
7414
56555
7391
7213
7084
7082
7077
7052
6914
6907
6840
6748
6732
6564
6554
6542
6533
55676
55665
55629
55605
55452
55449
55445
55426
55420
6254
55411
55365
55323
55270
55247
55189
55188
5953
55035
55013
5789
54920
54904
54899
54879
54850
54839
54822
5663
54820
5650
54807
54791
5629
54786
5628
54710
5546
54703
54695
5431
5428
5413
5411
5398
5376
5338
5333
5323
5318
5313
5297
5282
5259
5100
5078
5015
5003
4982
4600
53736
53699
53689
53687
53677
53670
53564
4402
53554
53548
4245
4212
4089
3990
3853
3472
3375
3366
3359
3335
3296
3278
3269
3207
3131
3056
3043
2996
2962
2883
2823
2766
2746
2731
2500
2469
2441
2434
2428
2426
2424
2105
1993
1971
1953
1928
1881
1863
1740
1666
1579
1076
1012
1011
708
635
599
595
589
586
563
508
501
492
486
471
456
440
434
430
429
419
413
386
352
349
325
322
315
303
269
254
251
250
231
224
182
132
118
93
42
39893
39882
39861
39852
88923
88606
88593
88574
88542
88526
88361
88334
39131
39121
39116
38953
38952
38935
38928
38915
38909
38906
38886
38866
38854
38853
38817
38734
38733
38729
38728
38712
38708
38707
38701
38660
38638
13959
38507
13916
38473
38452
13869
38423
38414
38402
38392
13805
38368
38349
38348
38346
13777
38332
38327
38322
38311
38310
38296
38292
13727
38291
38287
38275
38257
38237
38188
38182
13594
13588
38147
13575
38134
13564
38128
13533
13527
13422
13396
13383
13339
13308
13284
13235
13116
37680
37672
13075
13054
37613
37608
37579
12707
12629
11956
11601
11168
11098
10706
10544
10358
10223
10165
9888
9680
9632
9653
9619
9630
9564
9526
9483
9505
9469
9441
9460
9409
9401
9350
9321
9298
9269
9292
9259
9235
9244
9232
9194
9188
9181
9174
9170
9165
9193
9164
9160
9151
9141
9124
9147
9105
9094
9084
9087
9058
9048
9046
9074
9069
9034
9030
9025
9022
9047
9018
9028
8998
8989
8986
8981
8979
9007
8965
8991
8971
8942
8938
8936
8949
8917
8855
8820
8810
8830
8801
8792
8778
8765
8744
8715
8706
8687
8710
8674
8667
8684
8647
8642
8580
8606
8576
8574
8514
8218
8213
8183
8157
8123
8116
8129
8085
8047
8002
7967
7876
7780
7748
7692
7671
7644
7589
7577
7488
7447
7440
7417
7445
7409
7408
7394
7353
56526
7337
56518
56493
56489
7286
7277
56459
7293
56421
7254
7243
7236
7256
7227
7204
7201
7191
7168
7110
7102
7099
7101
7049
7039
7033
7059
7019
7043
7002
7028
6911
6875
6836
6788
6800
6752
6739
31237
6596
6562
6571
6538
6549
6520
6540
55687
6499
55653
55621
6344
6326
6320
6314
6261
6258
6224
6223
55351
6194
6165
6159
6157
55310
6153
6156
6096
6092
6103
55260
6072
6080
6036
6035
5936
5917
5889
5914
55047
5848
5839
5832
5820
5803
5777
5769
5767
5743
5759
54887
5701
5725
5689
54865
5658
5617
54802
5609
5593
5574
54748
5527
5535
54681
54677
5458
5453
5400
5372
5261
5220
5130
5083
5069
5019
5006
4979
4963
4964
4886
4639
4622
53668
4203
4230
4166
28443
3845
28419
28387
28386
28380
3780
28357
28250
3655
28224
28199
3578
3571
3528
3480
3412
3411
27986
3365
27954
27927
27919
27910
27894
27887
3297
3279
3270
3241
3221
27804
3197
27790
27779
27769
3172
27765
3113
27702
3108
27668
3060
27632
27627
3019
27606
27604
3008
2997
27589
2987
27580
27572
27538
27522
27508
2884
2849
2761
27354
27333
2709
2727
27285
27255
27243
2598
2596
2592
2587
2524
2499
2496
2415
2386
2370
2351
2367
2199
1057
201
24762
24752
24750
24749
24744
24732
24728
24727
24724
24721
125
24718
24715
24713
24709
24708
24701
24687
77
75
32
24577
24569
24561
24560
24559
24558
24554
24552
24548
24539
24538
24507
24503
24493
24483
24479
24472
24467
24460
24448
24437
24436
24430
24429
24425
24421
24416
24411
24410
24390
24389
24381
24379
24376
24375
24373
24370
24362
24357
24351
24350
24344
24340
24339
24335
24327
24324
24322
24319
24317
24314
24310
24309
24307
24305
24303
24300
24295
24287
24277
24270
24269
24266
24263
24262
24260
24257
24251
24248
24243
24242
24239
24237
24222
24220
24217
24213
24211
24210
24208
24204
24203
24196
24192
24186
24185
24183
24182
24181
24177
24174
24172
24171
24167
24166
24165
73319
24159
73313
24156
24154
24151
24150
24145
24144
24143
24139
24131
24128
24127
24126
24120
24114
24113
24111
24107
24106
24105
24099
24097
24092
24090
24084
24080
24079
24077
24072
24069
24067
24065
24062
24055
24052
24046
24040
24036
24033
24032
24031
24028
24027
24023
24021
24018
24013
24010
24009
24007
24005
23997
23992
23989
23988
23978
23960
23958
23953
23950
23949
23948
23940
23933
23931
23927
73081
23922
73070
23913
23911
23908
73062
23905
23903
73053
23896
23891
23877
73030
23870
23853
73002
23841
23839
23835
23831
23822
23819
23817
23815
23812
23810
23805
23804
23802
23797
23789
23788
23787
23785
23784
23783
23774
23773
23772
23771
23769
23764
23763
23762
23760
23759
23758
23757
23752
23744
23740
23738
23732
23731
23724
23716
23707
23691
23689
23687
23686
23685
23683
23679
23678
23677
23676
23675
23673
23671
23669
23667
23665
23663
23661
23660
23659
23656
23655
23654
23653
23652
23651
23650
23648
23646
23642
23640
23637
23636
23633
23630
23629
23628
23624
23622
23619
23618
23617
23615
23614
23609
23604
23603
23599
23598
23596
23595
23593
23591
23590
23588
23587
23586
23582
23573
23572
23570
23562
23561
23557
23555
23551
23548
23547
23541
23540
23532
23530
23529
23525
23517
23514
23509
23501
23499
23498
23497
23494
23492
23491
23490
23488
23477
23475
23469
23467
23455
23453
23451
23448
23447
23445
23443
23441
23435
23432
23423
23418
23417
23415
23414
23412
23410
23407
23403
23401
23391
23389
23354
23343
23340
23338
23336
23324
23323
23322
23321
23319
23313
23310
23309
23307
23298
23289
23260
23258
23251
23247
23244
23240
23238
23235
23231
23226
23223
23222
23217
23213
23212
23209
23206
23201
23200
23197
23194
23193
23191
23189
23185
23179
23172
23171
23169
23168
23163
23162
23161
23160
23157
23156
23154
23153
23152
23122
23118
23116
23113
23112
23094
23086
23084
23080
23079
72234
23077
23074
23071
23066
72222
23063
23061
23057
72212
23055
23050
23049
23048
23047
23042
23041
23039
23029
23027
23025
72181
23024
72178
23021
23016
23012
23007
23006
23004
23001
22998
22997
22994
22992
22991
22988
22986
22984
22983
22979
22976
22971
22963
22962
22959
22950
22947
22946
22945
22944
22942
22937
22936
22934
22931
22930
22929
22920
22916
22915
22913
22909
22907
22906
22904
22901
22897
22892
22887
22884
22882
22881
22876
22875
22862
22861
22855
22853
22847
22834
22829
22825
71961
22804
22800
71954
22797
22796
22791
22787
71939
22782
71927
22770
22763
22761
22757
22744
22743
22733
22728
22726
22715
22701
22686
22681
22666
22657
10349
22653
22651
10342
22646
22645
22637
22625
22618
22615
22614
22598
22588
22587
22582
22581
22579
22577
22563
22540
22524
22519
22517
22516
22515
10232
22507
22506
10201
22505
22500
22499
22487
22478
22477
22464
22463
22459
71592
22435
71142
9631
9623
9518
9405
9375
9361
9293
9253
9131
9127
9117
9076
9095
9066
8974
8945
8964
8896
8859
8851
8791
8665
8664
8556
7576
7575
7484
7441
7401
7297
56475
7289
7229
7177
7142
7066
19358
19354
19346
19344
19293
7011
19286
6998
19261
31540
19250
19248
6940
19217
31503
19214
19187
19185
19181
19171
19170
19165
19152
19145
19138
19132
6853
19128
19122
19121
19120
19116
19112
19104
19099
31387
19098
19095
19093
19087
19068
19064
19058
19034
19031
19023
19020
19015
19009
18999
18995
18949
18945
18915
18910
18902
18896
18873
6593
6552
18849
18835
18830
18810
18800
18794
18789
18784
6483
55640
18756
18749
18740
18717
18716
18701
18697
18617
18611
18592
18591
6268
6191
6184
6167
6110
18375
18373
18372
18366
18362
18360
18357
6050
18351
18349
18346
18317
18295
18264
18260
18257
18252
18251
18241
18237
18229
18228
18214
5909
5908
18209
18207
5888
18175
18167
18157
18153
18145
18140
18130
5823
18119
18106
5795
18099
18095
5774
54931
54913
5712
17995
17989
17971
17966
5668
54825
5639
17943
5637
17941
17924
5615
17919
17905
17903
17895
5587
17887
17883
17881
17871
17860
17851
54727
5541
17845
17842
5533
17837
17827
17821
5544
17819
17812
17811
5500
17797
54668
17786
5480
17768
17756
17743
17739
17738
17730
17726
17723
17711
17703
17683
17671
17664
17659
17656
17650
17642
5327
17631
17613
17608
17605
17595
17592
17585
5269
17573
5281
5307
17567
5275
17559
17554
17553
17551
17541
5263
17533
17502
17492
17488
17484
17479
17465
5141
5129
5108
5087
5119
5090
5085
5058
5055
5051
5020
4947
17038
17030
4534
53701
4477
53621
53535
16580
16577
16564
16560
16557
16550
4242
4222
4069
28413
3805
28368
28362
16058
15950
28205
15916
89578
3514
15817
15795
3486
15779
3507
3478
15767
3434
3446
3450
89460
3447
15682
3391
15666
3374
3345
27938
3343
3348
3303
27896
27911
3318
3263
3242
3239
3223
15503
15465
27737
15426
3118
3133
27712
27690
3112
3132
27696
3103
15392
3074
15366
3047
3062
15348
27631
15328
3030
15319
27598
15309
3032
27596
3018
15307
27592
15303
15296
27573
15284
2981
15270
15269
2951
15240
15231
88951
15201
15196
15194
15192
15183
15182
15177
15174
15164
15159
15154
15143
15131
15123
15110
15104
15097
15083
15081
27364
15075
15064
15038
2722
15026
15025
15015
14992
14983
14979
14975
14958
14955
27219
14925
14883
2579
14868
14864
2551
14855
14846
2565
88590
14840
14839
14814
14813
14810
14804
14797
2477
14781
2489
88496
14746
14744
88472
14722
2430
2416
14698
14682
2373
2388
14677
14660
14651
14638
14618
14608
14605
14589
14588
14573
14568
14565
14563
14558
39150
14557
14553
39142
14549
2235
14396
1932
38806
14099
14087
14040
14039
14037
14035
14028
14024
14019
14011
14008
1701
14002
14001
14000
13993
13978
1683
13972
13919
38462
13862
13800
38383
13790
13767
1477
13766
13757
13750
38326
13733
13724
38306
13713
13697
13695
13689
13649
38224
13618
13617
13614
13604
13580
13536
13529
13545
13511
13443
13442
13438
13418
13392
13363
13343
1026
13315
1022
1006
997
13282
13294
13213
13204
37610
37602
607
559
523
515
483
12772
12701
385
379
370
12659
351
12669
348
353
324
308
279
252
248
12527
263
234
226
207
24761
24753
24736
24734
136
12440
24719
12430
24717
24706
24697
24690
105
101
52
59
12341
12312
24574
12285
24562
24544
24542
24526
12228
24485
12196
24454
12154
24392
24391
12048
24334
12043
24326
24312
24308
12015
24290
24285
24246
24245
24226
24187
24178
24138
11849
11848
24135
24109
24104
11813
24081
24011
24008
11676
11673
23961
11672
11646
11617
23837
23806
11517
17607
11456
11447
23727
17552
11401
23621
11332
11291
11260
11136
11135
23350
23342
23317
11025
11023
10989
23265
23262
23243
10950
23228
23227
23220
23202
23196
23195
23190
23186
23182
23151
23147
23028
23020
53739
10675
22955
22941
22933
22924
22902
10613
22870
22867
10575
22835
22831
22826
22822
22819
22783
10483
22712
10416
22671
10382
22659
22650
22636
4202
10303
22584
10295
22566
22550
10254
10237
22525
10236
22467
10176
10152
22437
3975
10113
9939
28377
9911
16048
16026
16025
15988
15968
15953
71174
15872
15863
15859
15854
9670
9685
9675
9669
9692
9663
9656
15803
3497
15801
3496
3540
3511
9649
89546
9638
71068
9611
3422
3437
3417
15712
9489
9503
89403
9502
3363
9501
27901
3336
27900
3315
9451
27872
9417
9439
3254
3247
3257
3228
9395
9363
27802
9344
9359
9331
9372
9343
3232
3203
27778
3200
9367
9333
9327
9319
3180
9318
9317
9340
3147
9291
3136
9285
3143
15432
9310
9281
9302
9273
3127
9248
15387
3096
9219
9216
3105
27669
15380
9229
3073
15367
27630
15335
9184
27618
15329
9163
9178
9167
3041
27605
15316
9162
9182
9153
2990
27583
15294
9140
9136
9135
15285
9134
2993
9114
9129
15275
9122
15262
15252
15246
15245
2949
15238
2975
27539
15235
27516
15227
27510
15221
9070
27509
15220
9052
2891
15195
15180
9029
15169
9009
15149
15146
15137
8966
15129
8963
15127
8976
15114
8958
8937
8952
15093
8927
15090
8939
15088
8916
8931
15076
8910
15061
15060
8923
8894
15057
15047
15030
8908
8879
15010
8858
15007
8870
15006
8869
8847
8833
14968
8831
8809
27241
14952
14937
8786
14903
8738
14887
2590
8741
2577
14875
2526
14830
2541
14829
8678
14819
14801
8635
8628
8643
2483
14787
2466
8631
2453
8618
8589
14736
8598
14748
88479
14729
14728
8548
14713
14706
14699
14689
14671
14662
2360
88387
14637
8498
14622
14591
14590
14570
14569
2267
14551
14560
14546
14542
2103
8214
2060
8195
8143
8158
8154
38884
8152
8128
8135
8108
8077
1937
8084
8081
1903
1893
14182
8043
8014
8016
14165
14162
14151
14144
7985
14125
14093
14101
38687
14094
14092
38672
14079
7941
14090
1788
7902
1765
14057
14053
7901
1757
14046
14031
14014
14012
7861
7858
13977
7829
13974
7814
13960
1650
1675
13963
13901
1620
7742
7723
13850
7684
1559
13877
13827
1525
13826
13820
7662
7628
13773
7622
7619
13763
13747
13752
7601
7596
13744
13728
7590
13740
7574
7572
7493
13645
38212
13619
7436
13558
7397
7372
7333
7308
13437
7299
56455
13448
7235
7250
1063
7137
13261
13246
7115
7080
7063
7051
7061
13181
19291
6967
13089
13129
19232
19189
711
687
19118
19028
602
573
6724
576
18981
18936
18891
445
6569
12580
275
18684
18635
6262
6246
55435
6249
6203
6185
6176
12310
55303
24572
6116
24568
6128
6108
6105
6101
6094
55245
6064
6053
6037
18339
55208
6015
6009
18297
5978
5967
12111
5960
24393
5933
24359
24356
5916
5912
18198
55050
5893
24328
5855
5869
5815
5781
5796
24227
11938
5787
5779
24209
5754
5753
5797
5768
5761
5751
24184
18033
5744
5719
14942
8771
5692
5703
17978
5681
5678
14898
17957
14867
2578
8729
17939
24086
11797
5646
14857
54826
5640
88609
5627
5595
24014
17856
5567
14785
5540
5555
14761
2461
8639
5531
5528
14710
8559
5438
14661
17690
5417
5388
14606
14595
5365
14566
17625
5336
5301
17561
17535
14382
5138
5134
14347
5123
5104
8164
5070
5040
5027
5011
4998
8005
23344
14078
23164
1514
4586
53724
4527
38300
13663
4328
4295
4215
4133
4093
10240
1023
13312
4057
13299
4066
7121
3925
3913
19276
28447
28429
28431
717
6868
19172
6883
3798
28369
19153
19123
19101
16022
15990
19062
19055
6764
604
6755
6737
31321
15966
19026
12884
15956
3668
28227
19012
28222
9792
19002
15921
28206
15897
9756
15894
3603
15903
15890
3601
12829
18967
15878
3589
15887
3573
3572
18935
15856
89589
15839
462
3525
15816
3520
420
15794
15787
15786
3484
424
12742
404
3483
15757
383
15749
3460
375
15743
3454
15739
365
3429
3444
3441
3430
89477
359
330
89459
3407
3416
3399
3395
3386
3383
299
3357
3369
9519
55617
3367
89418
3373
3344
3342
27934
3356
3328
236
27881
3290
27870
3291
3273
192
3260
24760
167
24742
164
3243
15522
3220
24712
3198
3184
27777
15488
15496
3194
3202
3173
3188
3171
3177
3175
15464
6236
6235
3153
3164
3150
6218
15428
55387
6216
3145
9283
3116
47
27699
3121
6195
27707
9267
3115
3110
6171
15381
3092
3087
15391
9220
27677
3084
27660
3111
3082
6145
6160
9217
27664
3058
3068
15357
9206
3051
9198
6121
24550
3044
3031
3006
15310
3021
9149
2998
27591
9159
15306
15293
3004
6070
27569
15290
15277
27581
2988
9138
27553
15264
15261
15272
39864
15271
15255
6044
15254
15265
6018
15248
27523
27519
15241
2935
27528
15239
15224
2922
15223
9072
24439
27511
15222
15217
9064
2913
15200
15199
15186
24414
18263
15197
9035
15185
15168
5949
15171
15158
24385
5945
15155
5942
5935
15145
15136
15134
5899
15122
15102
15108
27384
15095
2806
15107
27383
15106
5882
15105
55042
18160
5871
8943
15089
2770
15074
15079
15066
27348
15059
24288
15071
27347
15070
8944
8915
15046
2752
27326
18112
8895
15043
15018
15029
8863
54990
5804
8873
15011
15008
2719
8854
2716
5776
8848
14986
14982
14994
14990
8839
14977
14988
8837
27262
14961
14950
54896
27233
27232
2639
14923
14934
14926
14919
2621
14905
2603
5680
11807
54842
5656
2585
14874
14873
8722
5643
14854
14841
14860
17914
5625
14821
14833
14820
14832
14837
14827
14796
2504
14799
14779
14782
14769
5551
2467
2463
8590
88504
14754
2443
2458
2445
14735
17794
5505
5502
2423
2432
14675
14685
14665
14659
14653
14648
2322
14643
14636
14617
14614
14619
14594
14578
14587
2278
39175
14582
14580
14575
14561
14550
39133
14540
5302
39118
14407
17493
11312
5161
8207
5120
8191
8178
468
2004
1997
9684
38872
1990
8140
3522
8132
18882
1991
3509
15798
408
15789
1935
89527
8090
3461
8101
8072
11144
1879
1889
14178
14174
14161
1872
345
12634
55669
27997
3404
1861
3398
27966
27943
3387
14131
38704
272
18702
255
3313
14072
7923
14066
7912
3275
14021
14016
7865
18615
9383
14013
3217
13976
13992
27801
13982
13969
15505
3216
13962
13971
6282
15500
3210
13955
27780
15491
27767
27782
9353
13932
9316
1629
1608
6217
9262
7762
13906
1604
13868
13854
15396
9245
3094
7694
13853
7698
13832
13825
13839
7688
13823
1521
13822
1520
24556
13793
1476
13758
15292
15281
38318
13725
2977
15266
6007
9077
13658
9059
15208
7521
7514
15163
38181
8973
5879
15056
15063
7366
15040
5829
15052
2738
8118
5039
8114
7329
407
1943
5793
5790
15012
11157
7309
4232
1906
88719
13426
5757
14980
13444
14964
2674
7284
13413
22642
13425
14971
11111
14183
10341
54912
5726
14949
14947
14940
14927
22601
22594
1070
15677
14134
1056
7210
14098
13342
1040
14083
1025
3340
14073
1813
1784
1015
2554
14085
13316
1005
14851
3289
14055
977
14818
5588
13244
14784
13987
24725
3986
12448
6297
13964
13184
24703
9355
13190
13177
8583
23166
14718
3181
13160
19297
13152
19295
6231
19278
6989
6219
6212
2369
13126
19264
6958
14624
3086
27679
3101
17700
14621
13846
13076
6175
12319
5408
1553
19220
38427
13834
37655
14601
13837
14610
27665
3072
31489
3069
13815
6147
24563
15346
9195
9208
27621
1500
14583
39169
14576
6886
19168
19164
1487
1485
14555
703
5709
27984
690
14146
9536
3385
688
16064
682
5657
13337
1031
19089
27909
14089
1018
625
15986
15980
15967
14826
590
15957
587
6738
15178
28221
564
5559
547
513
28372
18956
15099
5107
485
14716
3179
24691
6251
8176
482
475
14122
18729
19111
13737
466
3538
3531
452
15048
12718
6202
3510
15411
5010
393
28233
24214
14997
3469
37650
5770
13812
361
27249
15927
3625
3439
1483
89458
15708
3406
11092
13683
19059
14082
14849
5137
3401
13198
71176
500
3397
14159
15263
1036
27922
24279
18128
11221
27248
14959
14878
24088
54834
5648
6056
18867
7737
6574
416
39981
24754
176
2066
18872
6583
425
1968
27222
14933
598
13771
15504
13961
14647
2345
1528
1694
356
2519
2474
38206
13613
542
5444
14654
31556
14726
1828
7729
13873
13872
