6117
6130
6134
6137
6139
6140
6142
6145
6147
6149
6150
6151
6152
6155
6156
6158
6159
6161
6163
6165
6166
6167
6168
6169
6170
6172
6175
6176
6177
6178
6180
6181
6182
6183
6184
6185
6187
6188
6189
6190
6191
6193
6196
6197
6198
6201
6202
6203
6206
6207
6211
6213
6215
6220
6221
6222
6224
6226
6227
6228
6229
6230
6231
6232
6235
6236
6237
6238
6239
6240
6244
6246
6249
6253
6255
6256
6257
6259
6262
6263
6264
6265
6267
6269
6270
6271
6272
6274
6275
6276
6279
6280
6281
6282
6283
6284
6285
6286
6287
6289
6290
6291
6292
6294
6295
6298
6300
6301
6303
6304
6305
6307
6308
6309
6310
6311
6312
6314
6315
6316
6317
6318
6320
6322
6323
6324
6326
6327
6328
6329
6330
6332
6333
6334
6335
6336
6337
6338
6339
6341
6342
6343
6344
6345
6346
6347
6348
6350
6351
6352
6353
6354
6355
6356
6357
6358
6359
6361
6366
6367
6369
6371
6372
6373
6375
6376
6377
6378
6379
6380
6381
6382
6384
6385
6386
6387
6390
6392
6393
6394
6395
6396
6397
6398
6399
6400
6401
6402
6403
6404
6405
6406
6408
6409
6410
6411
6413
6415
6416
6417
6418
6419
6421
6423
6424
6425
6427
6428
6429
6430
6431
6432
6433
6434
6435
6436
6437
6438
6439
6440
6442
6443
6444
6446
6447
6449
6450
6451
6452
6453
6454
6457
6458
6459
6460
6461
6463
6464
6465
6466
6472
6474
6475
6476
6477
6478
6479
6480
6485
6486
6493
6494
6501
6503
6510
6515
6516
6522
6524
6579
6583
6589
6665
6687
6690
6693
6774
6776
6794
6810
6812
6817
6828
6832
6839
6840
6856
6859
6864
6867
6868
6885
6887
6904
6916
6958
6959
6963
6967
6969
6981
6983
6993
7061
7063
7066
7072
7080
7083
7086
7087
7093
7096
7098
7241
7246
7247
7249
7250
7252
7254
7261
7263
7265
7281
7285
7286
7289
7295
7297
7313
7315
7317
7322
7325
7326
7327
7329
7338
7345
7346
7353
7359
7360
7361
7363
7364
7365
7366
7368
7369
7370
7378
7379
7381
7382
7383
7384
7385
7389
7399
7401
7402
7404
7406
7408
7409
7413
7414
7448
7450
7453
7457
7458
7461
7462
7466
7472
7474
7475
7477
7486
7499
7505
7517
7533
7555
7562
7577
7579
7581
7584
7587
7591
7594
7609
7610
7617
7618
7623
7625
7629
7633
7665
7666
7673
7683
7724
7733
7742
7748
7779
7781
7849
7860
7866
7867
7872
7879
7889
7892
7899
7901
7911
7942
7945
7946
7947
7948
7952
7953
7958
7964
7969
7971
7974
7985
8005
8015
8017
8024
8025
8028
8030
8035
8046
8048
8049
8058
8063
8068
8094
8100
8103
8116
8125
8129
8130
8133
8139
8140
8142
8143
8144
8145
8146
8147
8148
8150
8151
8152
8154
8155
8156
8158
8159
8160
8161
8162
8165
8166
8167
8180
8182
8187
8200
8208
8210
8213
8220
8229
8230
8235
8239
8244
8255
8259
8260
8262
8266
8268
8270
8273
8274
8275
8278
8284
8285
8287
8288
8289
8294
8295
8296
8299
8300
8302
8305
8306
8308
8311
8313
8315
8323
8327
8328
8332
8333
8336
8341
8342
8343
8344
8351
8355
8359
8368
8369
8370
8371
8375
8376
8377
8379
8382
8390
8394
8395
8396
8397
8398
8401
8403
8408
8409
8412
8414
8415
8417
8421
8423
8426
8427
8429
8430
8435
8436
8439
8440
8442
8444
8446
8448
8452
8453
8454
8455
8456
8459
8461
8463
8464
8466
8467
8468
8469
8470
8471
8472
8473
8475
8476
8478
8479
8480
8483
8484
8486
8487
8489
8490
8491
8493
8494
8495
8496
8497
8500
8504
8505
8509
8511
8512
8515
8517
8518
8519
8521
8522
8525
8527
8529
8531
8534
8535
8537
8538
8540
8542
8543
8544
8545
8548
8549
8550
8552
8553
8554
8557
8558
8562
8565
8566
8568
8570
8572
8574
8575
8577
8578
8579
8580
8583
8586
8590
8592
8594
8597
8599
8602
8609
8610
8612
8617
8622
8623
8624
8625
8632
8633
8634
8635
8636
8637
8638
8639
8640
8641
8642
8643
8644
8646
8650
8658
8659
8660
8661
8664
8665
8667
8670
8672
8673
8674
8675
8678
8682
8683
8686
8688
8689
8693
8695
8696
8697
8699
8700
8702
8704
8705
8707
8708
8713
8715
8716
8718
8719
8722
8725
8727
8728
8729
8734
8735
8736
8737
8740
8742
8744
8746
8748
8749
8750
8752
8760
8761
8763
8764
8768
8771
8777
8778
8788
8790
8794
8797
8799
8802
8804
8805
8809
8813
8814
8815
8816
8819
8822
8823
8825
8827
8830
8833
8834
8837
8840
8841
8845
8847
8848
8850
8852
8853
8855
8857
8858
8861
8862
8863
8868
8869
8870
8872
8875
8876
8878
8881
8884
8889
8892
8894
8896
8899
8900
8903
8904
8905
8906
8907
8908
8910
8911
8912
8913
8917
8920
8921
8922
8928
8933
8935
8939
8940
8941
8945
8947
8948
8950
8952
8955
8958
8959
8964
8966
8967
8971
8974
8982
8991
8993
9000
9002
9018
9019
9022
9023
9028
9029
9030
9037
9043
9045
9047
9050
9051
9055
9056
9057
9059
9064
9065
9066
9068
9073
9076
9083
9085
9086
9087
9089
9090
9093
9094
9096
9101
9103
9105
9107
9108
9109
9110
9112
9113
9115
9116
9121
9122
9123
9124
9128
9130
9135
9137
9139
9140
9142
9145
9147
9153
9154
9157
9159
9162
9163
9165
9167
9171
9183
9184
9187
9190
9191
9193
9194
9196
9198
9199
9200
9203
9206
9207
9208
9216
9221
9225
9226
9227
9229
9230
9231
9237
9244
9246
9250
9252
9253
9257
9259
9261
9266
9268
9273
9276
9279
9282
9283
9289
9290
9292
9297
9301
9303
9305
9307
9309
9310
9312
9313
9316
9318
9319
9321
9324
9331
9333
9339
9341
9350
9352
9354
9355
9356
9359
9360
9361
9371
9372
9374
9376
9377
9378
9379
9380
9382
9384
9385
9388
9390
9397
9400
9402
9404
9407
9412
9414
9417
9419
9420
9422
9423
9425
9427
9430
9432
9440
9443
9448
9450
9467
9468
9469
9471
9476
9479
9482
9485
9488
9489
9502
9505
9508
9510
9511
9512
9518
9529
9533
9535
9536
9537
9539
9544
9546
9548
9549
9550
9559
9569
9573
9578
9582
9588
9592
9596
9597
9598
9600
9601
9607
9608
9611
9615
9618
9620
9622
9623
9629
9636
9637
9638
9642
9643
9648
9653
9658
9660
9661
9682
9686
9688
9689
9692
9697
9700
9702
9704
9705
9713
9715
9717
9718
9724
9727
9730
9736
9740
9743
9744
9746
9747
9749
9755
9771
9775
9777
9783
9785
9787
9809
9826
9828
9836
9839
9845
9849
9855
9860
9862
9863
9869
9875
9890
9892
9898
9910
9912
9913
9946
9949
9953
9957
9958
9961
9962
9977
9979
9980
9981
9982
9983
9984
9986
9987
9991
9995
9996
9997
9998
9999
10001
10005
10006
10007
10009
10010
10011
10012
10014
10016
10024
10032
10033
10038
10039
10040
10050
10055
10063
10067
10068
10073
10075
10078
10081
10083
10084
10086
10095
10100
10102
10104
10113
10117
10134
10143
10146
10152
10156
10158
10164
10167
10168
10171
10174
10178
10180
10183
10184
10186
10187
10188
10194
10198
10201
10205
10206
10207
10215
10219
10221
10227
10230
10233
10235
10236
10239
10241
10246
10252
10254
10255
10264
10267
10269
10271
10273
10279
10282
10283
10284
10285
10286
10290
10299
10304
10311
10314
10319
10321
10323
10325
10331
10333
10337
10338
10343
10346
10352
10355
10360
10363
10364
10368
10374
10377
10379
10381
10383
10386
10387
10388
10389
10390
10391
10392
10393
10395
10396
10397
10402
10403
10407
10408
10409
10411
10412
10414
10421
10422
10423
10424
10429
10430
10435
10437
10440
10443
10445
10448
10450
10451
10452
10454
10456
10457
10458
10459
10464
10468
10470
10474
10484
10485
10490
10492
10502
10507
10514
10515
10517
10521
10524
10527
10529
10531
10532
10533
10535
10537
10543
10549
10561
10563
10564
10575
10577
10583
10585
10586
10589
10590
10591
10599
10603
10609
10612
10613
10631
10636
10638
10640
10650
10661
10663
10668
10673
10676
10707
10708
10711
10718
10719
10721
10723
10724
10758
10770
10775
10812
10823
10831
10847
10862
10874
10883
10884
10890
10920
10921
10925
10946
10957
10961
10964
10969
10983
10986
10991
11004
11010
11012
11013
11016
11639
11645
11659
11682
11684
11701
11718
11759
11765
11787
11797
11816
11820
11822
11829
11831
11833
11844
11849
11851
11852
11856
11860
11865
11867
11883
11892
11899
11901
11908
11909
11913
11915
11918
11920
11922
11923
11925
11929
11931
11941
11944
11948
11952
11953
11956
11960
11961
11965
11966
11980
11986
11988
11990
11991
11992
11995
12010
12011
12012
12015
12018
12019
12020
12023
12032
12036
12039
12040
12047
12052
12054
12056
12060
12061
12062
12076
12079
12086
12088
12089
12090
12092
12095
12096
12099
12101
12104
12106
12107
12110
12111
12112
12113
12115
12117
12119
12122
12127
12131
12134
12135
12136
12139
12141
12142
12143
12145
12149
12151
12153
12155
12156
12158
12160
12162
12163
12165
12168
12176
12182
12183
12185
12186
12188
12189
12190
12194
12196
12197
12199
12200
12201
12205
12206
12208
12213
12215
12221
12224
12225
12228
12231
12234
12237
12238
12241
12243
12245
12246
12248
12249
12251
12252
12253
12254
12255
12257
12261
12263
12264
12268
12275
12277
12282
12284
12285
12288
12289
12292
12294
12296
12304
12309
12311
12317
12327
12328
12337
12338
12342
12343
12345
12348
12349
12350
12351
12353
12354
12361
12365
12367
12369
12377
12379
12382
12386
12388
12389
12394
12398
12400
12402
12406
12408
12411
12412
12414
12417
12418
12425
12426
12428
12434
12435
12437
12440
12441
12443
12448
12450
12455
12459
12463
12464
12466
12468
12469
12477
12478
12480
12482
12486
12489
12492
12496
12498
12502
12504
12508
12509
12511
12512
12514
12515
12516
12518
12519
12524
12525
12527
12536
12537
12539
12540
12542
12543
12544
12545
12550
12551
12552
12554
12556
12562
12564
12565
12568
12569
12576
12578
12580
12581
12582
12584
12587
12588
12592
12594
12597
12598
12599
12601
12604
12606
12607
12624
12629
12632
12637
12643
12648
12652
12659
12667
12671
12672
12677
12679
12945
12950
12958
12979
12992
13008
13015
13023
13043
13046
13070
13076
13092
13121
13122
13127
13129
13131
13132
13141
13148
13150
13151
13153
13154
13161
13169
13172
13179
13180
13182
13191
13201
13204
13209
13217
13224
13840
13851
13857
13867
13893
13927
13928
13930
13943
13946
13947
13957
13959
13960
13965
13969
13971
13972
13975
13979
14006
14011
14017
14022
14025
14035
14042
14043
14044
14047
14051
14053
14056
14059
14063
14066
14068
14075
14083
14084
14087
14091
14099
14100
14102
14107
14109
14110
14111
14113
14115
14159
14165
14168
14170
14176
14184
14190
14193
14195
14199
14209
14211
14215
14216
14220
14224
14229
14232
14234
14238
14243
14245
14246
14250
14256
14270
14273
14276
14281
14285
14289
14291
14294
14296
14301
14319
14321
14323
14325
14331
14341
14343
14368
14375
14387
14399
14412
14417
14422
14426
14429
14433
14435
14438
14440
14447
14448
14450
14455
14462
14463
14467
14472
14473
14484
14488
14495
14501
14509
14510
14512
14516
14517
14524
14534
14536
14538
14539
14544
14550
14559
14561
14562
14564
14569
14572
14576
14577
14590
14596
14598
14605
14606
14607
14613
14629
14630
14648
14660
14670
14673
14677
14692
14715
14717
14720
14726
14733
14735
14739
14740
14745
14758
14763
14768
14770
14777
14792
14797
14800
14802
14806
14810
14811
14812
14820
14827
14831
14836
14840
14848
14851
14853
14856
14858
14859
14863
14865
14868
14871
14873
14874
14876
14879
14881
14885
14894
14898
14903
14905
14906
14907
14910
14919
14920
14922
14924
14931
14932
14945
14949
14954
14955
14959
14968
14978
14983
14986
14988
14989
14991
14994
14996
14997
14999
15004
15009
15012
15013
15018
15021
15026
15028
15030
15033
15035
15037
15039
15066
15071
15079
15088
15092
15094
15098
15101
15102
15104
15105
15108
15111
15112
15115
15116
15120
15124
15125
15127
15128
15130
15135
15145
15146
15151
15157
15159
15163
15168
15200
15214
15229
15231
15236
15239
15242
15251
15252
15258
15260
15264
15269
15272
15276
15279
15281
15287
15290
15291
15296
15302
15316
15322
15324
15327
15329
15331
15335
15338
15347
15349
15351
15352
15353
15360
15362
15363
15368
15371
15373
15376
15377
15380
15383
15385
15386
15388
15389
15393
15398
15399
15404
15407
15410
15414
15415
15418
15419
15425
15433
15448
15449
15450
15451
15455
15459
15462
15469
15470
15473
15476
15481
15482
15484
15488
15495
15496
15501
15502
15503
15504
15515
15516
15519
15521
15528
15536
15538
15539
15540
15542
15549
15552
15556
15559
15561
15562
15563
15566
15568
15576
15583
15584
15585
15594
15595
15598
15600
15603
15610
15612
15615
15616
15617
15618
15624
15629
15631
15632
15635
15639
15643
15645
15646
15648
15651
15653
15655
15661
15662
15666
15668
15669
15670
15672
15677
15680
15684
15686
15693
15694
15696
15702
15703
15704
15710
15711
15715
15716
15719
15721
15722
15723
15724
15728
15729
15732
15734
15735
15736
15737
15740
15741
15742
15743
15745
15746
15749
15750
15751
15753
15755
15757
15758
15759
15760
15762
15763
15764
15766
15767
15770
15771
15786
15788
15795
15798
15807
15808
15811
15814
15816
15826
15848
15855
15860
15861
15863
15866
15870
15871
15873
15876
15878
15881
15882
15892
15893
15894
15898
15914
15916
15920
15922
15929
15934
15939
15940
15941
15947
15949
15953
15954
15958
15963
15964
15969
15970
15973
15979
15982
15984
15985
15992
15998
16000
16001
16002
16005
16012
16016
16019
16020
16022
16023
16035
16036
16038
16040
16042
16043
16045
16046
16049
16057
16058
16059
16063
16068
16094
16095
16098
16100
16107
16121
16151
16153
16162
16164
16167
16181
16187
16192
16198
16211
16213
16223
16224
16231
16232
16233
16238
16241
16242
16244
16246
16249
16263
16296
16304
16307
16310
16313
16315
16318
16319
16321
16325
16333
16351
16372
16375
16379
16383
16391
16392
16396
16397
16408
16415
16420
16451
16461
16470
16504
16509
16511
16538
16545
16547
16549
16552
16553
16554
16555
16560
16562
16567
16570
16577
16594
16606
16607
16611
16613
16627
16629
16631
16634
16635
16638
16643
16644
16653
16662
16663
16675
16683
16685
16690
16692
16695
16696
16700
16708
16713
16720
16722
16723
16728
16729
16732
16749
16755
16767
16780
16784
16808
16820
16821
16832
16835
16836
16843
16845
16846
16854
16858
16864
16866
16877
16884
16887
17010
17028
17059
17085
17104
17133
17140
17143
17152
17154
17155
17158
17161
17164
17165
17172
17174
17175
17179
17180
17185
17187
17188
17190
17193
17194
17195
17198
17199
17201
17208
17209
17213
17217
17225
17226
17234
17235
17238
17241
17242
17243
17245
17249
17250
17254
17258
17259
17265
17271
17273
17274
17276
17277
17279
17283
17284
17286
17288
17290
17293
17295
17300
17301
17302
17303
17305
17307
17309
17315
17317
17321
17322
17323
17325
17328
17329
17332
17333
17336
17340
17341
17343
17344
17348
17349
17351
17353
17354
17360
17361
17362
17364
17367
17371
17374
17377
17381
17382
17385
17386
17387
17388
17390
17392
17397
17398
17399
17401
17402
17404
17405
17406
17407
17410
17411
17412
17414
17415
17416
17417
17418
17420
17423
17425
17426
17430
17433
17436
17449
17452
17456
17461
17462
17463
17464
17469
17472
17473
17477
17483
17484
17487
17490
17491
17492
17496
17498
17499
17500
17501
17503
17505
17507
17508
17510
17512
17513
17518
17522
17523
17525
17527
17529
17531
17532
17534
17542
17548
17550
17555
17560
17563
17566
17568
17573
17575
17581
17582
17584
17586
17587
17588
17594
17596
17597
17602
17605
17609
17610
17616
17618
17620
17624
17625
17628
17632
17633
17634
17636
17641
17642
17643
17644
17645
17646
17651
17661
17662
17668
17669
17672
17673
17676
17685
17688
17699
17701
17702
17703
17709
17711
17712
17719
17724
17730
17733
17736
17741
17750
17753
17756
17765
17767
17769
17770
17774
17775
17788
17792
17795
17799
17801
17803
17805
17806
17811
17820
17824
17833
17834
17839
17842
17848
17850
17863
17868
17875
17878
17892
17899
17900
17905
17911
17918
17920
17921
17925
17942
17950
17952
17963
17967
17969
17970
17976
17984
17993
17994
17996
17998
18006
18008
18015
18018
18020
18023
18024
18031
18037
18041
18048
18056
18058
18063
18068
18071
18073
18078
18079
18080
18083
18094
18096
18097
18104
18111
18115
18120
18126
18128
18129
18133
18137
18138
18143
18148
18151
18168
18174
18175
18179
18190
18193
18218
18226
18230
18235
18238
18242
18243
18244
18258
18263
18266
18267
18268
18273
18275
18280
18284
18286
18290
18294
18299
18310
18311
18312
18313
18317
18319
18323
18331
18342
18343
18348
18350
18352
18353
18356
18363
18370
18372
18376
18381
18390
18392
18407
18410
18417
18429
18431
18438
18439
18442
18443
18446
18454
18461
18468
18469
18473
18476
18484
18513
18520
18522
18530
18534
18539
18553
18558
18559
18565
18567
18573
18587
18595
18597
18599
18601
18614
18617
18618
18619
18626
18629
18635
18637
18642
18646
18662
18663
18664
18671
18674
18679
18682
18683
18686
18689
18692
18695
18696
18700
18709
18710
18721
18730
18734
18738
18740
18747
18750
18757
18775
18776
18779
18781
18782
18785
18786
18788
18791
18795
18796
18797
18798
18807
18810
18811
18814
18815
18816
18817
18820
18822
18825
18826
18827
18828
18833
18836
18842
18844
18846
18847
18848
18854
18860
18865
18868
18888
18909
18914
18919
18920
18921
18922
18924
18927
18931
18932
18935
18937
18941
18942
18944
18948
18949
18951
18953
18960
18961
18962
18967
18972
18981
18984
18986
18994
19002
19009
19013
19015
19019
19021
19025
19026
19027
19031
19035
19036
19039
19045
19049
19050
19051
19053
19057
19060
19061
19073
19075
19080
19087
19089
19093
19094
19096
19097
19101
19105
19106
19110
19111
19113
19114
19116
19119
19121
19123
19124
19125
19126
19127
19131
19132
19134
19138
19142
19144
19145
19148
19152
19155
19159
19163
19164
19167
19170
19176
19177
19179
19183
19190
19191
19192
19195
19196
19199
19200
19201
19202
19207
19208
19209
19216
19218
19224
19230
19235
19236
19240
19241
19248
19250
19251
19255
19260
19262
19264
19272
19273
19277
19278
19285
19289
19290
19291
19293
19298
19300
19301
19302
19304
19307
19312
19318
19328
19331
19334
19339
19341
19345
19347
19353
19356
19362
19366
19369
19374
19382
19386
19395
19396
19398
19400
19403
19406
19417
19418
19419
19420
19423
19431
19437
19438
19446
19451
19456
19460
19462
19463
19467
19471
19475
19476
19479
19482
19486
19487
19493
19494
19496
19498
19501
19502
19503
19504
19505
19509
19510
19511
19512
19513
19520
19521
19522
19526
19529
19530
19534
19536
19537
19538
19543
19545
19548
19550
19552
19553
19554
19557
19558
19559
19560
19562
19564
19569
19571
19573
19579
19580
19584
19587
19588
19590
19593
19595
19599
19602
19604
19606
19608
19609
19611
19614
19615
19617
19618
19624
19626
19627
19628
19629
19632
19634
19636
19638
19640
19641
19642
19646
19647
19649
19652
19653
19658
19663
19666
19667
19670
19672
19674
19675
19682
19684
19685
19694
19695
19701
19702
19703
19705
19706
19707
19713
19714
19715
19716
19717
19722
19724
19725
19727
19728
19732
19733
19735
19739
19740
19741
19743
19745
19746
19750
19752
19758
19759
19761
19766
19772
19781
19782
19783
19786
19787
19788
19789
19790
19795
19797
19800
19802
19803
19806
19808
19809
19810
19812
19814
19818
19819
19821
19823
19824
19826
19827
19828
19830
19834
19835
19836
19838
19841
19843
19844
19848
19850
19852
19856
19857
19858
19860
19861
19862
19863
19864
19870
19872
19874
19877
19881
19883
19884
19886
19888
19889
19891
19892
19896
19908
19911
19913
19915
19916
19918
19920
19923
19927
19932
19934
19940
19945
19949
19954
19955
19970
19972
19976
19977
19978
19982
19986
19989
19991
19992
19993
19994
19996
19999
20000
20006
20007
20009
20011
20012
20018
20019
20021
20022
20023
20025
20026
20027
20030
20031
20032
20034
20036
20040
20041
20042
20043
20046
20048
20049
20051
20052
20061
20063
20067
20071
20075
20078
20082
20083
20087
20088
20089
20090
20092
20095
20096
20098
20100
20101
20113
20115
20117
20118
20119
20121
20123
20125
20127
20129
20130
20132
20133
20137
20140
20145
20147
20151
20152
20156
20157
20164
20168
20173
20174
20175
20177
20179
20180
20185
20187
20189
20191
20192
20194
20197
20204
20206
20209
20210
20211
20212
20213
20214
20227
20229
20232
20234
20237
20238
20240
20241
20243
20244
20249
20253
20255
20257
20258
20260
20261
20262
20265
20266
20267
20268
20269
20270
20273
20274
20275
20276
20277
20284
20286
20287
20288
20291
20292
20293
20294
20296
20297
20301
20302
20304
20306
20307
20308
20309
20311
20312
20313
20316
20317
20320
20321
20323
20324
20326
20328
20329
20331
20332
20334
20335
20336
20338
20339
20340
20342
20344
20345
20348
20349
20350
20352
20354
20355
20357
20358
20359
20360
20362
20364
20366
20369
20372
20373
20374
20377
20378
20379
20380
20382
20383
20384
20386
20387
20388
20389
20392
20393
20395
20396
20397
20398
20399
20400
20402
20404
20408
20409
20412
20413
20414
20416
20419
20422
20424
20425
20426
20427
20428
20429
20430
20432
20433
20436
20437
20438
20439
20442
20444
20445
20446
20449
20452
20455
20457
20459
20461
20462
20465
20467
20468
20469
20470
20471
20473
20476
20478
20479
20481
20483
20485
20488
20490
20493
20495
20500
20502
20507
20509
20514
20517
20523
20527
20529
20530
20535
20536
20538
20547
20555
20557
20563
20564
20570
20578
20580
20582
20584
20589
20595
20597
20599
20601
20603
20607
20609
20612
20613
20616
20618
20620
20626
20627
20628
20632
20638
20639
20642
20643
20644
20646
20647
20650
20655
20659
20661
20663
20666
20672
20673
20681
20683
20684
20686
20688
20690
20691
20692
20693
20694
20695
20698
20699
20701
20703
20707
20708
20710
20714
20721
20722
20725
20726
20729
20731
20733
20734
20737
20738
20739
20745
20747
20749
20753
20754
20755
20756
20765
20768
20772
20776
20779
20782
20784
20786
20791
20799
20802
20805
20806
20807
20808
20810
20811
20814
20826
20829
20830
20835
20839
20841
20855
20867
20869
20874
20875
20878
20881
20886
20889
20891
20892
20893
20896
20897
20898
20906
20910
20911
20914
20918
20925
20933
20934
20938
20942
20943
20944
20953
20955
20956
20958
20961
20964
20968
20969
20972
20975
20979
20981
20982
20985
20986
20989
20995
20999
21004
21006
21007
21008
21013
21014
21017
21022
21030
21031
21032
21035
21036
21037
21038
21039
21040
21041
21044
21048
21050
21055
21060
21064
21066
21067
21070
21071
21073
21076
21079
21080
21082
21091
21096
21097
21098
21100
21101
21102
21109
21114
21115
21117
21119
21120
21123
21126
21128
21132
21136
21139
21140
21142
21143
21144
21146
21151
21152
21167
21178
21189
21193
21197
21204
21205
21208
21209
21211
21213
21215
21217
21220
21223
21224
21225
21236
21237
21239
21254
21262
21267
21273
21274
21289
21292
21293
21300
21313
21328
21330
21336
21340
21353
21362
21363
21365
21366
21376
21378
21389
21391
21400
21407
21414
21424
21428
21430
21435
21439
21442
21613
21619
21626
21627
21630
21631
21639
21642
21647
21651
21660
21662
21663
21665
21672
21674
21676
21681
21682
21687
21690
21695
21709
21710
21722
21726
21729
21735
21744
21747
21770
21803
21811
21819
21827
21830
21833
21838
21842
21857
21861
21869
21881
21886
21898
21902
21904
21908
21910
21911
21912
21913
21917
21922
21929
21936
21943
21948
21961
21967
21969
21974
21975
21983
21986
21990
22007
22012
22021
22027
23475
23489
23505
23524
23539
23542
23562
23601
23612
23615
23632
23657
23662
23665
23672
23675
23687
23689
23696
23699
23702
23703
23709
23721
23729
23730
23731
23732
23736
23737
23741
23743
23747
23749
23752
23756
23762
23764
23766
23768
23773
23775
23776
23784
23787
23788
23793
23796
23797
23804
23812
23815
23818
23820
23821
23823
23828
23829
23832
23835
23838
23840
23842
23848
23849
23852
23853
23855
23858
23859
23860
23861
23863
23865
23866
23867
23868
23871
23875
23876
23877
23878
23882
23883
23885
23887
23890
23891
23892
23894
23897
23898
23900
23902
23903
23904
23906
23907
23908
23909
23910
23911
23914
23915
23917
23918
23919
23920
23921
23922
23923
23926
23928
23931
23933
23935
23939
23941
23944
23946
23948
23950
23955
23956
23959
23960
23964
23967
23968
23971
23973
23974
23975
23976
23980
23984
23991
23992
23997
24000
24002
24003
24005
24008
24009
24012
24013
24014
24017
24019
24022
24027
24030
24032
24034
24035
24037
24038
24043
24044
24046
24047
24049
24050
24057
24074
24076
24078
24080
24082
24084
24090
24093
24094
24096
24097
24113
24121
24125
24126
24131
24136
24137
24146
24154
24156
24159
24160
24161
24162
24164
24165
24167
24168
24171
24172
24174
24182
24183
24186
24189
24193
24197
24198
24203
24204
24205
24206
24207
24208
24210
24213
24214
24217
24221
24222
24224
24225
24227
24243
24245
24248
24251
24252
24254
24256
24260
24263
24265
24271
24273
24278
24282
24286
24287
24289
24290
24295
24298
24300
24309
24310
24312
24313
24323
24324
24325
24327
24328
24330
24331
24334
24335
24340
24341
24345
24350
24356
24359
24361
24362
24365
24366
24368
24369
24370
24371
24372
24375
24391
24398
24400
24401
24402
24405
24411
24414
24422
24424
24427
24433
24434
24436
24440
24441
24442
24447
24448
24449
24450
24453
24456
24457
24458
24460
24462
24466
24467
24468
24469
24471
24473
24474
24475
24477
24478
24479
24480
24481
24483
24484
24486
24487
24488
24490
24491
24492
24498
24503
24505
24510
24512
24513
24514
24520
24522
24526
24532
24534
24536
24537
24539
24541
24544
24547
24548
24550
24552
24554
24555
24557
24559
24561
24562
24563
24564
24566
24568
24569
24570
24576
24579
24584
24588
24590
24592
24600
24604
24606
24609
24612
24613
24614
24616
24617
24619
24620
24621
24625
24626
24627
24629
24635
24638
24644
24650
24652
24654
24655
24666
24669
24670
24672
24673
24675
24677
24680
24683
24688
24690
24692
24693
24696
24699
24700
24707
24711
24714
24715
24720
24721
24723
24732
24735
24736
24737
24739
24745
24746
24754
24756
24767
24772
24861
24862
24863
24864
24866
24887
24891
24894
25033
25040
25202
25207
25220
25233
25237
25246
25252
25253
25256
25259
25273
25275
25291
25293
25299
25301
25302
25311
25317
25318
25323
25325
25358
25364
25390
25392
25394
25402
25405
25406
25408
25411
25417
25419
25421
25422
25423
25426
25430
25437
25442
25443
25446
25447
25448
25453
25456
25460
25465
25471
25472
25485
25489
25493
25495
25496
25502
25503
25507
25508
25509
25513
25522
25525
25527
25528
25532
25534
25543
25572
25574
25580
25615
25623
25624
25628
25656
25659
25677
25681
25695
25698
25699
25726
25939
25949
25964
26013
26137
26141
26187
26198
26200
26205
26207
26211
26239
26270
26271
26278
26294
26310
26989
27002
27017
27039
27048
27076
27133
27138
27167
27173
27176
27208
27223
27224
27227
27234
27237
27264
27267
27273
27283
27284
27292
27300
27302
27307
27318
27324
27331
27334
27337
27339
27342
27347
27357
27366
27380
27384
27387
27395
27404
27416
27421
27424
27435
27444
27452
27465
27468
27502
27516
27530
27534
27556
27562
27565
27571
27578
27580
27586
27593
27594
27595
27601
27604
27607
27608
27614
27616
27619
27620
27629
27634
27635
27642
27652
27654
27657
27665
27668
27674
27679
27680
27681
27693
27698
27717
27720
27727
27730
27731
27736
27747
27751
27761
27765
27766
27772
27790
27791
27793
27796
27827
27846
27855
27858
27864
27865
27866
27869
27874
27878
27893
27899
27908
27909
27913
27916
27921
27924
27928
27934
27938
27939
27957
27961
27963
27965
27970
27979
27982
27994
28000
28002
28006
28010
28013
28015
28016
28027
28029
28030
28042
28045
28051
28053
28054
28056
28058
28062
28072
28073
28080
28083
28084
28096
28099
28104
28108
28110
28111
28117
28133
28138
28143
28146
28169
28183
28206
28207
28218
28220
28222
28223
28231
28237
28251
28253
28256
28260
28289
28298
28316
28321
28324
28326
28328
28330
28351
28375
28379
28387
28389
28409
28414
28416
28420
28439
28443
28449
28453
28494
28497
28503
28504
28505
28508
28510
28515
28521
28522
28531
28534
28535
28536
28539
28549
28552
28556
28559
28562
28564
28577
28581
28587
28589
28590
28592
28600
28602
28604
28607
28608
28616
28619
28626
28632
28635
28636
28642
28643
28646
28657
28663
28668
28672
28674
28679
28721
28732
28735
28743
28754
28770
28775
28778
28785
28793
28801
28805
28811
28812
28815
28826
28843
28854
28855
28863
28865
28867
28871
28880
28891
28892
28904
28907
28912
28918
28920
28927
28928
28929
28931
28932
28933
28934
28935
28938
28939
28948
28952
28953
28955
28958
28960
28961
28973
28974
28977
28978
28982
28983
28986
28992
28993
28995
28998
29000
29005
29006
29011
29012
29014
29016
29017
29021
29024
29025
29026
29027
29030
29035
29037
29038
29039
29045
29047
29050
29054
29058
29061
29062
29064
29066
29071
29072
29075
29083
29084
29094
29104
29112
29113
29117
29120
29125
29128
29129
29135
29137
29139
29143
29144
29148
29150
29155
29158
29159
29161
29163
29164
29169
29175
29177
29182
29184
29186
29188
29192
29196
29198
29200
29202
29203
29204
29205
29206
29213
29215
29216
29219
29223
29225
29227
29234
29235
29238
29241
29245
29246
29247
29249
29252
29254
29257
29258
29260
29261
29262
29263
29269
29271
29276
29280
29282
29284
29286
29289
29291
29292
29293
29294
29296
29298
29300
29306
29308
29309
29310
29312
29313
29314
29316
29318
29320
29321
29325
29333
29342
29343
29345
29350
29351
29352
29353
29354
29356
29357
29358
29363
29364
29365
29367
29370
29371
29374
29380
29382
29383
29384
29387
29388
29389
29391
29393
29394
29396
29398
29401
29407
29408
29409
29410
29414
29417
29418
29419
29421
29423
29426
29428
29430
29431
29433
29435
29441
29447
29448
29449
29451
29453
29455
29457
29460
29461
29467
29469
29471
29475
29476
29479
29482
29484
29485
29488
29489
29492
29493
29494
29496
29497
29501
29503
29506
29507
29509
29510
29511
29512
29514
29521
29522
29523
29525
29527
29529
29531
29532
29533
29534
29535
29538
29541
29542
29543
29544
29547
29548
29552
29553
29555
29557
29558
29559
29561
29574
29576
29577
29578
29579
29581
29582
29583
29586
29592
29593
29595
29600
29601
29608
29612
29613
29615
29616
29617
29618
29619
29620
29621
29623
29624
29626
29627
29629
29630
29635
29637
29641
29644
29650
29651
29652
29653
29659
29662
29665
29666
29669
29671
29672
29675
29676
29677
29678
29681
29685
29686
29689
29692
29694
29695
29698
29705
29710
29715
29716
29718
29719
29723
29724
29725
29728
29730
29731
29734
29739
29742
29748
29754
29755
29759
29761
29764
29766
29767
29768
29770
29772
29776
29778
29780
29781
29784
29785
29790
29792
29793
29796
29797
29807
29811
29813
29822
29825
29826
29831
29832
29837
29838
29841
29842
29844
29847
29852
29854
29856
29859
29861
29862
29864
29868
29869
29870
29874
29876
29879
29881
29882
29883
29886
29888
29890
29891
29892
29893
29894
29895
29896
29897
29900
29902
29905
29906
29910
29915
29916
29919
29923
29925
29926
29929
29931
29932
29933
29936
29937
29939
29940
29941
29942
29943
29946
29947
29951
29952
29953
29955
29960
29961
29963
29964
29969
29976
29978
29979
29989
29999
30007
30008
30015
30017
30020
30021
30025
30030
30031
30033
30034
30035
30036
30037
30038
30039
30040
30042
30043
30044
30045
30047
30050
30056
30061
30070
30071
30075
30076
30077
30078
30079
30082
30086
30088
30089
30097
30102
30105
30107
30112
30116
30118
30127
30128
30136
30145
30146
30151
30154
30157
30163
30166
30170
30174
30185
30193
30203
30209
30213
30214
30215
30216
30218
30220
30223
30227
30234
30240
30245
30248
30251
30255
30258
30260
30262
30264
30265
30271
30272
30273
30286
30295
30308
30313
30316
30337
30338
30340
30343
30348
30350
30352
30358
30362
30365
30366
30368
30369
30371
30375
30376
30378
30379
30380
30381
30384
30385
30389
30390
30391
30394
30396
30398
30402
30418
30425
30428
30432
30433
30441
30442
30446
30448
30450
30452
30454
30456
30460
30465
30471
30474
30481
30493
30504
30509
30518
30528
30532
30533
30536
30539
30541
30546
30547
30551
30559
30562
30563
30564
30567
30568
30569
30576
30577
30579
30580
30581
30583
30585
30587
30588
30590
30591
30594
30595
30596
30597
30600
30611
30612
30614
30615
30618
30625
30628
30629
30633
30637
30638
30639
30640
30642
30647
30650
30651
30653
30654
30655
30658
30659
30662
30663
30665
30666
30669
30672
30675
30678
30679
30690
30702
30706
30710
30720
30729
30735
30737
30741
30743
30749
30756
30758
30763
30767
30776
30779
30781
30784
30791
30794
30796
30800
30801
30804
30806
30807
30810
30814
30850
30853
30860
30863
30864
30868
30869
30874
30875
30876
30879
30880
30883
30886
30897
30908
30915
30923
30949
30955
30957
30959
30968
30970
30971
30973
30974
30975
30982
30983
30989
30990
30991
30993
30996
30998
30999
31000
31001
31003
31004
31005
31006
31010
31011
31013
31014
31018
31019
31020
31025
31026
31031
31050
31057
31062
31065
31068
31070
31074
31076
31078
31083
31084
31087
31088
31091
31095
31096
31100
31105
31106
31107
31111
31115
31117
31118
31119
31120
31123
31125
31131
31133
31135
31137
31144
31150
31152
31154
31157
31159
31160
31161
31162
31167
31169
31178
31180
31183
31184
31187
31189
31190
31191
31192
31197
31201
31204
31210
31217
31221
31227
31230
31232
31238
31241
31246
31247
31249
31250
31251
31252
31253
31260
31261
31262
31264
31265
31267
31270
31271
31275
31278
31286
31299
31300
31302
31303
31307
31309
31310
31311
31312
31313
31316
31318
31321
31322
31325
31329
31333
31335
31344
31346
31348
31354
31355
31360
31361
31362
31363
31365
31370
31371
31372
31373
31377
31378
31384
31385
31386
31389
31390
31395
31397
31402
31403
31406
31414
31416
31419
31423
31436
31440
31442
31444
31450
31456
31457
31459
31460
31462
31464
31466
31473
31483
31486
31489
31490
31492
31496
31504
31505
31506
31507
31512
31513
31517
31526
31528
31532
31538
31542
31545
31549
31550
31552
31553
31554
31556
31557
31559
31563
31565
31569
31573
31574
31578
31585
31586
31587
31589
31590
31594
31598
31601
31602
31608
31609
31611
31612
31614
31630
31631
31634
31636
31641
31642
31644
31645
31648
31652
31655
31656
31657
31658
31661
31662
31673
31690
31695
31699
31712
31734
31740
31756
31764
31768
31780
31782
31784
31785
31789
31791
31793
31800
31801
31804
31811
31813
31814
31818
31823
31824
31830
31831
31836
31843
31845
31847
31852
31853
31856
31864
31866
31878
31880
31885
31888
31889
31899
31909
31914
31922
31924
31928
31929
31935
31936
31945
31948
31952
31958
31966
31967
31969
31972
31979
31988
31991
31995
31996
31999
32002
32005
32013
32020
32021
32023
32028
32030
32034
32043
32044
32047
32052
32058
32059
32070
32072
32074
32076
32079
32080
32081
32085
32094
32096
32098
32100
32102
32103
32108
32111
32112
32113
32114
32116
32117
32119
32123
32125
32126
32128
32131
32133
32134
32136
32137
32138
32140
32141
32142
32143
32145
32147
32148
32149
32150
32151
32152
32154
32157
32161
32164
32167
32168
32169
32170
32171
32174
32177
32181
32182
32183
32184
32185
32186
32191
32192
32194
32200
32203
32204
32206
32207
32208
32211
32213
32217
32218
32219
32221
32224
32227
32231
32250
32251
32252
32255
32259
32263
32264
32266
32268
32272
32278
32279
32280
32281
32282
32283
32285
32288
32292
32293
32294
32296
32304
32305
32306
32309
32310
32311
32315
32317
32320
32321
32323
32326
32327
32329
32334
32339
32340
32342
32349
32355
32358
32361
32368
32373
32374
32381
32390
32395
32397
32402
32412
32418
32422
32424
32425
32431
32432
32434
32437
32438
32439
32440
32442
32443
32444
32446
32447
32450
32451
32453
32456
32458
32459
32461
32463
32465
32466
32477
32491
32493
32495
32497
32499
32504
32510
32511
32516
32519
32522
32524
32527
32529
32531
32533
32537
32553
32565
32569
32571
32573
32575
32577
32591
32592
32599
32604
32615
32623
32628
32630
32634
32636
32637
32639
32644
32650
32653
32658
32664
32676
32681
32683
32687
32694
32695
32701
32702
32703
32711
32712
32717
32723
32732
32735
32742
32745
32747
32752
32754
32764
32766
32771
32773
32781
32785
32788
32792
32794
32797
32803
32805
32809
32812
32813
32818
32822
32823
32835
32839
32849
32858
32863
32869
32878
32894
32901
32905
32917
32919
32922
32930
32933
32934
32942
32944
32966
32971
32975
32981
33012
33029
33038
33041
33050
33054
33062
33071
33075
33078
33088
33090
33096
33132
33134
33146
33147
33148
33165
33181
33182
33189
33200
33210
33214
33269
33275
33278
33284
33285
33291
33300
33311
33315
33342
33348
33349
33357
33361
33373
33376
33385
33387
33393
33394
33397
33404
33414
33416
33418
33452
33467
33473
33476
33483
33488
33511
33536
33541
33548
33570
33571
33573
33574
33586
33683
33684
33691
33696
33698
33708
33717
33724
33731
33735
33752
33760
33764
33766
33767
33836
33848
33850
33856
33857
33861
33863
33870
33886
33892
33894
33895
33901
33905
33914
33920
33925
33929
33930
33935
33940
33946
33948
33950
33951
33953
33955
33958
33959
33966
33967
33970
33971
33973
33974
33983
33986
33987
33991
33993
33995
34004
34008
34009
34015
34017
34045
34047
34052
34054
34056
34061
34065
34068
34069
34072
34074
34083
34084
34089
34092
34094
34103
34105
34109
34112
34113
34115
34117
34121
34124
34128
34129
34130
34131
34132
34135
34138
34139
34141
34142
34143
34146
34148
34153
34155
34158
34163
34166
34170
34172
34178
34180
34184
34185
34187
34188
34192
34196
34203
34204
34208
34210
34218
34221
34223
34226
34234
34241
34255
34261
34264
34268
34269
34272
34275
34289
34290
34296
34297
34303
34304
34308
34320
34321
34329
34334
34336
34338
34341
34348
34355
34356
34359
34361
34369
34375
34381
34384
34387
34389
34390
34393
34397
34399
34414
34415
34417
34418
34419
34428
34433
34434
34437
34441
34444
34449
34450
34453
34456
34458
34468
34471
34472
34473
34476
34479
34480
34483
34488
34490
34496
34497
34502
34504
34505
34508
34509
34511
34512
34516
34517
34520
34522
34524
34526
34529
34538
34540
34541
34560
34561
34565
34570
34578
34580
34582
34587
34588
34596
34601
34603
34610
34614
34616
34619
34630
34632
34644
34653
34656
34657
34664
34674
34675
34678
34684
34685
34686
34690
34694
34701
34704
34709
34712
34713
34723
34725
34732
34733
34744
34759
34768
34778
34809
34815
34819
34837
34839
34844
34898
34904
34905
34919
34933
34947
34950
34953
34969
34973
34980
34983
35015
35022
35025
35028
35029
35031
35032
35034
35039
35047
35048
35052
35053
35056
35063
35067
35069
35074
35078
35080
35088
35100
35104
35105
35123
35130
35136
35141
35150
35156
35161
35166
35172
35177
35181
35193
35199
35215
35217
35227
35228
35232
35239
35246
35253
35254
35274
35278
35281
35284
35288
35291
35300
35314
35316
35322
35325
35329
35357
35365
35374
35375
35376
35377
35383
35389
35392
35410
35415
35426
35435
35439
35450
35463
35468
35469
35470
35473
35476
35479
35486
35487
35493
35496
35499
35511
35515
35524
35531
35537
35545
35546
35558
35565
35587
35593
35598
35602
35610
35612
35618
35624
35626
35656
35666
35671
35684
35691
35694
35709
35712
35717
35721
35725
35726
35728
35731
35743
35747
35756
35859
35863
35865
35868
35873
35883
35891
35896
35902
35909
35926
35927
35933
35945
35949
35953
35957
35961
35963
35968
35970
35973
35974
35998
36008
36012
36014
36020
36029
36032
36033
36043
36045
36051
36053
36054
36055
36056
36061
36062
36065
36068
36070
36072
36073
36074
36076
36080
36082
36084
36085
36087
36088
36090
36093
36098
36103
36109
36112
36115
36116
36117
36118
36123
36126
36130
36131
36132
36134
36136
36138
36139
36141
36153
36175
36192
36194
36198
36215
36219
36236
36241
36245
36254
36265
36266
36269
36276
36286
36288
36308
36312
36326
36345
36348
36351
36362
36372
36376
36377
36382
36386
36388
36393
36395
36396
36410
36415
36418
36423
36427
36435
36437
36445
36447
36450
36451
36453
36458
36460
36462
36473
36474
36487
36493
36500
36505
36509
36519
36522
36524
36529
36541
36547
36549
36552
36554
36555
36557
36560
36564
36568
36570
36579
36581
36593
36595
36607
36613
36615
36616
36621
36622
36623
36631
36635
36639
36641
36642
36649
36652
36653
36661
36664
36668
36679
36682
36685
36693
36695
36698
36701
36748
36752
36756
36759
36763
36765
36795
36798
36800
36802
36805
36808
36809
36811
36812
36816
36821
36827
36828
36829
36842
36845
36848
36850
36852
36853
36857
36860
36866
36867
37610
37630
37681
37689
37722
37753
37774
37786
37795
37850
37870
37953
38018
38024
38029
38031
38047
38064
38068
38087
38091
38100
38103
38108
38125
38130
38133
38141
38142
38157
38160
38164
38172
38189
38208
38222
38239
38243
38250
38256
38264
38271
38274
38281
38292
38295
38297
38299
38300
38309
38314
38317
38328
38330
38333
38339
38343
38349
38354
38365
38367
38382
38406
38408
38410
38413
38417
38423
38424
38425
38428
38430
38432
38444
38455
38474
38475
38480
38484
38493
38519
38521
38527
38528
38537
38588
38589
38590
38599
38606
38607
38611
38613
38619
38624
38632
38635
38639
38649
38664
38671
38673
38675
38680
38683
38690
38694
38710
38713
38714
38718
38722
38725
38726
38727
38732
38735
38745
38762
38767
38781
38782
38784
38786
38794
38803
38807
38813
38814
38816
38817
38821
38823
38828
38829
38833
38835
38848
38853
38854
38855
38858
38863
38865
38876
38881
38886
38888
38890
38893
38896
38901
38903
38908
38910
38912
38913
38914
38917
38919
38921
38922
38934
38937
38941
38943
38947
38948
38950
38956
38957
38962
38966
38968
38969
38971
38973
38975
38977
38978
38979
38981
38982
38985
38990
38993
38995
38996
38997
38998
39001
39005
39010
39016
39017
39020
39025
39031
39036
39043
39047
39048
39053
39056
39058
39059
39060
39061
39062
39064
39066
39069
39071
39075
39091
39095
39096
39098
39101
39104
39105
39106
39107
39108
39109
39115
39116
39117
39118
39123
39131
39135
39139
39141
39142
39146
39147
39149
39150
39151
39159
39173
39174
39176
39181
39183
39186
39194
39197
39199
39208
39217
39221
39222
39223
39226
39228
39231
39233
39244
39246
39247
39256
39259
39261
39262
39264
39267
39269
39273
39275
39277
39282
39288
39289
39290
39291
39292
39294
39306
39310
39312
39313
39316
39318
39320
39322
39324
39327
39332
39335
39336
39338
39341
39351
39354
39358
39361
39369
39374
39376
39377
39385
39387
39389
39392
39393
39395
39396
39403
39404
39405
39415
39419
39423
39425
39426
39430
39433
39435
39437
39443
39454
39460
39463
39466
39473
39478
39491
39493
39496
39498
39500
39501
39503
39506
39514
39515
39516
39519
39520
39524
39525
39528
39529
39532
39533
39540
39542
39547
39556
39557
39561
39565
39567
39574
39577
39581
39582
39585
39590
39595
39597
39598
39599
39601
39604
39606
39607
39608
39610
39611
39617
39621
39623
39628
39634
39637
39643
39652
39656
39699
39758
39759
39866
39868
39881
39883
39889
39890
39906
39908
39917
39922
39923
39924
39926
39931
39936
39938
39941
39946
39951
39975
39977
39989
39990
39991
40036
40041
40045
40048
40062
40068
40072
40073
40075
40093
40098
40099
40104
40105
40106
40108
40118
40120
40122
40128
40131
40135
40136
40139
40147
40149
40162
40171
40172
40174
40177
40183
40185
40188
40190
40193
40194
40195
40197
40200
40201
40202
40208
40217
40228
40235
40253
40254
40371
40395
40407
40437
40461
40480
40512
40534
40550
40556
40565
40619
40632
40663
40664
40678
40682
40693
40701
40704
40707
40715
40720
40743
40745
40759
40768
40772
40778
40780
40788
40791
40817
40821
40827
40854
40870
40876
40885
40886
40896
40900
40901
40908
40927
40941
40947
40949
40958
40961
40975
40977
40983
40984
40997
41001
41005
41014
41018
41036
41040
41046
41048
41064
41075
41080
41102
41110
41128
41134
41147
41160
41166
41176
41194
41196
41199
41200
41201
41211
41216
41217
41218
41224
41227
41239
41240
41241
41252
41254
41255
41257
41258
41266
41270
41271
41274
41277
41281
41282
41293
41295
41299
41302
41307
41337
41342
41350
41354
41364
41367
41370
41375
41377
41387
41389
41403
41405
41409
41412
41431
41433
41441
41453
41485
41486
41491
41499
41502
41503
41522
41523
41524
41525
41528
41533
41536
41537
41539
41549
41551
41560
41564
41578
41583
41586
41592
41595
41596
41602
41603
41604
41616
41619
41620
41626
41637
41643
41644
41648
41655
41658
41659
41661
41670
41671
41672
41678
41689
41692
41696
41701
41707
41714
41717
41722
41750
41751
41756
41757
41760
41761
41764
41768
41771
41774
41775
41778
41788
41792
41795
41796
41799
41809
41810
41820
41821
41823
41824
41825
42005
42012
42014
42019
42025
42026
42028
42030
42031
42036
42038
42039
42051
42059
42067
42071
42099
42108
42164
42166
42167
42168
42177
42192
42193
42196
42197
42198
42201
42202
42203
42206
42214
42218
42235
42236
42240
42247
42268
42280
42285
42287
42332
42335
42355
42361
42368
42377
42381
42388
42396
42398
42403
42409
42418
42419
42426
42442
42447
42470
42482
42495
42497
42498
42499
42504
42505
42509
42519
42526
42529
42533
42536
42538
42546
42551
42552
42553
42557
42561
42563
42568
42573
42575
42577
42578
42579
42587
42590
42594
42595
42597
42599
42600
42603
42607
42608
42613
42614
42616
42618
42625
42630
42633
42636
42640
42642
42643
42646
42648
42676
42688
42691
42694
42697
42699
42704
42711
42712
42713
42718
42725
42732
42733
42744
42751
42752
42755
42758
42762
42777
42788
42790
42794
42798
42807
42812
42813
42814
42816
42821
42823
42828
42830
42833
42835
42836
42838
42841
42842
42843
42845
42846
42847
42850
42856
42868
42871
42874
42875
42877
42878
42881
42884
42885
42888
42889
42891
42896
42897
42898
42900
42901
42902
42903
42905
42913
42921
42922
42924
42926
42929
42931
42941
42944
42955
42961
42964
42973
42981
42986
42987
42992
42994
42999
43001
43003
43004
43005
43006
43009
43010
43014
43016
43020
43023
43025
43026
43028
43029
43037
43038
43042
43047
43048
43049
43055
43060
43062
43064
43067
43069
43073
43080
43083
43090
43093
43104
43107
43110
43111
43117
43120
43122
43126
43127
43128
43131
43133
43135
43144
43148
43149
43150
43152
43153
43171
43172
43176
43177
43180
43186
43188
43189
43190
43192
43193
43194
43195
43196
43198
43202
43212
43213
43216
43219
43223
43229
43234
43244
43257
43274
43277
43286
43485
43488
43489
43494
43498
43505
43518
43521
43529
43534
43540
43542
43569
43575
43581
43587
43595
43601
43617
43624
43631
43635
43639
43642
43653
43659
43663
43668
43673
43676
43677
43687
43688
43725
43735
43753
43757
43767
43775
43784
43792
43795
43826
43832
43852
43865
43874
43881
43884
43888
43910
43924
43934
43938
43939
43946
43956
43975
43980
43985
43992
44003
44006
44020
44026
44042
44044
44051
44062
44063
44069
44073
44076
44078
44083
44088
44091
44094
44095
44102
44107
44109
44110
44128
44132
44139
44145
44162
44163
44173
44174
44178
44179
44184
44185
44188
44191
44192
44203
44208
44213
44214
44221
44224
44226
44229
44235
44238
44240
44249
44257
44268
44273
44275
44277
44279
44282
44289
44292
44295
44300
44302
44303
44304
44307
44309
44310
44311
44314
44316
44322
44324
44328
44329
44337
44338
44351
44352
44363
44365
44369
44370
44372
44373
44375
44379
44380
44381
44384
44388
44389
44393
44400
44404
44406
44412
44413
44415
44419
44420
44427
44434
44435
44441
44444
44449
44453
44454
44458
44459
44461
44463
44464
44465
44466
44468
44472
44477
44481
44484
44485
44491
44493
44494
44495
44496
44497
44503
44513
44516
44521
44522
44524
44525
44526
44527
44530
44534
44535
44537
44540
44542
44545
44546
44547
44550
44555
44560
44564
44565
44568
44572
44581
44582
44584
44585
44591
44592
44594
44595
44596
44599
44603
44604
44605
44606
44610
44611
44612
44614
44615
44616
44618
44621
44623
44630
44633
44634
44635
44636
44640
44643
44651
44652
44653
44654
44655
44658
44663
44666
44669
44677
44680
44681
44682
44683
44685
44691
44696
44698
44699
44707
44712
44716
44720
44726
44730
44740
44744
44745
44746
44748
44749
44754
44755
44756
44757
44759
44769
44772
44774
44775
44777
44782
44784
44788
44789
44797
44799
44800
44801
44803
44805
44806
44808
44810
44811
44813
44818
44820
44821
44823
44824
44825
44827
44829
44830
44835
44840
44843
44849
44850
44853
44854
44856
44858
44860
44861
44863
44864
44865
44869
44872
44876
44877
44878
44882
44885
44889
44890
44894
44897
44898
44899
44902
44903
44904
44906
44908
44909
44910
44911
44912
44913
44914
44915
44917
44923
44924
44928
44931
44935
44936
44937
44939
44940
44941
44942
44943
44944
44947
44948
44949
44950
44951
44952
44953
44955
44956
44957
44959
44960
44961
44962
44963
44964
44966
44968
44970
44972
44974
44984
44985
44987
44988
44989
44990
44991
44992
44996
45006
45007
45008
45009
45011
45012
45014
45015
45017
45020
45021
45022
45023
45027
45028
45030
45033
45034
45035
45037
45039
45043
45045
45046
45047
45049
45050
45051
45052
45053
45055
45059
45060
45062
45063
45065
45067
45068
45070
45071
45073
45074
45079
45081
45083
45087
45089
45091
45092
45096
45097
45098
45100
45101
45102
45104
45105
45109
45110
45112
45113
45114
45117
45118
45119
45121
45127
45128
45130
45132
45135
45136
45137
45138
45140
45141
45142
45143
45144
45146
45147
45148
45149
45153
45154
45156
45157
45158
45159
45162
45164
45165
45166
45167
45168
45170
45171
45172
45174
45175
45176
45177
45178
45179
45182
45183
45184
45186
45187
45188
45190
45191
45192
45194
45195
45196
45197
45199
45200
45204
45207
45209
45210
45217
45218
45220
45221
45222
45224
45225
45227
45229
45230
45233
45238
45239
45241
45242
45243
45248
45249
45250
45251
45254
45256
45258
45259
45260
45261
45263
45265
45266
45272
45273
45275
45280
45282
45283
45285
45286
45289
45290
45291
45292
45293
45294
45295
45296
45297
45298
45299
45301
45303
45305
45306
45307
45309
45312
45313
45314
45315
45316
45321
45322
45324
45325
45326
45330
45331
45332
45333
45334
45335
45336
45337
45338
45340
45341
45343
45344
45345
45346
45347
45349
45350
45352
45353
45355
45357
45358
45360
45361
45363
45365
45366
45368
45369
45370
45373
45374
45377
45379
45381
45383
45384
45385
45386
45387
45388
45390
45393
45394
45395
45397
45398
45399
45400
45401
45403
45406
45407
45408
45409
45414
45415
45416
45417
45418
45419
45422
45423
45424
45425
45426
45427
45430
45431
45432
45433
45434
45437
45438
45441
45442
45443
45445
45446
45447
45449
45451
45452
45453
45454
45455
45456
45457
45458
45459
45460
45461
45462
45463
45464
45465
45467
45468
45469
45470
45471
45472
45473
45474
45475
45477
45478
45479
45480
45481
45482
45485
45486
45487
45490
45491
45497
45499
45500
45501
45505
45507
45508
45509
45510
45512
45513
45515
45516
45517
45519
45520
45522
45523
45524
45525
45526
45527
45528
45530
45533
45534
45538
45541
45542
45543
45545
45546
45547
45552
45554
45555
45556
45557
45558
45561
45562
45563
45565
45567
45570
45571
45574
45576
45577
45578
45582
45583
45584
45587
45588
45589
45590
45592
45593
45595
45597
45599
45605
45607
45608
45610
45611
45614
45615
45617
45618
45619
45622
45624
45625
45627
45628
45629
45636
45638
45639
45641
45642
45643
45646
45648
45649
45651
45652
45653
45655
45660
45662
45664
45665
45667
45668
45670
45671
45673
45674
45675
45676
45678
45680
45681
45682
45683
45684
45685
45686
45687
45688
45690
45691
45693
45694
45696
45697
45698
45700
45702
45704
45706
45710
45711
45712
45713
45716
45719
45721
45724
45725
45727
45729
45731
45732
45733
45734
45738
45739
45740
45741
45747
45748
45754
45757
45762
45763
45767
45772
45773
45774
45775
45780
45781
45782
45783
45784
45787
45788
45790
45791
45793
45794
45795
45798
45800
45802
45803
45805
45807
45808
45810
45812
45813
45814
45816
45822
45827
45829
45830
45831
45832
45833
45835
45837
45839
45840
45841
45844
45847
45850
45859
45860
45863
45865
45867
45868
45870
45874
45875
45877
45878
45887
45888
45890
45891
45892
45893
45903
45904
45905
45907
45909
45910
45911
45913
45914
45916
45921
45922
45923
45925
45928
45930
45938
45940
45942
45944
45954
45955
45961
45963
45965
45968
45970
45971
45972
45977
45978
45979
45981
45983
45988
45989
45990
45991
45995
45996
45997
45998
46002
46004
46007
46008
46009
46010
46012
46013
46014
46016
46018
46019
46020
46021
46022
46023
46024
46025
46026
46029
46031
46032
46036
46037
46040
46041
46042
46046
46048
46050
46051
46052
46053
46055
46059
46060
46063
46065
46067
46069
46071
46073
46074
46078
46079
46082
46086
46088
46089
46090
46094
46098
46099
46100
46101
46103
46107
46108
46110
46111
46113
46117
46118
46119
46122
46126
46128
46133
46134
46135
46136
46137
46140
46145
46146
46147
46149
46150
46151
46152
46153
46154
46155
46156
46158
46159
46160
46163
46165
46166
46168
46170
46175
46177
46179
46181
46182
46184
46192
46195
46197
46198
46202
46203
46205
46206
46207
46208
46210
46211
46212
46213
46214
46215
46218
46221
46222
46223
46224
46225
46227
46228
46229
46232
46235
46236
46238
46239
46240
46244
46246
46250
46254
46256
46257
46259
46260
46261
46264
46266
46268
46269
46272
46275
46279
46285
46286
46288
46289
46290
46291
46293
46297
46298
46300
46301
46305
46306
46307
46308
46309
46310
46311
46312
46313
46314
46317
46318
46320
46322
46324
46326
46329
46330
46332
46333
46336
46337
46341
46342
46343
46345
46349
46351
46355
46358
46360
46361
46362
46363
46366
46369
46370
46372
46373
46374
46380
46381
46382
46383
46384
46385
46387
46388
46391
46392
46394
46395
46396
46397
46398
46399
46400
46403
46406
46407
46408
46409
46410
46411
46412
46413
46416
46420
46422
46423
46424
46425
46427
46428
46432
46433
46434
46437
46439
46440
46447
46450
46451
46452
46458
46459
46460
46463
46465
46466
46467
46470
46471
46472
46473
46475
46477
46478
46479
46481
46485
46487
46488
46491
46492
46493
46494
46495
46496
46497
46498
46499
46504
46505
46507
46508
46512
46515
46519
46523
46528
46530
46532
46534
46538
46539
46540
46544
46547
46548
46551
46552
46553
46555
46556
46557
46558
46559
46560
46561
46562
46563
46564
46566
46567
46570
46573
46574
46575
46577
46578
46580
46583
46584
46589
46590
46591
46592
46594
46595
46597
46598
46599
46601
46602
46603
46604
46605
46606
46607
46609
46610
46611
46612
46613
46614
46616
46617
46619
46627
46630
46631
46634
46635
46638
46642
46643
46646
46649
46650
46651
46652
46653
46654
46659
46661
46663
46665
46666
46670
46671
46672
46673
46676
46678
46679
46681
46682
46686
46691
46692
46693
46695
46696
46697
46698
46701
46702
46703
46705
46708
46711
46712
46714
46715
46716
46721
46724
46726
46727
46728
46730
46732
46733
46735
46736
46737
46739
46740
46742
46743
46745
46751
46754
46756
46757
46759
46762
46763
46767
46768
46769
46771
46772
46773
46774
46777
46779
46781
46782
46783
46784
46785
46786
46790
46793
46794
46795
46796
46798
46799
46801
46802
46805
46806
46807
46808
46811
46813
46815
46816
46817
46818
46819
46820
46821
46823
46825
46827
46828
46829
46830
46831
46833
46836
46837
46838
46840
46841
46843
46844
46846
46849
46850
46851
46854
46855
46856
46858
46859
46860
46861
46863
46865
46867
46870
46873
46877
46878
46880
46881
46882
46883
46884
46885
46886
46888
46891
46892
46893
46896
46898
46901
46902
46904
46906
46907
46908
46910
46911
46912
46913
46914
46917
46919
46920
46921
46922
46923
46924
46925
46928
46929
46930
46931
46932
46935
46939
46940
46943
46950
46954
46956
46957
46958
46960
46965
46967
46968
46973
46977
46978
46979
46981
46982
46983
46984
46985
46986
46990
46991
46993
46997
46998
46999
47000
47001
47002
47008
47010
47011
47012
47013
47014
47015
47017
47018
47021
47022
47023
47025
47026
47027
47029
47030
47032
47033
47034
47035
47038
47039
47043
47044
47045
47046
47047
47049
47050
47053
47054
47056
47057
47058
47060
47061
47062
47068
47073
47074
47078
47079
47080
47082
47085
47086
47087
47088
47090
47096
47098
47103
47107
47112
47123
47125
47138
47153
47167
47172
47181
47186
47191
47192
47198
47200
47206
47207
47211
47212
47213
47215
47216
47219
47221
47222
47226
47227
47230
47231
47233
47235
47238
47243
47248
47249
47252
47253
47254
47257
47262
47267
47270
47271
47274
47279
47280
47286
47288
47293
47294
47299
47301
47303
47304
47306
47310
47315
47316
47320
47321
47323
47329
47333
47334
47338
47351
47353
47354
47357
47359
47363
47365
47371
47379
47384
47385
47387
47389
47391
47394
47400
47408
47409
47410
47413
47416
47418
47419
47421
47422
47423
47424
47426
47429
47431
47432
47433
47442
47445
47452
47456
47460
47461
47463
47465
47466
47467
47469
47473
47477
47478
47481
47483
47486
47487
47488
47490
47491
47493
47494
47495
47496
47498
47500
47505
47506
47508
47509
47510
47511
47512
47513
47514
47517
47519
47520
47522
47523
47528
47532
47537
47541
47548
47549
47551
47552
47553
47558
47562
47564
47567
47568
47570
47571
47577
47578
47580
47581
47582
47584
47585
47586
47588
47589
47592
47594
47599
47601
47611
47614
47618
47623
47634
47639
47641
47642
47647
47651
47657
47659
47662
47663
47666
47671
47678
47684
47686
47688
47690
47696
47710
47712
47713
47715
47716
47717
47720
47721
47723
47724
47726
47728
47730
47731
47733
47736
47737
47740
47742
47744
47745
47748
47749
47754
47757
47758
47760
47763
47767
47768
47770
47781
47784
47787
47788
47793
47795
47799
47800
47801
47802
47803
47807
47808
47810
47811
47812
47814
47816
47817
47820
47822
47829
47830
47831
47833
47835
47836
47838
47842
47845
47846
47849
47850
47851
47852
47857
47865
47868
47877
47881
47882
47888
47891
47893
47896
47897
47902
47911
47921
47926
47931
47939
47963
47964
47968
47972
47974
47977
48008
48010
48022
48025
48029
48033
48044
48045
48052
48056
48057
48060
48061
48062
48064
48076
48078
48079
48082
48083
48085
48087
48088
48092
48093
48094
48104
48107
48109
48113
48115
48117
48118
48120
48129
48133
48138
48143
48145
48146
48148
48153
48157
48159
48173
48177
48178
48182
48183
48188
48189
48192
48195
48197
48199
48202
48203
48205
48210
48211
48216
48222
48224
48230
48235
48243
48248
48249
48251
48255
48257
48263
48266
48272
48274
48281
48285
48286
48292
48293
48296
48305
48307
48309
48311
48313
48316
48317
48318
48322
48323
48324
48326
48334
48339
48340
48342
48354
48363
48372
48378
48386
48400
48401
48404
48408
48424
48428
48430
48432
48433
48437
48446
48447
48449
48451
48456
48462
48463
48465
48468
48470
48475
48485
48494
48506
48509
48512
48519
48522
48523
48526
48527
48534
48543
48551
48555
48556
48558
48561
48570
48575
48581
48587
48589
48591
48593
48598
48600
48605
48611
48615
48625
48633
48636
48640
48642
48644
48645
48646
48648
48649
48657
48659
48661
48663
48664
48666
48671
48673
48677
48680
48684
48685
48687
48690
48692
48693
48707
48714
48720
48721
48722
48723
48726
48733
48741
48750
48753
48755
48758
48761
48764
48766
48777
48782
48785
48789
48792
48795
48796
48800
48802
48806
48807
48811
48813
48814
48815
48816
48821
48823
48825
48826
48827
48832
48839
48842
48844
48850
48851
48853
48856
48858
48860
48863
48868
48869
48870
48871
48876
48878
48879
48882
48884
48889
48894
48895
48896
48898
48899
48900
48901
48902
48905
48911
48912
48914
48918
48921
48923
48924
48926
48927
48929
48930
48937
48940
48941
48943
48944
48947
48948
48950
48958
48959
48963
48965
48966
48967
48969
48971
48972
48973
48976
48977
48978
48980
48984
48985
48989
48992
48998
49001
49012
49016
49019
49020
49025
49028
49031
49239
49249
49271
49280
49311
49319
49328
49341
49342
49347
49355
49361
49376
49396
49406
49425
49449
49457
49465
49471
49480
49491
49510
49520
49526
49532
49547
49554
49560
49566
49567
49571
49609
49614
49616
49624
49625
49631
49632
49636
49640
49643
49651
49654
49657
49662
49664
49705
49710
49717
49724
49731
49745
49749
49752
49755
49756
49757
49765
49766
49776
49781
49785
49788
49792
49804
49812
49853
49859
49864
49867
49869
49885
49889
49892
49894
49901
49902
49904
49912
49917
49919
49922
49929
49931
49933
49962
49974
49981
49996
50001
50003
50005
50027
50034
50037
50039
50046
50048
50050
50056
50077
50078
50081
50087
50096
50097
50098
50103
50106
50108
50110
50118
50126
50128
50129
50136
50137
50141
50142
50144
50145
50148
50153
50157
50160
50170
50175
50180
50182
50193
50195
50196
50201
50215
50223
50226
50234
50235
50243
50257
50258
50262
50265
50272
50275
50276
50278
50282
50283
50286
50290
50299
50305
50310
50320
50324
50325
50330
50339
50340
50343
50345
50350
50353
50354
50355
50357
50358
50360
50363
50365
50366
50367
50371
50372
50373
50378
50407
50410
50413
50415
50419
50421
50423
50424
50425
50431
50433
50435
50436
50441
50442
50447
50448
50450
50453
50456
50458
50459
50460
50461
50463
50464
50465
50466
50473
50474
50476
50477
50479
50480
50481
50483
50485
50486
50488
50489
50494
50503
50504
50508
50509
50512
50513
50514
50520
50522
50523
50525
50529
50530
50535
50538
50540
50541
50542
50547
50551
50555
50556
50557
50559
50565
50566
50568
50569
50571
50575
50576
50581
50582
50585
50587
50588
50591
50593
50595
50596
50598
50601
50602
50607
50609
50610
50614
50615
50617
50620
50623
50629
50631
50633
50635
50637
50638
50639
50641
50644
50647
50653
50654
50656
50659
50660
50665
50668
50669
50675
50676
50680
50681
50682
50683
50684
50686
50687
50688
50690
50691
50694
50695
50696
50699
50700
50703
50704
50708
50709
50710
50712
50713
50714
50718
50719
50722
50723
50730
50731
50734
50735
50739
50741
50745
50747
50753
50756
50757
50758
50770
50784
50805
50808
50810
50815
50820
50821
50822
50835
50837
50840
50843
50852
50856
50859
50870
50875
50879
50887
50891
50904
50909
50912
50918
50921
50924
50925
50933
50934
50937
50939
50941
50942
50944
50945
50950
50951
50952
50954
50967
50990
51010
51019
51023
51031
51037
51041
51042
51050
51054
51056
51064
51066
51096
51102
51106
51108
51118
51137
51145
51147
51150
51162
51165
51174
51179
51189
51199
51207
51209
51211
51224
51231
51234
51248
51249
51251
51262
51263
51264
51272
51275
51277
51279
51283
51287
51290
51295
51304
51305
51316
51318
51328
51331
51333
51342
51345
51347
51368
51392
51395
51398
51400
51407
51409
51413
51414
51420
51422
51429
51430
51431
51436
51439
51451
51454
51457
51462
51463
51465
51475
51478
51484
51486
51489
51519
51526
51530
51538
51543
51546
51555
51560
51564
51565
51579
51580
51583
51585
51591
51596
51610
51618
51622
51627
51628
51632
51639
51640
51643
51645
51646
51648
51828
51830
51836
51845
51850
51851
51853
51859
51865
51867
51871
51872
54485
54489
54520
54522
54529
54536
54545
54560
54578
54580
54583
54588
54601
54617
54622
54624
54640
54641
54645
54653
54655
54661
54674
54681
54688
54701
54753
54756
54760
54764
54782
54788
54798
54799
54800
54802
54813
54818
54821
54841
54844
54848
54849
54851
54856
54857
54858
54863
54867
54871
54872
54875
54884
54887
54889
54894
54897
54903
54906
54914
54916
54917
54921
54928
54930
54934
54935
54940
54947
54949
54951
54952
54957
54960
54962
54967
54970
54987
54996
55005
55017
55020
55028
55048
55052
55074
55080
55081
55084
55085
55088
55097
55100
55104
55112
55116
55121
55123
55128
55129
55134
55140
55141
55147
55155
55156
55157
55158
55160
55162
55169
55183
55190
55192
55197
55199
55213
55214
55217
55220
55222
55231
55232
55233
55234
55236
55237
55242
55243
55245
55246
55248
55250
55251
55262
55271
55281
55284
55285
55286
55293
55335
55340
55342
55347
55348
55355
55358
55364
55367
55368
55369
55376
55377
55379
55385
55394
55401
55407
55412
55414
55415
55420
55421
55426
55437
55443
55444
55447
55449
55451
55456
55458
55467
55469
55474
55477
55478
55483
55484
55486
55494
55495
55501
55507
55509
55511
55512
55514
55515
55520
55524
55526
55529
55530
55531
55533
55535
55536
55537
55541
55542
55551
55553
55554
55556
55562
55571
55577
55584
55589
55592
55595
55598
55599
55601
55603
55606
55608
55609
55614
55616
55617
55619
55621
55622
55627
55630
55633
55635
55641
55642
55652
55653
55656
55660
55666
55673
55674
55679
55680
55683
55684
55687
55692
55699
55710
55711
55716
55717
55720
55723
55729
55736
55737
55738
55742
55743
55744
55746
55748
55749
55751
55752
55753
55754
55756
55757
55761
55767
55772
55777
55781
55786
55788
55791
55792
55793
55795
55799
55807
55809
55810
55811
55816
55819
55825
55827
55829
55839
55841
55844
55845
55847
55848
55849
55851
55853
55867
55868
55869
55870
55871
55873
55874
55875
55878
55881
55882
55884
55886
55887
55890
55892
55893
55894
55900
55902
55911
55914
55917
55918
55922
55925
55926
55928
55929
55932
55936
55944
55950
55953
55954
55959
55960
55961
55962
55966
55967
55969
55971
55972
55973
55976
55977
55979
55980
55981
55982
55984
55986
55987
55989
55990
55992
55993
55995
55998
55999
56002
56003
56004
56011
56012
56013
56014
56016
56017
56021
56028
56030
56035
56042
56044
56046
56047
56054
56055
56058
56060
56061
56066
56069
56070
56071
56076
56077
56079
56084
56089
56090
56091
56092
56096
56099
56100
56101
56104
56111
56113
56114
56116
56118
56121
56122
56124
56125
56126
56129
56130
56131
56132
56134
56138
56141
56142
56143
56145
56146
56147
56148
56152
56153
56157
56160
56161
56168
56170
56175
56176
56181
56188
56189
56192
56193
56195
56198
56201
56204
56206
56210
56211
56217
56218
56219
56220
56223
56227
56228
56235
56236
56239
56242
56245
56246
56247
56250
56252
56253
56255
56256
56257
56258
56259
56264
56265
56266
56268
56271
56283
56288
56290
56291
56300
56301
56302
56305
56309
56310
56311
56312
56313
56314
56315
56316
56319
56321
56325
56329
56338
56341
56346
56350
56351
56352
56354
56356
56357
56359
56360
56366
56369
56370
56374
56375
56381
56384
56385
60014
60018
60020
60021
60022
60023
60024
60032
60033
60034
61595
61608
63319
63326
63335
63374
63397
63407
63412
63427
63434
63436
63440
63443
63446
63449
63452
63456
63460
63462
63465
63475
63480
63481
63487
63491
63493
63494
63496
63502
63505
63506
63516
63524
63533
63539
63543
63549
63555
63561
63563
63565
63587
63589
63592
63605
63619
63621
63622
63641
63649
63660
63667
63673
63680
63682
63702
63708
63715
63728
63734
63748
63754
63767
63772
63794
63809
63830
63834
63837
63845
63849
63854
63855
63862
63870
63876
63879
63888
63891
63895
63897
63902
63906
63908
63917
63921
63928
63933
63939
63941
63944
63948
63951
63955
63963
63966
63995
64002
64007
64010
64012
64014
64015
64019
64021
64025
64027
64043
64046
64048
64049
64050
64066
64070
64078
64085
64087
64091
64095
64096
64110
64113
64115
64117
64124
64130
64131
64134
64136
64140
64144
64174
64257
64258
64594
64597
64599
64602
64608
64618
64620
64623
64624
64631
65460
65465
65473
65482
65491
65495
65503
65512
65519
65525
65546
65547
65548
65569
65596
65597
65600
65608
65623
65625
65628
65629
65631
65636
65657
65664
65680
65689
65704
65741
65784
65788
65800
65802
65803
65817
65821
65822
65831
65833
65842
65850
65861
65875
65876
65879
65882
65884
65888
65889
65891
65893
65906
65908
65909
65917
65918
65922
65923
65925
65927
65934
65937
65938
65941
65959
65962
65963
65975
65976
65978
65985
65993
65996
66002
66007
66015
66016
66018
66026
66041
66047
66049
66053
66059
66065
66067
66072
66081
66100
66107
66108
66113
66114
66115
66122
66125
66166
66176
66177
66183
66197
66202
66205
66226
66228
66230
66234
66240
66249
66251
66252
66255
66256
66257
66258
66262
66268
66274
66277
66285
66286
66290
66300
66305
66309
66310
66311
66312
66316
66329
66332
66359
66375
66377
66380
66385
66394
66395
66504
66529
66542
66549
66551
66561
66563
66565
66567
66569
66573
66580
66583
66586
66595
66596
66597
66604
66605
66630
66640
71766
71768
71794
71844
71850
71861
71973
72004
72027
72095
72137
72150
72157
72158
72190
72191
72207
72208
72260
72299
72323
72366
72384
72427
73285
73302
73340
73362
73370
73371
73373
73380
73387
73427
73452
73457
73486
73487
73495
73497
73501
73507
73516
73520
73532
73536
73537
73539
73540
73552
73554
73555
73566
73573
73586
73601
73602
73603
73605
73615
73618
73622
73625
73626
73632
73643
73666
73669
73671
73672
73682
73683
73685
73702
73709
73715
73716
73722
73727
73729
73732
73739
73751
73756
73759
73761
73762
73775
73777
73781
73793
73802
73815
73819
73827
73830
73831
73832
73836
73843
73850
73852
73853
73860
73872
73873
73879
73889
73894
73897
73906
73910
73911
73929
73933
73942
73965
73978
73981
73984
73988
73996
74002
74012
74013
74039
74047
74055
74062
74072
74076
74077
74086
74101
74114
74133
74142
74150
74170
74176
74181
74188
74202
74206
74212
74213
74240
74263
74269
74285
74287
74291
74296
74297
74315
74316
74318
74320
74322
74324
74326
74328
74330
74332
74337
74351
74353
74368
74373
74374
74391
74399
74404
74409
74410
74417
74423
74427
74451
74454
74458
74461
74462
74467
74470
74472
74481
74482
74484
74488
74491
74492
74504
74505
74506
74507
74519
74524
74526
74531
74534
74543
74544
74546
74551
74560
74565
74582
74629
74636
74644
74663
74680
74687
74688
74717
74722
74761
74762
74786
74790
74796
74813
74829
74838
74846
74912
74924
74959
74991
74992
75025
75026
75054
75058
75469
75470
75485
75489
75493
75498
75499
75520
75537
75550
76550
76583
76600
76603
76627
76648
76664
76668
76676
76691
76699
76704
76716
76724
76736
76742
76751
76754
76762
76787
76795
76807
76812
76815
76822
76829
76842
76849
76869
76870
76871
76875
76881
76892
76936
76953
76973
76974
76978
76979
77004
77024
77036
77061
77064
77085
77094
77101
77130
77134
77145
77149
77154
77161
77175
77185
77192
77196
77210
77225
77232
77233
77238
77240
77247
77259
77261
77262
77265
77269
77272
77279
77284
77289
77294
77297
77318
77323
77328
77330
77331
77333
77336
77338
77342
77353
77359
77361
77368
77370
77376
77384
77385
77387
77389
77393
77397
77399
77413
77416
77442
77444
77445
77452
77457
77459
77464
77467
77475
77476
77490
77497
77511
77512
77518
77519
77522
77527
77539
77541
77543
77544
77547
77556
77561
77599
77606
77608
77613
77630
77635
77639
77649
77650
77652
77657
77662
77673
77678
77683
77684
77688
77691
77692
77697
77701
77702
77709
77710
77713
77717
77733
77742
77743
77746
77750
77756
77759
77760
77761
77763
77770
77771
77775
77778
77787
77788
77796
77800
77805
77808
77809
77812
77813
77814
77818
77822
77844
77847
77849
77897
77912
77922
77924
77927
77929
77930
77932
77956
77963
78011
78022
78031
78037
78059
78064
78074
78096
78097
78099
78101
78107
78113
78119
78120
78139
78140
78148
78152
78155
78156
78157
78162
78171
78183
78185
78190
78191
78192
78198
78200
78204
78219
78221
78223
78227
78237
78238
78246
78250
78254
78258
78262
78269
78273
78285
78286
78288
78299
78301
78302
78310
78314
78319
78322
78327
78344
78360
78372
78376
78400
78404
78406
78429
78432
78438
78441
78449
78450
78455
78459
78462
78466
78470
78483
78513
78531
78552
78574
78593
78599
78611
78622
78667
78682
78690
78708
78718
78734
78735
78742
78796
78840
78846
78863
78885
78905
78920
78926
78943
78953
78996
79003
79039
79049
79148
79202
79226
79266
79305
79322
79367
79392
79398
79402
79403
79408
79412
79414
79417
79423
79424
79425
79426
79427
79431
79443
79447
79448
79454
79458
79460
79468
79469
79477
79486
79508
79517
79533
79535
79540
79546
79551
79568
79593
79600
79610
79614
79626
79638
79656
79668
79669
79678
79680
79685
79686
79692
79700
79706
79716
79724
79740
79741
79761
79769
79803
79866
79882
79888
79892
79900
79903
79909
79912
79916
79917
79919
79934
79935
79941
79945
79950
79955
79967
79968
79975
79977
79985
79998
80004
80019
80027
80030
80035
80037
80040
80044
80051
80052
80054
80055
80068
80072
80077
80078
80080
80085
80088
80091
80101
80109
80114
80149
80157
80190
80195
80202
80233
80237
80278
80295
80304
80467
80482
80511
80647
80658
80671
80774
80793
80799
80814
80885
80924
80941
80990
80992
81025
81026
81045
81067
81102
81103
81104
81110
81112
81177
81205
81215
81223
81227
81265
81266
81273
81286
81303
81384
81465
81469
81474
81616
81645
81647
81673
81718
81724
81762
81769
81781
81843
81865
81961
81967
82129
82482
82491
84968
84992
85016
85017
85031
85036
85045
85052
85053
85088
85092
85093
85124
85176
85246
85254
85268
85269
85291
85304
85305
85332
85333
85354
85367
85392
85393
85404
85414
85425
85433
85454
85465
85472
85483
85618
85638
85645
85698
85699
85704
85719
85723
85731
85741
85748
85765
85778
85811
85816
85879
85887
85888
85892
85935
85936
85947
85967
86018
86025
86035
86057
86058
86114
86129
86150
86162
86163
86169
86196
86207
86239
86282
86292
86298
86399
86413
86427
86433
86434
86476
86484
86499
86505
86533
86606
86666
86688
86714
86731
86743
86749
86757
86797
86804
86832
86839
86845
86871
86881
86915
86954
86955
86964
86981
86998
87035
87036
87059
87124
87129
87145
87228
87252
87284
87330
87353
87416
87421
87441
87459
87514
87519
87558
87561
87588
87611
87648
87659
87664
87704
87711
87728
87729
87731
87753
87759
87787
87793
87833
87844
87909
87985
87992
88021
88060
88079
88087
88118
88154
88169
88189
88210
88211
88223
88286
88305
88328
88359
88382
88449
88455
88456
88473
88480
88505
88532
88537
88541
88604
88620
88625
88643
88668
88676
88688
88753
88757
88776
88783
88795
88796
88825
88838
88839
88876
88886
88902
88916
88935
88944
88945
88949
88953
88966
88970
88983
88988
88997
89026
89032
89040
89068
89074
89075
89085
89091
89100
89101
89134
89144
89156
89164
89177
89179
89191
89197
89205
89214
89216
89221
89223
89228
89229
89265
89283
89285
89298
89309
89338
89347
89348
89353
89356
89358
89360
89369
89386
89440
89521
89529
89550
89557
89562
89568
89580
89583
89608
89611
89619
89624
89637
89644
89651
89652
89670
89677
89685
89693
89702
89706
89716
89728
89736
89753
89762
89764
89788
89791
89797
89808
89811
89815
89823
89830
89839
89842
89844
89853
89863
89865
89874
89879
89881
89893
89894
89902
89919
89920
89923
89924
89927
89930
89941
89968
89970
89974
89980
89982
90005
90008
90009
90025
90028
90029
90041
90043
90053
90111
90926
90928
90955
90956
90971
90986
90994
91622
91625
91627
91642
91646
91650
91671
91674
91675
91679
91684
91690
91697
91707
91711
91718
91721
91723
91731
91733
91739
91742
91743
91744
91749
91759
91767
91778
91782
91806
91813
91820
91824
91844
91845
91849
91853
91869
91883
91899
91913
91915
91919
91920
91926
91952
91953
91954
91957
91968
91977
91990
91999
92010
92016
92019
92023
92024
92029
92030
92033
92044
92047
92050
92054
92056
92059
92063
92077
92080
92081
92084
92097
92104
92108
92113
92117
92128
92141
92154
92177
92190
92192
92195
92209
92211
92243
92248
92253
92257
92268
92272
92303
92342
92353
92360
92369
92381
92384
92398
92407
92411
92412
92418
92424
92429
92436
92450
92456
92462
92476
92477
92480
92482
92484
92489
92499
92502
92509
92515
92524
92533
92534
92539
92543
92555
92564
92568
92572
92579
92584
92589
92590
92601
92609
92615
92616
92623
92627
92628
92655
92656
92659
92662
92664
92670
92674
92680
92689
92693
92696
92698
92700
92703
92706
92715
92722
92731
92737
92742
92744
92747
92756
92763
92765
92790
92795
92796
92799
92804
92808
92810
92811
92812
92817
92819
92821
92826
92833
92837
92840
92851
92852
92868
92871
92882
92883
92886
92905
92924
92934
92939
92942
92973
92976
93001
93006
93021
93034
93036
93043
93044
93069
93074
93092
93099
93106
93118
93119
93126
93137
93140
93186
93193
93195
93200
93217
93224
93228
93235
93237
93239
93244
93245
93282
93292
93297
93305
93308
93364
93370
95736
95757
95759
95761
95763
95764
95766
95769
95775
95778
95788
95798
95817
95820
95827
95839
95846
95848
95858
95905
95917
95919
95931
95937
95957
95964
95972
95986
96007
96010
96016
96214
96215
96234
96254
96258
96272
96283
96285
96291
96297
96325
96329
96336
96340
96344
96355
96358
96373
96380
96383
96423
96425
96431
96436
103672
103685
103688
103698
103705
103723
103732
103735
103745
103750
103751
103752
103759
103767
103783
103788
103793
103804
103810
103814
103816
103822
103825
103839
103843
103858
103869
103872
103884
103890
103898
103908
103914
103929
103931
103937
103952
103968
103981
104020
104024
104028
104034
104049
104055
104063
104064
104067
104070
104076
104083
104104
104112
104138
104140
104154
104159
104167
104170
104172
104177
104201
104206
104242
104258
104274
104282
104295
104321
104327
104355
104362
104369
104371
104374
104387
104399
104407
104420
104427
104437
104442
104473
104497
104499
104505
104508
104532
104534
104535
104539
104561
104571
104575
104577
104583
104585
104598
104650
104659
104672
104682
104692
104699
104700
104712
104722
104748
104752
104754
104763
104766
104775
104786
104794
104814
104818
104823
104825
104857
104863
104867
104874
104875
104878
104884
104885
104887
104913
104920
104921
104926
104932
104935
104940
104970
104978
104989
104998
104999
105000
105007
105011
105012
105017
105021
105025
105031
105032
105917
105943
105952
105959
106694
106705
106715
106721
106723
106732
106759
106775
106780
106782
106792
106793
106796
106798
106800
106809
106815
106818
106819
106828
106833
106838
106849
106853
106859
106867
106875
106876
106883
106887
106914
106917
106924
106932
106948
106950
106953
106955
106957
106958
106989
106999
107015
107022
107023
107027
107028
107031
107035
107042
107043
107048
107050
107052
107054
107061
107062
107063
107072
107079
107081
107082
107085
107086
107089
107101
107103
107106
107108
107112
107113
107114
107115
107125
107126
107129
107137
107153
107160
107164
107172
107173
107178
107179
107182
107187
107195
107228
107232
107240
107242
107279
107285
107303
107307
107314
107336
107337
107342
107347
107358
107359
107365
107367
107374
107386
107390
107393
107395
107402
107407
107411
107416
107418
107422
107425
107426
107427
107435
107441
107445
107457
107465
107472
107473
107481
107486
107487
107489
107492
107497
107504
107505
107511
107513
107517
107525
107529
107534
107535
107539
107546
107548
107550
107551
107554
107557
107559
107561
107564
107565
107568
107570
107587
107590
107592
107594
107597
107598
107601
107603
107604
107607
107623
107627
107629
107635
107639
107642
107644
107648
107650
107654
107658
107660
107661
107662
107663
107665
107672
107680
107681
107686
107708
107715
107729
107732
107737
107741
107743
107749
107757
107764
107767
107769
107771
107774
107776
107798
107801
107806
107809
107811
107813
107816
107817
107821
107847
107862
107872
107875
107921
107928
107929
107930
107938
107965
107969
107999
108004
108007
108008
108015
108024
109624
109780
109841
109854
109896
109927
109940
109962
109970
109989
110026
110226
110227
110232
110253
110257
110264
110272
110284
110288
110297
110306
110312
110334
110351
110360
110388
110393
110400
110426
110461
110468
110487
110505
110510
110777
110787
110792
110801
110806
110810
110824
110834
110836
110847
110852
110858
110876
110879
110881
110918
110920
110939
111448
111460
111558
111616
111705
111751
111807
111826
111863
111879
111900
111901
111966
112040
112058
112089
112110
112256
112299
112367
112371
117791
117806
117812
117823
117845
117849
117856
117866
117868
117870
117871
117884
117890
117894
117897
117912
117919
117926
117931
117939
117945
117950
117966
117973
117977
117984
117986
117993
117994
118006
118010
118012
118015
118028
118031
118037
118040
118048
118064
118067
118098
118103
118108
118127
118146
118156
118173
118175
118183
118195
118214
118218
118240
118243
118247
118250
118254
118259
118262
118266
118283
118285
118317
118331
118349
118459
118465
118494
118497
118506
118539
118547
118574
118595
118598
118608
118610
118617
118626
118629
118633
118648
118650
118669
118685
118693
118697
118713
118723
118727
118755
118789
118803
118807
118817
118818
118852
118860
118866
118872
118874
118935
118937
118942
118944
118976
118980
118987
118990
119014
119019
119025
119042
119059
119060
119063
119068
119091
119108
119109
119148
119153
119160
119183
119189
119191
119193
119198
119203
119206
119214
119220
119229
119233
119249
119272
119290
119295
119315
119317
119320
119325
119326
119327
119993
119995
120005
120018
120027
120059
120071
120090
120098
120108
120121
120124
120157
120165
120169
120172
120175
120180
120181
120186
120195
120196
120201
120210
120211
120216
120220
120225
120244
120254
120266
120269
120272
120279
120280
120282
120283
120289
120291
120297
120302
120305
120309
120313
120348
120351
120364
120381
120393
120402
120411
120417
120436
120439
120442
120443
120450
120461
120464
120476
120483
120486
120493
120509
120515
120525
120538
120555
120570
120573
120585
120592
120593
120595
120602
120622
120641
120651
120653
120662
120665
120666
120669
120676
120687
120702
120709
120713
120731
120745
120749
120769
120832
120842
120850
120855
120860
120865
120869
120876
120885
120907
120916
120919
120925
120934
120940
120950
120952
120957
120969
120979
120992
120995
121003
121004
121007
121010
121017
121021
121024
121036
121050
121051
121059
121060
121065
121066
121069
121077
121087
121092
121097
121117
121121
121124
121128
121130
121132
121136
121149
121159
121160
121162
121167
121170
121181
121191
121217
121226
121233
121234
121256
121264
121270
121276
121280
121287
121324
121328
121344
121419
121424
121432
121435
121442
121446
121477
121484
121486
121504
121505
121508
121517
121520
121525
121535
121553
121562
121593
121602
121604
121608
121609
121619
121622
121626
121650
121657
121658
121662
121673
121682
121717
121725
121727
121731
121735
121743
121744
121748
121749
121769
121777
121778
121788
121792
121794
121813
121824
121825
121852
121855
121861
121869
121880
121883
121887
121888
121907
121912
121914
121917
121932
121942
