56385
56384
56381
56374
56370
56366
56357
56356
56329
56315
56312
56311
56310
56309
56301
56096
56070
56047
56030
56011
55992
55987
55986
55981
55977
55973
55962
55944
55926
55890
55887
55886
55882
55873
55870
55849
55845
55839
55781
55756
55744
55699
55683
55619
55571
55531
55415
6239
6191
55348
55245
55242
55237
55217
55199
50477
50465
50461
50453
50448
50447
50435
50433
50424
50423
50419
50413
50410
50378
50358
50355
50354
50353
50345
50343
50324
50305
50299
50290
50286
50282
50278
50275
50258
50234
50196
50195
50193
50180
50175
50153
50145
50142
50137
50129
50128
50108
50098
50087
50081
50027
50005
49996
49962
49922
49917
49912
49885
49755
49724
49643
49640
49636
49632
49520
47511
47508
47506
47491
47487
47467
47452
47422
47418
47409
47039
47029
47011
47010
46982
46967
46960
46958
46919
46898
46882
46867
46854
46820
46808
46806
46796
46786
46781
46769
46759
46756
46737
46727
46726
46721
46714
46703
46701
46697
46681
46666
46665
46654
46653
46652
46651
46650
46646
46635
46634
46616
46613
46609
46607
46604
46603
46599
46590
46589
46573
46557
46552
46539
46534
46477
46459
46439
46434
46385
46372
46369
46358
46264
46259
46246
46238
46228
46222
46221
46205
46203
46192
46184
46166
46165
46156
46150
46147
46137
46118
46117
46108
46055
46052
46050
46046
46012
46009
45989
45961
45944
45940
45907
45874
45870
45844
45840
45827
45807
45791
45788
45781
45774
45767
45762
45747
45740
45738
45685
45676
45668
45652
45642
45614
45611
45608
45593
45584
45583
45556
45552
45533
45525
45456
45451
45437
45388
45386
45355
45309
45293
45280
45273
45261
45170
45166
45162
45153
45149
45147
45146
45144
45142
45136
45132
45114
45113
45097
45047
45043
45028
45027
45014
45011
44984
44936
44923
44876
44835
44829
44818
44810
44800
44789
44788
44777
44755
44754
44746
44707
44658
44653
44652
44621
44603
44594
44591
44581
44568
44564
44560
44550
44546
44545
44534
44522
44496
44494
44472
44468
44415
44406
44400
44389
44384
44369
44303
44279
44257
44238
44226
44214
44213
44191
41354
41350
41337
41307
41302
41299
41295
41282
41281
41277
41274
41271
41270
41266
41258
41257
41254
41252
41241
41240
41239
41218
41217
41216
41211
41201
41196
41194
41176
41166
41134
41128
41110
41080
41075
41064
41048
41046
41018
41014
41005
40983
40941
40901
40896
40885
40876
39176
39174
39173
39149
39146
39142
39141
39135
39108
39106
39098
39096
39069
39064
39061
39058
39053
39036
39025
39017
39016
39001
38998
38996
38995
38993
38981
38979
38978
38971
38962
38956
38950
38943
38921
38917
38903
38896
38876
38865
38835
38833
38816
38794
38767
38735
38725
38722
38714
38710
38664
38639
38624
38619
38611
38606
38590
38589
38588
38527
38484
38455
38432
38430
38423
38417
38413
38408
38367
38354
38349
38343
38333
38330
38317
38314
38300
38299
38281
38271
38256
38208
38189
38160
38157
38130
38125
38091
38087
38064
34701
34685
34664
34587
34578
34272
34255
34234
34226
34221
34172
34170
34158
34155
34153
34138
34117
34112
34109
34056
34054
34008
33991
33987
33974
33966
33959
33958
33955
33951
33950
33946
33930
33925
33895
33892
33886
33870
33863
33857
33856
33848
33836
33767
33766
33731
33724
33691
33684
33574
33573
33571
33570
33536
33511
33488
33483
33476
33473
33467
33452
33414
33404
33394
33393
33385
33134
33132
33096
33075
33038
33012
32981
32966
32894
32081
32076
32072
31590
31573
31569
31553
31549
31538
31532
31513
31507
31490
31466
31462
31459
31450
31440
31423
31395
31373
31371
31362
31361
31360
31348
31322
31318
31311
31303
31261
31210
31135
30982
6238
6237
6228
6215
55340
30741
30706
30702
30690
30669
30666
30658
55246
30642
55234
55233
30639
30638
30637
55222
30597
30594
30591
30581
30577
30532
30471
30442
30418
30402
30308
30245
30240
30234
30227
30223
30218
30216
30213
30203
30193
30185
30174
30166
30163
30154
30145
30136
30112
30107
30097
30078
30070
30035
30031
30015
29916
29896
29892
29859
29838
29832
29692
29685
29665
29624
29615
29613
29574
29561
29558
29553
27727
27717
27698
27681
27679
27629
27619
27578
27571
27556
27516
27465
27421
27366
27357
27284
50466
50464
50459
50415
50373
50365
50310
50272
50265
50262
50243
50226
50215
50201
50170
50160
50157
50148
50141
50136
50126
50097
50078
50056
50050
50048
50046
49981
49933
49931
49929
49919
49904
49902
49901
49812
49731
49705
49662
49657
49566
24327
24324
24323
24310
24295
24290
24289
24287
24286
24282
24273
24263
24260
24256
24248
24243
24225
24224
24222
24221
24217
24213
24210
24208
24206
24203
24186
24182
24174
24171
24168
24167
24164
24162
24161
24159
24146
24136
24121
24096
24084
24074
24057
24046
24044
24030
24027
24022
24017
24013
24012
24009
24008
24003
23997
23992
23991
23984
23980
23976
23974
23968
23967
23960
23959
23955
23950
23941
23921
23919
23918
23915
23904
23892
23883
23878
23875
23871
23863
23861
23860
23842
23823
23818
23812
23787
23776
23775
23768
23766
23764
23729
23721
23709
23632
23601
47509
47478
47461
47416
47045
47044
47035
47021
46985
46913
46911
46885
46860
46823
46815
46773
46686
46638
46538
46512
46466
46458
46427
46391
46388
46337
46324
46239
46227
46225
46202
46177
46122
46059
46032
46018
46014
46002
45913
45877
45839
45721
45713
45710
45693
45673
45664
45648
45615
20896
20805
45395
20802
20749
20738
20734
45314
20721
20708
45249
20650
20647
45220
45217
20603
20601
45165
20570
45140
20547
20535
20517
20514
45083
20490
20478
20461
45020
45009
44992
44960
20332
20307
20301
44890
44889
20291
20288
20284
20276
44864
20269
20229
44820
20227
44808
20213
44801
20204
20197
44784
44772
20173
44745
44740
44730
20137
44726
20129
44720
20127
44716
44712
20119
44699
44698
44691
20095
44680
44635
44618
44614
44611
44605
44599
44592
44582
44542
44537
44527
44525
44516
44513
44497
44493
44484
44481
19812
19809
19802
44388
19795
19722
44310
44309
19716
44300
19705
44277
44268
19663
44240
44192
44185
44173
19537
19534
19520
19144
19138
19119
19110
19105
19096
19057
19049
19002
18981
18972
18944
18922
18888
18833
18815
18797
18796
18788
18785
18776
18757
18734
18730
18709
18696
18530
18522
18484
18446
18442
18410
18392
18363
18356
18343
18331
18323
18317
18313
18311
18310
18290
18275
18267
18266
18263
18258
18238
18226
18193
18190
30214
30042
30030
30007
29894
29891
29869
29852
29825
29635
41342
41160
16545
16504
16461
16451
41001
16408
40975
16379
40961
16351
16333
16304
16263
40854
16249
16211
16192
16187
16181
16153
16121
40707
15863
15861
15826
15816
15808
15807
15795
15786
15763
15750
15736
15723
15716
15715
15696
15666
15648
15629
15624
15617
15612
15603
15562
15549
15542
15538
15521
15519
15515
15473
27731
27720
15425
27680
27674
27668
27657
27654
27652
27642
27635
27620
27616
27614
27608
27604
27601
27595
27586
27565
27502
27452
27444
27435
27424
27416
27384
14598
14569
39131
39117
39107
39104
14509
39056
14463
39048
14433
14412
14387
38975
38969
14341
14323
14319
14289
14270
38854
14256
14246
14234
14229
38786
14193
38781
38732
38673
38635
38632
38607
38528
38519
38493
38480
38475
38474
38444
38428
38425
38424
38406
38382
38365
38339
38309
38295
38264
38250
38239
38172
50460
38164
38142
38141
50421
50407
38100
50366
50363
50357
38068
38031
50276
50257
50223
50182
50118
50110
50039
50037
50034
50003
50001
49974
49717
49654
49554
49532
12369
12367
12350
12343
12304
12264
12252
12249
12246
12243
12234
12231
12225
12215
12200
12197
12183
12176
12168
12155
12149
12145
12139
12134
12112
12111
12096
12079
12076
12054
24331
24328
12039
24325
24313
24312
12023
24309
12018
24298
11995
24271
24265
11920
24198
24193
24160
24131
11833
11831
11829
11822
11820
11816
24093
11797
24050
24043
24019
24014
30157
24005
24002
23975
23964
23882
23853
23815
23796
23784
29932
23756
23749
23731
23730
29879
29766
23615
29724
29617
29592
47505
47490
47473
47465
47432
47413
41255
41200
41199
41147
16553
16549
16538
41102
16509
41040
41036
16420
16397
16396
16392
40977
16383
16375
16372
40958
16325
40908
16315
40900
16307
40870
46986
46984
46965
16198
10033
10006
46883
16151
9998
9996
9987
40693
46799
9892
9863
46740
9836
9783
9771
34356
34355
9747
34338
9740
34329
9736
9730
15866
46597
9715
9705
46562
46505
9623
15771
34204
15751
9600
15743
15741
15729
34142
34139
34128
9535
15618
9419
9404
33993
9400
33971
9378
15503
9352
9313
33905
9312
9289
9283
27693
9252
9250
27665
9207
9200
27634
9194
9190
33764
27607
33760
9167
9162
33752
9159
9157
27594
27593
9153
46029
9145
33735
9142
27580
9139
9130
33717
9123
27562
45997
33708
9112
33698
9105
33696
9103
9096
27534
9094
27530
33683
9090
9086
9085
9076
9065
9057
9050
9045
27468
45910
9018
33586
27404
27395
33548
45832
33541
27387
45712
45653
45643
45636
45629
45624
45607
8713
8708
8702
45571
45526
45510
20914
45499
20897
23973
23971
20892
20891
8602
45474
20881
20878
23956
20867
33165
23922
33147
23920
45434
23917
45422
45407
23890
20811
20810
23887
20807
23885
20806
23877
20784
23858
20779
23855
20776
23849
14630
33062
20753
20745
14605
45333
33041
45325
29961
20731
20729
23804
20725
33029
20722
23797
14577
23793
29942
14559
20692
20686
20684
23762
32971
14510
45238
14484
39066
14473
14462
20599
45190
45184
20589
45178
20580
39031
14438
45158
8275
45156
8273
45154
8268
8259
23612
8244
29754
20523
38968
14375
38966
38948
20493
8200
20483
8187
8167
20452
20449
8160
29676
8144
8142
14291
45022
8140
14281
45012
8130
14276
8125
44985
8103
14190
44913
44912
8030
8025
29543
44906
20313
8024
8005
38713
7969
38694
44799
20157
7849
38521
44643
38410
38328
44463
38297
38292
47493
38274
32094
38243
44381
44375
32079
47445
38222
32070
19761
41293
47423
44338
50476
19702
41224
16470
50235
56359
56352
16415
40997
45557
45554
33146
34675
16232
30056
31587
31578
16213
31556
10040
31554
20772
20765
20755
14606
31505
56069
20739
20726
56044
56042
40701
56035
20703
31464
31460
31457
31456
23773
20694
14534
32975
46795
46793
55989
19116
31419
19106
55972
55971
29874
20644
55967
31402
55966
19087
55950
31385
23702
31384
20618
19075
31378
9860
31370
55932
14467
39059
31365
49804
19060
55928
9845
31355
19050
31354
14450
46712
19036
20578
55894
19025
31329
55893
8270
19015
39010
14417
45148
8266
49756
19009
8262
8260
31310
31307
55871
8255
55869
9787
31300
9785
31299
18994
34375
20530
9777
18986
9775
20527
31286
55844
31278
18967
8220
49710
34348
9755
45100
31265
20502
8213
9749
34341
45092
8210
9746
8208
9744
9743
31253
20485
46614
18942
55810
55807
14343
34320
9727
8182
9718
31232
9717
55795
14331
45062
20469
8180
31230
9713
29694
14325
49664
18920
14321
45052
15855
9704
8166
8161
15848
9697
49651
8159
8156
14301
8150
9686
45030
8148
8146
46564
34275
14294
8143
20426
18865
55729
49560
8063
18798
8049
18795
20334
18791
31095
31084
18779
55641
8015
9544
55622
34135
9539
55616
18747
34129
18740
18738
55606
55603
55601
7985
55599
15669
31031
55595
44858
34105
31026
18721
31025
7974
15661
9510
7971
31020
44850
31018
20255
15653
7964
18710
31014
44840
7958
18700
7953
9489
7952
9488
20238
18695
44830
7948
30998
7947
7946
18692
44827
7945
44825
20232
9479
18689
44824
7942
9476
18686
30990
30989
55553
18683
55551
38680
18682
40984
16391
9471
18679
55542
18671
44805
56305
55536
30970
18662
55526
30957
56288
38649
30955
7901
40949
56283
55514
30949
40947
55512
15583
44775
18637
7889
15576
18635
55501
9422
50144
9417
18626
7879
6336
40927
6332
30923
7872
18618
9407
18617
55484
38613
7867
6324
7866
33995
6323
30915
30151
24000
16319
55477
6320
9397
6318
7860
6316
6315
6314
38599
33983
6311
6310
15539
9388
6309
20140
6308
9384
50106
30897
6304
6303
50103
33973
9380
55458
6301
9379
33970
6298
45491
16296
9376
33967
9374
6295
40886
50096
55451
6294
20125
45486
20893
9371
6292
55447
55444
30879
55443
20886
6285
18573
30876
6283
9361
33953
9360
6281
9359
6280
6279
18567
9356
33948
9355
18565
30869
50077
9354
6275
45468
6272
44696
15501
18559
55426
23948
45462
20869
6267
18553
55421
55420
6263
9339
30853
30850
55414
6256
9324
7781
6236
31589
6227
55377
8116
55379
34241
9648
31162
33861
20756
15749
44942
23788
55412
55792
50442
38537
45055
20462
15860
41227
27380
30454
45443
24300
12010
30452
6246
30450
55401
33914
9321
8165
9319
15469
8162
9316
8158
55772
38133
6232
45037
8155
8154
31204
9309
6230
45035
9689
55767
11992
29671
8152
30433
45033
8151
11990
9305
6226
9303
18513
8147
55761
11986
33894
9301
14296
8145
30814
45023
49631
31191
11980
45021
20428
8139
34656
55752
30806
45017
44636
27730
9290
55368
6211
49624
55748
6207
45015
8133
16594
38108
45782
8129
55743
55746
24254
15433
9282
12354
6203
12353
31178
55742
38103
45006
15811
9660
24252
30794
15814
12349
6198
18860
11953
24245
30398
31160
30391
12338
18476
46920
44615
55347
18854
30389
6188
15798
31542
18469
8100
18846
30381
24227
44208
18461
18844
30379
55710
14243
11931
29999
23848
16167
10016
8094
30375
18836
11929
46128
9246
33071
10014
30369
16164
9244
30758
46504
24214
11925
16162
11923
30365
30368
18828
12309
45732
11922
15766
18825
24207
11918
30749
9230
49567
24205
18439
55687
24197
18431
8068
18814
31118
8058
33418
9983
18807
24189
33416
55673
11892
24183
16511
30720
8048
8046
24172
11883
20329
12268
34166
24165
8035
18781
45691
30316
12255
12348
24251
24154
14273
9658
55736
18822
27283
24204
11915
20308
50283
9607
18817
14168
8017
23820
15753
46914
49889
18775
44910
8028
24156
11867
30678
44606
49526
49547
31107
15788
33850
18438
18848
31152
55635
18750
