6
11
12
18
26
28
29
31
32
33
36
39
41
55
56
59
60
64
68
69
70
71
76
78
80
81
84
87
92
93
96
97
99
102
103
109
110
111
112
116
117
120
124
126
128
129
132
133
134
135
137
139
141
143
144
146
148
152
153
155
157
158
160
162
165
167
169
173
176
177
180
181
193
197
200
203
206
207
209
211
213
221
223
226
234
235
238
241
245
249
250
252
260
264
267
275
276
280
284
288
291
294
297
305
307
311
313
320
325
329
335
336
341
343
344
346
350
351
354
358
371
373
374
375
377
378
381
390
395
398
404
431
433
447
458
466
471
493
497
510
513
522
524
526
528
535
539
548
568
574
586
588
592
593
595
604
610
611
612
621
624
633
646
647
648
651
658
660
664
667
670
671
677
680
684
685
689
694
695
698
699
703
711
715
725
740
756
768
775
783
795
835
852
861
866
867
877
879
881
899
916
940
945
965
968
1003
1011
1019
1053
1061
1067
1095
1110
1132
1137
1142
1163
1164
1175
1181
1189
1196
1203
1208
1209
1214
1235
1238
1241
1253
1258
1259
1261
1272
1278
1280
1288
1299
1326
1338
1354
1358
1379
1382
1389
1406
1410
1423
1424
1425
1427
1428
1431
1433
1436
1450
1452
1455
1456
1457
1461
1464
1465
1474
1478
1479
1483
1499
1501
1502
1507
1508
1509
1516
1520
1522
1523
1526
1528
1530
1535
1536
1537
1542
1548
1550
1552
1555
1556
1558
1559
1564
1571
1577
1581
1585
1587
1588
1593
1595
1599
1600
1607
1609
1610
1611
1614
1616
1621
1622
1625
1634
1635
1636
1637
1641
1642
1647
1650
1651
1655
1659
1661
1666
1667
1671
1676
1677
1678
1679
1680
1683
1684
1695
1696
1698
1700
1703
1706
1708
1710
1711
1714
1715
1716
1720
1724
1728
1732
1733
1739
1740
1741
1746
1749
1754
1765
1766
1771
1772
1774
1779
1781
1783
1784
1786
1794
1795
1796
1800
1801
1807
1808
1809
1814
1816
1817
1819
1820
1822
1824
1827
1828
1829
1831
1832
1835
1841
1842
1844
1850
1851
1856
1861
1862
1863
1864
1866
1868
1871
1873
1875
1879
1883
1884
1886
1889
1897
1898
1900
1910
1913
1917
1918
1919
1927
1931
1934
1941
1942
1946
1952
1956
1957
1964
1968
1970
1978
1982
1989
1991
1992
1994
1995
1999
2005
2006
2010
2011
2015
2017
2018
2020
2027
2037
2039
2040
2042
2043
2045
2051
2052
2055
2061
2063
2064
2067
2071
2074
2080
2081
2083
2086
2092
2094
2096
2098
2102
2106
2109
2110
2115
2117
2119
2122
2124
2128
2130
2131
2133
2138
2140
2147
2148
2149
2150
2151
2154
2155
2160
2161
2162
2163
2167
2176
2178
2179
2180
2181
2182
2186
2188
2189
2190
2195
2197
2198
2199
2203
2208
2210
2223
2227
2242
2247
2249
2250
2254
2255
2256
2258
2261
2263
2265
2266
2269
2273
2279
2288
2290
2291
2303
2313
2325
2327
2335
2336
2340
2347
2360
2370
2382
2384
2392
2399
2403
2411
2414
2417
2424
2465
2468
2470
2471
2480
2483
2487
2490
2492
2496
2506
2511
2518
2521
2522
2528
2533
2544
2547
2554
2556
2561
2562
2564
2575
2588
2602
2604
2607
2612
2614
2617
2621
2623
2630
2635
2636
2637
2640
2641
2651
2654
2665
2668
2671
2678
2687
2690
2696
2700
2709
2711
2712
2714
2720
2740
2752
2756
2759
2763
2775
2779
2781
2789
2792
2796
2801
2804
2810
2813
2817
2827
2830
2834
2839
2844
2847
2852
2858
2859
2865
2868
2875
2880
2884
2886
2890
2897
2901
2907
2908
2915
2917
2927
2933
2935
2941
2943
2944
2946
2949
2951
2960
2971
2974
2979
2980
2981
2995
3001
3004
3009
3021
3027
3030
3031
3033
3037
3041
3043
3047
3049
3054
3056
3064
3066
3068
3086
3097
3104
3105
3107
3108
3112
3114
3120
3123
3127
3128
3129
3132
3135
3140
3143
3147
3149
3150
3152
3157
3160
3163
3167
3170
3172
3174
3177
3179
3180
3183
3184
3186
3189
3191
3193
3195
3196
3197
3199
3202
3208
3212
3214
3216
3219
3220
3221
3223
3225
3226
3227
3232
3234
3239
3240
3242
3243
3245
3250
3253
3254
3255
3258
3259
3261
3262
3263
3265
3268
3269
3270
3271
3273
3276
3277
3280
3281
3282
3288
3290
3291
3294
3297
3299
3300
3304
3315
3321
3326
3331
3332
3334
3335
3338
3339
3340
3341
3343
3345
3352
3358
3360
3364
3366
3367
3369
3372
3375
3376
3385
3392
3394
3396
3397
3411
3412
3416
3426
3427
3435
3437
3438
3439
3450
3452
3453
3454
3458
3460
3461
3462
3465
3467
3472
3474
3477
3484
3486
3487
3491
3494
3500
3503
3504
3507
3512
3515
3517
3520
3522
3526
3532
3540
3545
3556
3557
3558
3565
3566
3570
3589
3590
3602
3607
3613
3621
3622
3626
3632
3636
3641
3643
3648
3649
3669
3673
3686
3690
3694
3696
3709
3713
3721
3738
3739
3747
3752
3755
3761
3770
3776
3780
3781
3786
3791
3793
3803
3806
3821
3827
3828
3831
3832
3834
3843
3850
3853
3857
3870
3875
3887
3904
3908
3910
3914
3939
3941
3946
3952
3953
3955
3963
3965
3967
3970
3975
3977
3996
3997
4001
4012
4019
4024
4026
4030
4060
4062
4063
4064
4070
4074
4102
4135
4141
4149
4153
4161
4167
4177
4178
4207
4215
4216
4220
4228
4258
4264
4277
4281
4300
4335
4348
4349
4351
4401
4407
4410
4421
4430
4439
4445
4447
4463
4476
4482
4489
4501
4504
4514
4520
4521
4533
4543
4545
4549
4560
4590
4605
4606
4607
4612
4619
4626
4634
4638
4639
4641
4646
4647
4648
4653
4660
4668
4671
4672
4677
4679
4680
4682
4691
4701
4702
4709
4710
4712
4713
4716
4718
4729
4758
4768
4774
4777
4781
4787
4791
4800
4802
4803
4804
4805
4809
4810
4815
4820
4837
4838
4842
4852
4853
4854
4857
4859
4865
4871
4873
4876
4888
4890
4896
4898
4901
4903
4904
4913
4920
4925
4930
4935
4940
4941
4948
4953
4955
4957
4958
4960
4968
4976
4979
4980
4987
4990
4993
4999
5002
5005
5006
5008
5011
5023
5025
5028
5034
5037
5039
5041
5044
5046
5051
5052
5060
5062
5065
5067
5071
5074
5081
5083
5084
5087
5094
5095
5097
5098
5103
5104
5106
5108
5113
5118
5121
5127
5128
5131
5149
5150
5151
5155
5156
5162
5163
5173
5180
5186
5189
5190
5192
5200
5207
5211
5213
5215
5219
5221
5229
5238
5243
5247
5258
5263
5264
5266
5270
5272
5275
5277
5281
5282
5283
5289
5290
5291
5292
5294
5295
5300
5308
5316
5322
5324
5329
5330
5335
5344
5353
5364
5365
5371
5376
5381
5382
5384
5386
5388
5389
5392
5393
5399
5402
5404
5406
5410
5415
5417
5419
5422
5425
5435
5438
5447
5453
5454
5461
5472
5476
5482
5494
5498
5500
5503
5504
5519
5530
5535
5549
5560
5564
5565
5572
5573
5581
5586
5587
5595
5600
5611
5614
5617
5620
5621
5622
5624
5633
5634
5636
5640
5659
5665
5676
5684
5686
5687
5693
5698
5703
5705
5706
5711
5712
5716
5721
5724
5744
5748
5765
5774
5811
5813
5816
5818
5819
5820
5829
5839
5850
5858
5859
5861
5862
5865
5902
5904
5911
5918
5925
5934
5944
5949
5962
5981
5993
5996
6005
6008
6025
6043
6048
6049
6052
6063
6069
6089
6095
6109
6115
6137
6143
6144
6145
6156
6165
6167
6171
6180
6184
6188
6203
6214
6216
6226
6229
6234
6236
6253
6266
6269
6271
6275
6286
6287
6294
6295
6298
6312
6318
6322
6332
6341
6342
6347
6350
6361
6366
6367
6370
6374
6376
6378
6414
6419
6420
6423
6459
6460
6491
6496
6498
6508
6513
6515
6516
6522
6532
6535
6536
6541
6542
6543
6544
6551
6553
6556
6559
6562
6570
6571
6578
6581
6583
6585
6590
6594
6596
6599
6601
6603
6608
6612
6615
6618
6619
6634
6655
6663
6666
6675
6677
6683
6686
6690
6695
6701
6704
6708
6710
6715
6718
6724
6733
6738
6744
6752
6756
6757
6758
6762
6764
6768
6770
6778
6786
6789
6795
6802
6805
6809
6811
6818
6827
6831
6833
6835
6839
6841
6842
6846
6850
6856
6858
6859
6862
6863
6868
6875
6876
6877
6878
6883
6892
6893
6899
6903
6904
6905
6909
6911
6912
6913
6917
6918
6920
6923
6924
6925
6930
6936
6937
6939
6941
6946
6948
6952
6958
6961
6964
6968
6970
6972
6980
6981
6987
6999
7003
7007
7008
7012
7013
7014
7019
7021
7028
7033
7035
7037
7038
7051
7052
7055
7062
7068
7071
7082
7084
7089
7091
7092
7093
7094
7099
7101
7105
7108
7110
7115
7116
7119
7121
7122
7124
7128
7130
7131
7134
7135
7137
7140
7145
7146
7150
7155
7157
7161
7164
7165
7167
7168
7171
7174
7175
7179
7182
7186
7188
7192
7197
7200
7201
7202
7208
7209
7211
7219
7220
7223
7225
7226
7230
7231
7232
7233
7234
7236
7240
7241
7246
7255
7260
7262
7265
7270
7275
7280
7283
7284
7287
7288
7290
7293
7295
7296
7298
7303
7315
7316
7318
7319
7321
7331
7338
7344
7348
7349
7357
7359
7365
7371
7375
7376
7377
7380
7383
7385
7390
7392
7398
7399
7409
7413
7417
7418
7419
7425
7443
7447
7449
7452
7453
7455
7462
7467
7468
7474
7480
7482
7485
7487
7491
7492
7495
7502
7504
7505
7510
7515
7517
7518
7519
7522
7523
7528
7530
7532
7533
7535
7540
7552
7553
7556
7557
7558
7559
7561
7562
7568
7574
7577
7581
7586
7587
7589
7590
7592
7596
7599
7602
7608
7609
7610
7612
7613
7617
7620
7623
7626
7631
7634
7636
7642
7644
7646
7648
7651
7653
7657
7660
7666
7668
7669
7670
7671
7673
7675
7677
7679
7682
7683
7684
7685
7686
7689
7691
7695
7696
7697
7698
7699
7702
7703
7704
7712
7714
7719
7720
7721
7724
7725
7726
7727
7729
7732
7733
7734
7736
7738
7740
7741
7743
7751
7754
7759
7761
7762
7763
7766
7770
7774
7776
7783
7784
7786
7789
7790
7791
7793
7797
7801
7803
7805
7806
7807
7810
7811
7812
7813
7817
7818
7819
7823
7824
7828
7831
7832
7833
7834
7836
7843
7844
7849
7853
7854
7855
7858
7859
7863
7864
7866
7868
7869
7874
7875
7876
7880
7883
7885
7886
7887
7891
7892
7899
7900
7901
7903
7904
7905
7906
7908
7909
7910
7911
7912
7917
7918
7920
7921
7924
7925
7927
7928
7929
7930
7934
7937
7941
7943
7946
7947
7949
7950
7952
7954
7955
7957
7958
7959
7964
7968
7971
7973
7975
7980
7983
7985
7986
7990
7993
7995
7997
7999
8000
8007
8008
8009
8010
8012
8013
8015
8019
8022
8023
8024
8025
8026
8028
8029
8031
8034
8037
8038
8040
8041
8044
8046
8050
8051
8052
8054
8058
8060
8061
8063
8065
8067
8069
8072
8073
8077
8082
8083
8088
8089
8090
8091
8095
8096
8100
8102
8103
8106
8107
8111
8113
8115
8118
8120
8121
8123
8124
8125
8127
8130
8134
8136
8139
8146
8147
8149
8152
8154
8155
8156
8159
8161
8166
8168
8169
8174
8177
8180
8184
8185
8186
8187
8188
8198
8204
8205
8206
8207
8214
8216
8218
8223
8224
8226
8231
8232
8235
8236
8238
8240
8243
8246
8251
8255
8258
8264
8266
8267
8270
8274
8275
8276
8279
8282
8287
8294
8295
8296
8298
8312
8314
8318
8319
8321
8328
8332
8334
8336
8337
8339
8343
8346
8347
8349
8350
8351
8353
8359
8360
8365
8366
8367
8374
8375
8377
8381
8395
8399
8405
8407
8409
8412
8419
8420
8427
8432
8435
8439
8443
8444
8445
8447
8451
8452
8457
8458
8461
8467
8469
8477
8478
8479
8480
8482
8498
8503
8509
8515
8520
8525
8526
8530
8532
8533
8534
8536
8542
8544
8547
8550
8551
8552
8553
8554
8555
8556
8559
8573
8574
8578
8586
9230
9844
9913
9965
10586
10736
10747
10879
10901
10963
11122
11132
11175
11276
11315
11344
11793
11820
11821
11827
11880
11886
11981
12103
12242
12323
12342
12352
12353
12364
12385
12395
12396
12444
12482
12506
12679
12747
12754
12765
12851
12948
13021
13260
13345
13355
13466
13531
13628
13665
13676
13683
13993
14024
14035
14073
14083
14084
14085
14141
14165
14389
14393
14434
14658
14859
14892
14923
15033
15203
15283
15314
15405
15562
15768
15787
15841
15915
15941
16143
16282
16585
16610
16661
16665
16672
16684
16702
16854
17061
17090
17486
17515
17608
17614
17952
18008
18158
18211
18849
18990
19040
19137
19470
19471
19474
19476
19491
19496
19509
19510
19514
19520
19521
19523
19525
19528
19531
19546
19551
19561
19562
19565
19567
19568
19569
19573
19577
19578
19580
19582
19584
19585
19587
19591
19592
19595
19599
19602
19604
19606
19608
19614
19615
19616
19618
19619
19622
19624
19626
19629
19630
19631
19632
19633
19635
19636
19638
19640
19642
19643
19645
19651
19652
19653
19654
19660
19661
19663
19664
19666
19667
19669
19672
19673
19675
19676
19677
19679
19680
19683
19684
19685
19686
19688
19693
19695
19702
19708
19709
19710
19716
19718
19721
19723
19725
19726
19729
19731
19739
19745
19746
19749
19750
19754
19755
19757
19758
19764
19768
19769
19777
19778
19783
19785
19786
19792
19794
19796
19803
19806
19807
19816
19817
19818
19823
19825
19827
19831
19833
19834
19836
19837
19842
19845
19846
19847
19855
19856
19857
19860
19861
19865
19869
19870
19871
19872
19875
19881
19882
19883
19884
19891
19893
19901
19904
19905
19910
19911
19914
19915
19916
19919
19922
19926
19930
19933
19935
19937
19939
19943
19948
19953
19954
19960
19961
19962
19978
20005
20008
20024
20061
20078
20111
20131
20149
20158
20168
20171
20176
20179
20181
20184
20185
20206
20218
20227
20230
20242
20243
20245
20246
20256
20276
20277
20281
20287
20293
20299
20310
20319
20321
20368
20387
20392
20393
20394
20398
20413
20414
20415
20419
20420
20426
20428
20430
20432
20433
20434
20440
20447
20448
20449
20455
20456
20457
20461
20467
20474
20476
20479
20483
20486
20487
20489
20490
20493
20496
20497
20500
20501
20503
20504
20507
20513
20516
20518
20520
20521
20524
20525
20532
20537
20538
20550
20557
20558
20562
20563
20568
20569
20576
20586
20587
20594
20648
20664
20746
20769
20796
20831
20879
20919
20939
21002
21009
21015
21022
21024
21027
21030
21032
21033
21037
21044
21046
21052
21054
21056
21057
21059
21060
21068
21077
21083
21092
21096
21103
21120
21121
21128
21134
21137
21141
21144
21148
21152
21155
21157
21163
21168
21169
21179
21184
21185
21186
21189
21191
21200
21203
21209
21213
21218
21224
21235
21238
21240
21246
21256
21257
21259
21263
21268
21269
21270
21278
21280
21287
21297
21307
21313
21314
21319
21332
21333
21337
21338
21340
21342
21348
21350
21352
21355
21357
21358
21364
21368
21369
21376
21377
21380
21383
21391
21394
21399
21405
21413
21414
21415
21416
21419
21420
21421
21425
21429
21432
21434
21435
21436
21442
21443
21447
21450
21453
21455
21456
21457
21467
21472
21474
21475
21476
21481
21486
21488
21490
21494
21498
21500
21504
21505
21506
21508
21509
21513
21516
21535
21548
21549
21554
21558
21563
21582
21587
21589
21591
21596
21599
21603
21605
21618
21636
21645
21654
21655
21664
21666
21672
21674
21677
21678
21680
21681
21690
21691
21696
21699
21715
21719
21721
21722
21732
21734
21736
21737
21739
21741
21742
21745
21746
21748
21751
21754
21757
21758
21768
21769
21772
21776
21779
21780
21782
21786
21787
21790
21792
21814
21815
21816
21820
21822
21831
21833
21835
21838
21840
21845
21847
21849
21854
21857
21858
21861
21862
21864
21866
21868
21873
21877
21881
21885
21892
21893
21903
21909
21919
21927
21931
21937
21946
21948
21970
21972
21973
21981
21982
21985
21989
21992
22000
22006
22007
22014
22017
22019
22027
22029
22030
22033
22038
22039
22043
22046
22051
22053
22057
22060
22061
22062
22063
22065
22068
22070
22078
22081
22089
22092
22094
22098
22103
22107
22110
22111
22113
22124
22126
22128
22130
22131
22143
22157
22158
22166
22167
22172
22187
22194
22198
22201
22205
22206
22211
22213
22218
22219
22224
22226
22227
22231
22233
22250
22252
22253
22259
22264
22270
22276
22279
22288
22290
22291
22298
22302
22306
22313
22315
22317
22328
22335
22337
22343
22345
22348
22354
22357
22368
22387
22393
22401
22403
22405
22408
22410
22417
22423
22424
22429
22430
22431
22432
22435
22436
22439
22441
22445
22447
22456
22460
22464
22466
22473
22475
22477
22478
22479
22481
22483
22484
22487
22490
22492
22493
22494
22498
22502
22504
22505
22506
22509
22513
22514
22515
22516
22517
22519
22522
22526
22528
22530
22531
22534
22536
22538
22539
22544
22555
22560
22563
22566
22569
22574
22578
22581
22582
22583
22585
22590
22592
22594
22600
22602
22603
22604
22609
22611
22613
22614
22615
22627
22628
22634
22636
22642
22645
22653
22655
22656
22661
22662
22663
22664
22667
22671
22678
22679
22692
22693
22700
22703
22709
22713
22714
22715
22716
22717
22725
22726
22730
22734
22735
22736
22739
22741
22742
22745
22748
22751
22753
22761
22762
22764
22767
22770
22779
22787
22790
22807
22808
22811
22821
22828
22835
22836
22881
22890
22915
22918
22925
22927
22931
22938
22940
22943
22946
22948
22950
22951
22953
22956
22960
22961
22966
22971
22980
22996
23000
23002
23004
23008
23015
23017
23020
23021
23030
23037
23066
23068
23074
23075
23108
23111
23118
23149
23174
23190
23198
23208
23209
23221
23224
23230
23231
23244
23250
23270
23286
23292
23297
23304
23307
23314
23318
23321
23329
23350
23353
23354
23357
23358
23362
23365
23367
23370
23371
23384
23387
23389
23397
23402
23407
23420
23423
23441
23442
23446
23450
23452
23471
23490
23505
23515
23520
23530
23540
23546
23558
23564
23570
23572
23575
23586
23600
23605
23611
23627
23633
23649
23658
23666
23677
23683
23687
23692
23697
23705
23706
23708
23718
23724
23738
23739
23743
23760
23792
23795
23801
23806
23812
23845
23848
23849
23869
23878
23883
23889
23897
23903
23909
23916
23920
23932
23937
23942
23949
23951
23958
23988
23996
24012
24013
24030
24047
24052
24054
24080
24109
24114
24123
24128
24132
24135
24141
24144
24164
24167
24176
24177
24212
24227
24231
24237
24241
24259
24274
24276
24321
24335
24337
24340
24347
24354
24359
24375
24392
24398
24411
24421
24448
24463
24503
24514
24517
24519
24534
24541
24543
24549
24552
24561
24564
24568
24571
24583
24611
24616
24623
24633
24636
24644
24648
24650
24659
24667
24682
24689
24703
24705
24724
24729
24734
24738
24744
24756
24768
24784
24786
24787
24792
24815
24819
24824
24828
24847
24849
24870
24880
24884
24895
24906
24908
24909
24929
24939
24958
24966
24971
24977
24987
25028
25062
25063
25070
25076
25078
25085
25100
25112
25115
25118
25121
25128
25145
25148
25154
25158
25167
25178
25179
25194
25208
25212
25223
25243
25248
25297
25298
25316
25329
25347
25355
25366
25376
25379
25380
25382
25396
25397
25418
25424
25430
25432
25438
25443
25453
25456
25457
25459
25460
25469
25496
25550
25559
25563
25564
25566
25578
25620
25642
25676
25677
25685
25694
25712
25723
25752
25754
25813
25816
25845
25856
25872
25890
25897
25918
25927
25934
25941
25942
25953
25957
25970
25984
25989
25990
25993
26005
26010
26015
26027
26030
26031
26033
26036
26037
26038
26050
26059
26087
26093
26095
26113
26140
26144
26154
26193
26203
26204
26224
26225
26238
26244
26277
26301
26308
26321
26334
26344
26361
26362
26368
26372
26374
26414
26439
26459
26462
26464
26471
26473
26480
26502
26508
26521
26525
26532
26552
26564
26567
26571
26587
26598
26601
26602
26607
26609
26610
26611
26617
26635
26637
26646
26674
26695
26697
26702
26714
26726
26735
26742
26750
26755
26760
26761
26762
26765
26777
26785
26788
26789
26806
26807
26811
26820
26821
26832
26846
26849
26852
26879
26881
26890
26892
26896
26901
26904
26905
26913
26915
26926
26944
26947
26949
26950
26953
26956
26961
26970
26973
26975
26988
26998
27003
27011
27012
27018
27027
27028
27031
27037
27043
27053
27061
27078
27086
27089
27100
27104
27108
27122
27126
27137
27141
27151
27158
27164
27165
27170
27176
27181
27190
27192
27205
27210
27214
27227
27229
27256
27259
27276
27286
27288
27293
27304
27306
27311
27314
27327
27340
27363
27370
27387
27396
27399
27410
27411
27423
27430
27443
27445
27450
27452
27454
27474
27478
27496
27500
27542
27603
27623
27631
27648
27651
27674
27684
27685
27703
27716
27718
27754
27789
27792
27825
27895
27917
27918
27920
27924
27927
27945
27952
27953
27965
27968
27982
27999
28006
28007
28012
28017
28023
28025
28030
28040
28048
28052
28072
28074
28106
28129
28156
28160
28182
28213
28229
28246
28248
28259
28280
28307
28317
28330
28334
28344
28345
28354
28355
28357
28359
28368
28392
28410
28411
28429
28440
28442
28449
28453
28457
28458
28459
28482
28487
28495
28501
28503
28508
28514
28519
28522
28527
28533
28534
28552
28558
28585
28593
28603
28615
28617
28631
28650
28653
28660
28708
28710
28712
28725
28732
28753
28758
28761
28764
28765
28797
28800
28814
28818
28866
28883
28895
28896
28900
28923
28968
28987
28988
28994
29002
29006
29015
29016
29043
29061
29166
29201
29203
29229
29234
29242
29249
29279
29306
29310
29311
29312
29346
29347
29357
29371
29379
29382
29393
29428
29470
29500
29532
29665
29680
29717
29734
29746
29783
29792
29795
29824
29854
29861
29872
29874
29885
29887
29893
29912
29934
29944
29954
29959
29965
29980
30002
30023
30030
30034
30035
30045
30049
30053
30058
30061
30062
30071
30075
30080
30088
30092
30099
30103
30113
30116
30120
30122
30124
30132
30139
30141
30143
30144
30157
30168
30174
30175
30177
30181
30192
30195
30200
30201
30206
30213
30219
30223
30231
30239
30248
30271
30277
30278
30287
30288
30289
30302
30328
30354
30363
30376
30412
30414
30420
30429
30432
30454
30455
30456
30457
30460
30462
30467
30479
30485
30488
30509
30510
30511
30526
30527
30540
30543
30546
30561
30577
30578
30583
30591
30593
30594
30596
30600
30606
30608
30641
30647
30650
30656
30666
30682
30685
30699
30702
30714
30735
30744
30749
30762
30765
30769
30770
30779
30780
30785
30786
30787
30790
30800
30801
30806
30814
30816
30818
30826
30842
30854
30868
30879
30897
30904
30928
30936
30937
30944
30949
30952
30954
30958
30964
30973
30979
30981
30985
30994
30997
31017
31020
31026
31028
31033
31034
31039
31049
31050
31061
31065
31070
31078
31094
31107
31117
31123
31132
31142
31149
31152
31171
31184
31188
31200
31215
31218
31225
31234
31243
31293
31300
31318
31325
31332
31349
31357
31374
31388
31392
31451
31452
31465
31501
31506
31520
31554
31598
31634
31662
31665
31701
31712
31725
31743
31744
31821
31869
31876
31886
31916
31920
31951
32023
32043
32058
32073
32101
32106
32132
32139
32144
32152
32181
32185
32190
32210
32225
32229
32249
32250
32260
32262
32268
32275
32285
32286
32300
32311
32321
32327
32331
32332
32337
32338
32357
32398
32412
32423
32424
32438
32453
32470
32476
32480
32489
32513
32514
32523
32529
32539
32549
32555
32558
32562
32566
32571
32609
32628
32675
32699
32712
32729
32732
32745
32766
32786
32804
32813
32825
32834
32856
32867
32872
32881
32905
32953
32997
33030
33043
33053
33065
33075
33079
33096
33112
33126
33157
33168
33171
33180
33186
33216
33221
33226
33229
33279
33284
33302
33318
33320
33322
33324
33365
33369
33379
33382
33396
33399
33400
33401
33403
33404
33418
33431
33434
33444
33455
33463
33467
33469
33475
33476
33477
33481
33486
33488
33490
33492
33493
33505
33535
33537
33545
33559
33560
33570
33571
33575
33576
33608
33610
33614
33615
33617
33620
33628
33630
33637
33643
33646
33650
33667
33675
33683
33690
33695
33698
33704
33705
33706
33708
33709
33711
33713
33714
33715
33717
33719
33725
33731
33753
33754
33764
33774
33776
33777
33779
33784
33785
33787
33788
33794
33810
33823
33828
33838
33841
33856
33857
33858
33861
33871
33876
33883
33892
33894
33901
33920
33927
33952
33956
33958
33970
33974
33990
33998
34012
34015
34025
34032
34038
34039
34043
34046
34051
34053
34070
34074
34075
34078
34081
34082
34087
34089
34104
34110
34120
34125
34128
34129
34136
34144
34149
34151
34156
34157
34160
34170
34193
34195
34202
34204
34215
34221
34227
34230
34233
34235
34239
34243
34250
34260
34264
34266
34279
34286
34290
34291
34299
34327
34353
34357
34360
34374
34379
34388
34394
34404
34405
34408
34419
34429
34434
34445
34449
34456
34460
34464
34468
34476
34487
34490
34495
34519
34523
34524
34525
34531
34539
34548
34557
34562
34566
34568
34577
34600
34605
34606
34607
34609
34610
34611
34613
34618
34621
34626
34639
34666
34667
34683
34701
34707
34714
34717
34729
34743
34748
34756
34759
34760
34765
34768
34782
34790
34796
34800
34802
34810
34817
34819
34827
34834
34837
34842
34844
34848
34857
34869
34870
34872
34881
34885
34890
34892
34908
34916
34917
34932
34943
34945
34955
34960
34978
34990
35002
35006
35010
35021
35037
35044
35049
35060
35069
35071
35083
35104
35127
35131
35136
35138
35141
35146
35177
35180
35185
35191
35195
35196
35202
35213
35228
35238
35246
35250
35252
35256
35259
35262
35285
35289
35290
35299
35320
35322
35334
35347
35353
35362
35363
35366
35383
35387
35389
35397
35415
35418
35428
35429
35451
35455
35459
35461
35468
35482
35494
35500
35501
35509
35519
35523
35534
35536
35558
35562
35565
35578
35613
35633
35640
35656
35666
35671
35681
35696
35712
35729
35730
35732
35748
35762
35773
35817
35839
35845
35857
35866
35876
35890
35901
35910
35917
35930
35931
35934
35938
35947
35963
35967
35972
35985
35988
35989
35990
35995
36022
36039
36055
36058
36074
36077
36086
36089
36103
36112
36122
36129
36131
36171
36174
36180
36196
36203
36231
36234
36241
36255
36293
36297
36307
36315
36331
36345
36369
36424
36446
36452
36464
36471
36513
36527
36544
36549
36568
36575
36580
36613
36629
36638
36677
36683
36715
36774
36833
36906
36934
36953
36971
36978
37003
37014
37024
37043
37044
37085
37097
37099
37104
37110
37129
37155
37166
37181
37182
37192
37201
37202
37210
37214
37217
37223
37224
37242
37264
37270
37277
37280
37299
37304
37308
37331
37334
37351
37354
37357
37366
37433
37438
37449
37471
37474
37480
37494
37519
37543
37547
37566
37601
37602
37619
37629
37635
37642
37650
37652
37763
37764
37826
37835
37894
37895
37913
37922
37931
37940
37945
37946
37947
37950
37958
37973
37983
37997
38002
38018
38034
38057
38060
38064
38077
38081
38086
38094
38106
38114
38131
38152
38160
38181
38187
38193
38202
38250
38271
38282
38284
38356
38364
38379
38394
38405
38445
38459
38472
38512
38520
38529
38561
38562
38571
38586
38607
38636
38639
38643
38647
38659
38669
38673
38683
38692
38693
38704
38708
38727
38770
38778
38814
38841
38891
38897
38906
38938
38956
38995
39001
39033
39060
39070
39079
39083
39119
39172
39278
39337
39365
39468
39512
39632
39667
39669
39673
39748
39832
39834
39853
39902
39956
39966
39968
39969
39974
40015
40025
40094
40117
40131
40164
40187
40201
40219
40225
40270
40288
40291
40300
40304
40313
40315
40324
40337
40345
40349
40359
40362
40364
40405
40423
40441
40446
40450
40453
40473
40487
40495
40521
40547
40550
40551
40566
40578
40603
40609
40611
40636
40637
40638
40653
40661
40696
40733
40772
40792
40800
40823
40829
40838
40844
40850
40854
40885
40896
40905
40914
40928
40934
40942
40944
40952
40960
40973
40975
40981
40985
40989
40995
41020
41024
41031
41037
41048
41049
41057
41060
41075
41076
41080
41093
41096
41107
41108
41115
41118
41131
41133
41143
41150
41160
41180
41183
41196
41212
41213
41244
41247
41274
41277
41281
41286
41290
41298
41299
41303
41305
41309
41311
41322
41325
41329
41332
41343
41344
41347
41358
41359
41365
41372
41376
41384
41398
41401
41408
41416
41420
41439
41446
41448
41452
41453
41456
41460
41461
41462
41470
41471
41473
41480
41487
41491
41494
41495
41504
41521
41523
41525
41535
41538
41541
41551
41552
41566
41568
41576
41590
41597
41603
41604
41606
41611
41617
41618
41620
41622
41625
41637
41641
41646
41655
41659
41660
41663
41671
41674
41686
41690
41694
41696
41700
41703
41706
41715
41724
41725
41737
41743
41747
41750
41751
41752
41760
41761
41765
41776
41782
41784
41790
41793
41794
41795
41811
41820
41828
41831
41842
41844
41849
41851
41882
41890
41891
41892
41893
41894
41906
41912
41913
41916
41924
41925
41950
41957
41958
41960
41970
41993
41994
41995
42010
42013
42021
42023
42025
42026
42027
42029
42031
42033
42040
42047
42049
42050
42062
42070
42071
42076
42082
42085
42087
42093
42096
42097
42101
42111
42115
42127
42133
42142
42144
42148
42151
42153
42176
42178
42187
42189
42190
42193
42204
42208
42209
42214
42225
42227
42234
42238
42245
42253
42258
42264
42274
42278
42291
42294
42296
42304
42309
42310
42321
42324
42340
42365
42374
42376
42389
42390
42399
42409
42421
42432
42435
42438
42450
42468
42478
42483
42505
42558
42568
42579
42590
42619
42620
42635
42646
42656
42659
42671
42682
42687
42705
42707
42713
42715
42716
42717
42720
42722
42725
42787
42801
42817
42823
42831
42842
42864
42866
42893
42896
42897
42913
42927
42953
42977
42989
43024
43068
43095
43106
43113
43122
43126
43132
43137
43148
43168
43170
43173
43176
43186
43189
43207
43216
43228
43237
43248
43251
43255
43263
43274
43279
43299
43301
43307
43312
43319
43331
43335
43351
43355
43406
43409
43427
43439
43450
43464
43503
43526
43553
43627
43638
43677
43688
43713
43720
43836
43841
43845
43858
43860
43863
43886
43888
43895
43901
43904
43908
43912
43946
43948
43954
43956
43967
43974
43988
43999
44009
44024
44061
44067
44073
44100
44103
44127
44129
44132
44135
44140
44147
44155
44156
44166
44176
44191
44195
44213
44223
44229
44244
44252
44280
44287
44292
44294
44307
44313
44317
44318
44326
44328
44329
44330
44334
44335
44358
44371
44387
44393
44396
44410
44415
44463
44468
44480
44483
44498
44510
44550
44556
44578
44589
44619
44638
44641
44647
44667
44694
44706
44725
44728
44739
44750
44774
44812
44823
44831
44865
44908
44969
44970
44972
44998
45033
45055
45094
45099
45131
45155
45225
45250
45256
45274
45284
45346
45348
45375
45398
45428
45434
45449
45452
45465
45469
45485
45505
45523
45533
45541
45545
45558
45563
45567
45571
45573
45581
45589
45593
45601
45603
45606
45642
45647
45649
45663
45672
45673
45675
45684
45690
45694
45732
45735
45736
45772
45790
45794
45795
45796
45805
45821
45826
45843
45845
45913
45919
45955
45958
45968
45971
45979
45987
45992
46006
46016
46025
46032
46039
46052
46059
46083
46096
46108
46118
46126
46129
46134
46159
46161
46165
46169
46173
46177
46178
46188
46196
46206
46210
46212
46222
46246
46253
46256
46267
46272
46284
46288
46298
46317
46330
46337
46343
46350
46353
46359
46367
46433
46438
46447
46451
46484
46493
46509
46516
46537
46548
46551
46566
46575
46589
46592
46606
46625
46639
46672
46723
46724
46731
46732
46744
46755
46782
46798
46813
46824
46840
46856
46868
46887
46899
46918
46933
46954
46973
46974
46987
46998
47007
47022
47025
47026
47031
47035
47046
47055
47069
47081
47099
47107
47129
47137
47162
47170
47179
47212
47214
47222
47223
47240
47251
47255
47256
47265
47277
47278
47299
47325
47326
47328
47336
47344
47346
47351
47386
47390
47419
47437
47452
47469
47472
47474
47477
47499
47500
47512
47534
47550
47562
47565
47569
47571
47592
47627
47631
47635
47637
47650
47652
47680
47683
47689
47695
47696
47701
47702
47722
47729
47730
47751
47770
47775
47781
47784
47794
47815
47820
47822
47824
47861
47866
47868
47882
47892
47904
47914
47918
47920
47921
47925
47930
47931
47932
47942
47943
47949
47952
47953
47966
47967
47978
47982
47990
47992
48004
48010
48019
48020
48027
48029
48041
48042
48050
48054
48059
48068
48071
48089
48092
48104
48115
48117
48121
48124
48125
48126
48127
48134
48142
48154
48159
48160
48165
48166
48173
48175
48179
48186
48187
48188
48190
48200
48203
48207
48228
48269
48276
48293
48300
48301
48314
48319
48323
48361
48372
48374
48376
48401
48411
48438
48441
48451
48469
48470
48485
48489
48510
48513
48516
48517
48523
48536
48541
48576
48578
48588
48603
48605
48620
48624
48647
48656
48658
48665
48673
48677
48684
48687
48690
48693
48700
48722
48734
48742
48747
48753
48755
48757
48771
48786
48801
48803
48815
48821
48844
48857
48859
48863
48866
48879
48888
48901
48913
48930
48931
48944
48958
48959
48966
48967
48971
48982
48984
49001
49004
49007
49011
49025
49027
49030
49035
49076
49099
49115
49117
49123
49135
49138
49139
49144
49148
49151
49164
49170
49188
49196
49197
49198
49199
49203
49210
49211
49212
49229
49231
49237
49244
49245
49248
49264
49270
49277
49283
49287
49303
49304
49307
49313
49316
49323
49324
49326
49336
49346
49359
49374
49383
49385
49388
49390
49391
49405
49420
49421
49422
49430
49434
49439
49442
49443
49446
49447
49449
49454
49458
49462
49465
49466
49467
49468
49472
49480
49501
49502
49508
49519
49537
49539
49542
49546
49547
49548
49549
49555
49563
49567
49568
49574
49576
49578
49583
49584
49604
49608
49609
49613
49626
49628
49634
49650
49654
49658
49670
49675
49677
49688
49690
49700
49703
49709
49710
49739
49744
49753
49773
49777
49795
49796
49800
49807
49810
49822
49824
49837
49843
49846
49862
49872
49882
49898
49912
49925
49930
49939
49952
49959
49963
49967
49986
49993
50002
50007
50026
50033
50043
50057
50059
50064
50066
50068
50092
50096
50098
50109
50114
50118
50125
50127
50134
50135
50138
50142
50148
50152
50174
50183
50194
50196
50203
50210
50224
50234
50235
50266
50269
50286
50288
50291
50304
50307
50311
50347
50357
50359
50378
50398
50402
50418
50431
50448
50456
50463
50482
50491
50492
50511
50532
50545
50561
50573
50607
50637
50647
50655
50665
50695
50711
50736
50747
50760
50763
50771
50799
50836
50841
50844
50861
50880
50881
50898
50917
50934
50942
50956
50977
51057
51073
51104
51125
51148
51156
51174
51176
51198
51214
51243
51247
51252
51265
51268
51288
51294
51295
51303
51329
51334
51336
51359
51377
51394
51420
51443
51470
51476
51498
51544
51580
51583
51605
51620
51776
51798
51871
51894
51905
52101
52142
52165
52250
52323
52327
52385
52396
52448
52466
52467
52602
52618
52632
52634
52661
52664
52676
52678
52682
52736
52765
52837
52848
52875
52886
52911
52914
52998
53019
53020
53061
53062
53090
53099
53215
53221
53262
53353
53373
53374
53387
53394
53407
53429
53435
53451
53474
53502
53518
53520
53521
53549
53575
53579
53590
53621
53623
53637
53665
53717
53725
53740
53742
53758
53759
53786
53817
53828
53858
53894
53896
54017
54097
54182
54189
54223
54251
54302
54333
54368
54398
54616
54788
54827
54833
54837
54842
54845
54854
54922
54956
55038
55064
55099
55105
55170
55186
55228
55246
55328
55344
55358
55370
55389
55397
55403
55421
55482
55484
55487
55513
55524
55531
55541
55543
55547
55574
55610
55638
55741
55752
55783
55811
55835
55917
55922
55967
56018
56036
56080
56084
56088
56115
56149
56198
56220
56280
56281
56308
56338
56365
56386
56407
56429
56431
56507
56591
56593
56595
56614
56675
56701
56725
56732
56735
56743
56750
56763
56766
56797
56824
56857
56889
56937
56943
56964
56978
56984
57005
57026
57031
57049
57096
57115
57129
57144
57159
57170
57181
57202
57210
57243
57271
57282
57284
57288
57300
57304
57340
57346
57407
57449
57454
57474
57486
57492
57515
57529
57541
57547
57549
57566
57591
57593
57597
57630
57631
57633
57647
57655
57665
57672
57676
57691
57722
57761
57763
57766
57782
57793
57795
57798
57805
57809
57819
57828
57848
57864
57871
57872
57885
57892
57897
57907
57908
57916
57932
57951
57981
57989
58026
58029
58038
58043
58062
58107
58133
58209
58221
58228
58259
58284
58307
58317
58324
58342
58360
58363
58370
58385
58400
58430
58433
58450
58452
58454
58476
58552
58564
58565
58573
58582
58586
58612
58616
58620
58630
58635
58648
58657
58682
58703
58743
58763
58787
58791
58811
58817
58825
58846
58863
58864
58868
58890
58902
58924
58928
58950
58961
58992
59013
59034
59050
59060
59077
59094
59111
59136
59141
59183
59186
59202
59203
59227
59244
59258
59262
59275
59298
59305
59323
59328
59348
59360
59370
59408
59423
59442
59470
59481
59488
59490
59503
59509
59511
59532
59566
59581
59591
59611
59639
59651
59688
59691
59728
59790
59839
59890
59916
59982
60009
60023
60054
60059
60081
60145
60191
60263
60283
60284
60314
60362
60433
60501
60657
60728
60765
60805
60817
60835
60876
60911
60950
60970
61134
61140
61296
61307
61317
61320
61323
61344
61348
61351
61361
61369
61409
61439
61441
61450
61456
61462
61477
61484
61488
61522
61535
61540
61544
61576
61619
61691
61749
61750
61775
61796
61896
62021
62025
62026
62050
62062
62151
62206
62281
62372
62377
62392
62427
62451
62527
62538
62572
62590
62594
62656
62672
62704
62712
62727
62741
62775
62779
62782
62818
62820
62836
62845
62850
62854
62857
62873
62889
62899
62921
63014
63021
63035
63041
63044
63048
63063
63084
63094
63099
63125
63138
63141
63153
63157
63158
63166
63168
63188
63195
63222
63239
63253
63274
63296
63302
63303
63304
63315
63347
63360
63366
63371
63396
63400
63410
63494
63523
63538
63539
63551
63562
63568
63572
63581
63606
63609
63614
63626
63632
63635
63657
63661
63675
63696
63721
63725
63726
63759
63762
63789
63796
63828
63834
63859
63874
63887
63916
63949
63969
63981
63989
63999
64005
64017
64025
64056
64078
64101
64132
64146
64188
64192
64207
64208
64215
64239
64258
64259
64264
64265
64270
64316
64335
64350
64351
64379
64381
64390
64415
64422
64485
64504
64523
64579
64596
64602
64643
64652
64673
64685
64722
64731
64793
64819
64822
64837
64863
64884
64893
64903
64915
65006
65158
65225
65239
65245
65352
65438
65484
65495
65542
65559
65762
65870
65954
65962
65965
66011
66049
66164
66209
66227
66353
66435
66460
66497
66611
66731
66790
66795
66804
66817
66818
66820
66904
66925
66942
66988
67034
67045
67110
67146
67151
67162
67176
67230
67237
67241
67248
67254
67256
67280
67286
67289
67292
67334
67344
67363
67369
67391
67408
67426
67452
67478
67515
67523
67525
67531
67542
67551
67567
67569
67571
67586
67590
67628
67629
67660
67683
67690
67697
67722
67748
67750
67755
67757
67772
67781
67794
67806
67823
67827
67830
67832
67835
67838
67845
67871
67900
67929
67930
67933
67940
67945
67957
67990
67997
68024
68028
68038
68045
68048
68054
68059
68062
68074
68121
68162
68225
68237
68250
68286
68298
68321
68332
68342
68347
68349
68366
68400
68476
68491
68502
68508
68512
68515
68527
68528
68530
68532
68533
68544
68545
68576
68594
68623
68629
68647
68652
68687
68693
68709
68715
68717
68768
68790
68797
68800
68802
68810
68820
68830
68833
68841
68858
68877
68892
68928
68936
68939
68952
68974
68976
68980
69001
69002
69011
69021
69030
69044
69045
69055
69068
69083
69085
69089
69094
69096
69103
69104
69113
69125
69133
69137
69139
69143
69151
69158
69162
69163
69166
69170
69175
69177
69180
69184
69186
69195
69202
69223
69250
69275
69290
69301
69318
69329
69386
69390
69399
69456
69464
69483
69526
69536
69541
69548
69568
69570
69589
69596
69606
69618
69619
69625
69632
69646
69650
69652
69654
69663
69680
69681
69682
69690
69700
69701
69715
69717
69723
69727
69728
69733
69734
69741
69746
69752
69753
69757
69763
69768
69770
69775
69788
69790
69793
69798
69808
69814
69854
69868
69874
69878
69892
69927
69943
69949
69955
69968
69973
69974
70007
70035
70065
70081
70084
70086
70108
70117
70145
70155
70165
70177
70190
70212
70239
70265
70341
70386
70428
70429
70460
70540
70605
70607
70624
70629
70641
70651
70665
70670
70678
70690
70700
70710
70712
70713
70730
70737
70763
70777
70805
70809
70816
70850
70854
70855
70864
70894
70900
70901
70907
70931
70942
70947
70948
70965
70966
70970
70973
70975
70985
70987
70990
70993
71002
71010
71012
71021
71022
71023
71028
71030
71060
71061
71070
71085
71099
71105
71109
71119
71122
71125
71131
71133
71134
71138
71141
71160
71174
71190
71211
71219
71224
71227
71228
71237
71242
71247
71290
71302
71327
71337
71348
71357
71364
71381
71395
71428
71434
71448
71449
71459
71464
71472
71541
71549
71557
71564
71569
71576
71592
71599
71604
71639
71651
71653
71655
71658
71665
71680
71703
71711
71713
71728
71730
71768
71770
71777
71786
71791
71798
71802
71815
71823
71845
71859
71863
71889
71907
71908
71943
71965
71980
72016
72023
72063
72081
72150
72319
72446
72466
72554
72569
72678
72700
72759
72779
72882
73015
73025
73052
73137
73147
73160
73176
73185
73201
73239
73255
73270
73284
73287
73290
73297
73311
73319
73321
73323
73328
73331
73337
73339
73371
73376
73377
73382
73383
73386
73387
73389
73393
73396
73399
73403
73404
73409
73413
73423
73426
73428
73438
73445
73455
73459
73460
73468
73481
73486
73490
73494
73501
73505
73507
73510
73524
73531
73538
73545
73551
73554
73557
73569
73571
73580
73581
73587
73597
73598
73601
73611
73613
73624
73637
73640
73643
73644
73650
73663
73677
73681
73686
73691
73702
73708
73712
73716
73725
73738
73752
73755
73758
73759
73765
73769
73774
73781
73782
73791
73794
73804
73812
73817
73819
73823
73824
73841
73843
73847
73855
73863
73866
73872
73874
73883
73889
73906
73940
73943
73964
73981
73987
74009
74019
74020
74026
74055
74061
74103
74107
74109
74112
74128
74129
74130
74131
74145
74152
74175
74180
74186
74193
74198
74200
74206
74211
74212
74215
74229
74232
74246
74262
74294
74301
74325
74328
74345
74353
74354
74361
74365
74371
74383
74394
74406
74416
74452
74464
74485
74518
74529
74547
74550
74575
74579
74589
74606
74610
74628
74635
74642
74727
74742
74749
74783
74789
74851
74889
74892
74915
74927
74928
74973
74979
74993
75013
75020
75023
75045
75050
75093
75115
75130
75158
75182
75205
75232
75234
75247
75261
75270
75276
75283
75306
75330
75369
75384
75399
75412
75413
75414
75447
75457
75465
75472
75523
75530
75535
75562
75574
75584
75614
75670
75676
75689
75694
75696
75708
75712
75719
75736
75769
75780
75793
75800
75834
75837
75857
75858
75866
75883
75899
75912
75958
75970
75981
75999
76014
76027
76038
76040
76057
76059
76062
76067
76081
76091
76096
76103
76109
76114
76138
76158
76174
76206
76215
76239
76246
76294
76323
76424
76463
76473
76477
76484
76486
76542
76558
76578
76631
76637
76647
76674
76686
76695
76722
76736
76782
76785
76849
76867
76875
76887
76895
76902
76907
76915
76916
76928
76941
76954
76965
76966
76974
76984
76990
76991
76994
76998
77018
77041
77047
77072
77079
77085
77096
77100
77106
77112
77123
77134
77138
77140
77146
77149
77153
77155
77158
77163
77165
77182
77186
77194
77195
77198
77211
77217
77231
77232
77243
77247
77249
77268
77275
77281
77290
77296
77299
77315
77341
77364
77370
77377
77379
77390
77397
77398
77402
77412
77420
77424
77429
77431
77449
77459
77462
77469
77473
77479
77484
77495
77499
77501
77505
77519
77531
77536
77541
77542
77548
77553
77572
77576
77592
77594
77599
77608
77628
77645
77664
77669
77670
77671
77674
77685
77697
77707
77716
77718
77724
77729
77737
77746
77755
77760
77762
77770
77774
77784
77810
77814
77815
77824
77829
77847
77858
77860
77870
77873
77880
77897
77905
77920
77923
77933
77966
77988
78012
78019
78036
78037
78041
78045
78060
78067
78071
78076
78088
78093
78100
78103
78118
78126
78128
78129
78135
78146
78151
78152
78162
78166
78169
78170
78184
78187
78189
78194
78199
78250
78257
78261
78274
78291
78300
78315
78329
78339
78340
78354
78356
78361
78367
78382
78401
78415
78427
78434
78444
78450
78459
78489
78502
78516
78519
78520
78533
78538
78546
78560
78576
78584
78590
78613
78623
78639
78643
78647
78657
78662
78675
78679
78688
78690
78694
78698
78710
78712
78714
78723
78730
78740
78750
78765
78772
78774
78777
78781
78782
78793
78806
78819
78828
78837
78872
78877
78888
78902
78905
78909
78913
78954
78959
78968
78972
78973
78977
78979
78980
78992
79019
79028
79030
79032
79034
79050
79070
79085
79100
79104
79110
79116
79132
79140
79152
79159
79169
79184
79191
79203
79204
79246
79255
79258
79270
79272
79275
79287
79289
79290
79307
79310
79316
79324
79327
79338
79343
79353
79369
79373
79374
79381
79382
79384
79389
79401
79420
79441
79461
79480
79491
79492
79497
79502
79505
79506
79512
79524
79528
79539
79545
79551
79553
79557
79574
79586
79600
79602
79603
79607
79621
79623
79633
79647
79655
79686
79702
79719
79726
79732
79738
79760
79783
79784
79788
79799
79827
79837
79858
79864
79865
79871
79883
79954
79963
79975
79992
80023
80029
80031
80060
80088
80090
80102
80155
80169
80233
80241
80252
80270
80304
80388
80396
80399
80424
80442
80453
80460
80471
80494
80495
80522
80525
80536
80545
80549
80551
80560
80581
80624
80629
80664
80669
80685
80700
80712
80716
80745
80754
80768
80797
80806
80807
80813
80815
80825
80834
80836
80868
80874
80884
80895
80902
80920
80927
80934
80937
80938
80945
80958
80965
80974
80982
81002
81039
81044
81047
81054
81092
81105
81117
81124
81135
81177
81212
81226
81235
81260
81266
81276
81277
81285
81287
81295
81383
81384
81400
81403
81416
81425
81433
81462
81469
81483
81497
81508
81535
81569
81588
81613
81654
81734
81756
81758
81765
81773
81790
81797
81802
81840
81851
81873
81876
81890
81906
82034
82065
82091
82183
82266
82292
82381
82406
82536
82699
82762
82801
82856
82905
82914
83046
83130
83183
83219
83221
83241
83328
83360
83384
83395
83416
83491
83603
83695
83707
83738
83765
83894
83901
83958
84081
84093
84135
84163
84172
84196
84233
84237
84239
84240
84295
84313
84319
84323
84334
84338
84352
84378
84395
84398
84418
84427
84457
84461
84474
84475
84522
84546
84556
84557
84575
84599
84665
84706
84730
84743
84829
84859
84913
84951
84963
85002
85040
85052
85094
85185
85197
85344
85351
85357
85362
85384
85398
85401
85407
85432
85440
85449
85453
85481
85521
85526
85557
85593
85600
85637
85646
85689
85702
85712
85717
85732
85751
85763
85819
85837
85841
85848
85873
85882
85885
85899
85902
85905
85912
85916
85917
85919
85929
85935
85949
85953
85954
85957
85963
85989
86010
86021
86024
86027
86037
86045
86059
86064
86076
86078
86082
86087
86088
86099
86105
86108
86110
86120
86128
86139
86141
86174
86179
86198
86207
86218
86221
86241
86243
86284
86299
86304
86308
86318
86353
86357
86365
86391
86401
86409
86410
86411
86484
86556
86571
86575
86687
86700
86718
86730
86744
86745
86747
86752
86754
86756
86781
86827
86836
86851
86872
86875
86884
86914
86918
86929
86962
86965
86979
87010
87013
87039
87064
87070
87073
87076
87089
87103
87111
87114
87129
87142
87146
87173
87176
87186
87193
87194
87197
87215
87221
87238
87254
87275
87280
87341
87406
87501
87516
87523
87561
87590
87601
87636
87747
87758
87819
87915
88042
88168
88268
88505
88588
88596
88607
88615
88639
88652
88683
88700
88718
88745
88754
88762
88846
88951
88986
89100
89151
89158
89204
89215
89314
89319
89332
89347
89375
89426
89441
89482
89484
89487
89489
89502
89506
89508
89509
89530
89551
89567
89574
89580
89585
89593
89597
89603
89620
89666
89670
89702
89723
89791
89811
89826
89848
89852
89857
89867
89873
89884
89891
89919
89922
89927
89941
89956
89974
89989
90005
90011
90036
90060
90066
90072
90092
90099
90116
90200
90209
90227
90234
90255
90263
90311
90317
90323
90337
90341
90356
90394
90397
90404
90408
90413
90444
90451
90462
90475
90493
90505
90594
90646
94780
94820
94833
94847
94851
94853
94915
94917
95203
95210
95221
95228
95241
95246
95265
95277
95374
95388
95390
95412
95437
95446
95464
95496
95502
95511
95531
95547
95577
95590
95643
95648
95706
95715
95761
95789
95811
95975
95986
96015
96016
96161
96223
96226
96232
96257
96271
96392
96420
96444
96445
96467
96477
96498
96499
96500
96506
96536
96546
96548
96554
96560
96572
96580
96584
96596
96610
96616
96626
96633
96635
96661
96673
96690
96694
96703
96718
96721
96727
96730
96737
96742
96745
96763
96773
96778
96783
96796
96802
96813
96823
96824
96829
96865
96882
96887
96891
96898
96903
96905
96909
96915
96934
96938
96945
96970
96991
97001
97015
97033
97036
97044
97047
97061
97066
97082
97092
97099
97106
97113
97114
97144
97151
97167
97187
97192
97201
97208
97218
97219
97230
97242
97255
97271
97337
97351
97363
97372
97390
97402
97413
97426
97431
97437
97462
97467
97503
97551
97564
97608
97641
97658
97659
97686
97691
97692
97762
97772
97783
97865
97888
97929
97955
97996
98000
98025
98054
98070
98073
98074
98112
98124
98141
98182
98186
98187
98206
98214
98232
98236
98245
98254
98277
98288
98318
98349
98358
98365
98380
98384
98441
98498
98501
98522
98532
98555
98577
98581
98583
98587
98636
98654
98667
98678
98681
98708
98713
98732
98781
98848
98874
98894
98900
98909
98934
98955
98964
98984
99006
99018
99068
99103
99123
99147
99155
99188
99196
99223
99228
99272
99281
99303
100302
100334
100346
100349
100436
100440
100482
100499
100509
100594
100599
100695
100751
100764
100772
100796
100855
100919
100955
100958
100991
101012
101033
101105
101130
101146
101220
101270
101305
101329
101338
101478
101500
101553
101565
101578
101592
101614
101645
101668
101687
101873
101893
101912
101919
101942
101952
101953
101982
101989
101990
102029
102030
102053
102070
102072
102073
102084
102087
102092
102096
102109
102116
102121
102182
102186
102193
102206
102210
102220
102244
102264
102267
102312
102325
102395
102398
102400
102417
102452
102489
102542
102561
102653
102667
102672
102710
102725
102743
102757
102761
102769
102808
102821
102955
102984
102994
103008
103021
103033
103040
103042
103052
103053
103059
103063
103071
103085
103197
103220
103339
103384
103402
103403
103412
103455
103476
103509
103514
103564
104029
104056
104066
104084
104086
104089
104090
104111
104112
104119
104131
104135
104139
104142
104145
104156
104169
104180
104185
104195
104203
104207
104227
104234
104238
104250
104267
104280
104302
104331
104334
104342
104359
104364
104365
104394
104401
104405
104422
104433
104444
104456
104460
104469
104477
104483
104484
104511
104516
104518
104520
104523
104527
104531
104542
104547
104550
104571
104574
104578
104585
104592
104597
104603
104607
104622
104624
104628
104651
104663
104670
104676
104700
104715
104760
104764
104768
104773
104819
104843
104872
104876
104881
104906
104984
104996
105007
105013
105039
105046
105054
105068
105076
105085
105087
105112
105120
105132
105147
105157
105179
105180
105186
105190
105193
105222
105229
105233
105257
105262
105283
105294
105297
105313
105317
105357
105358
105359
105369
105377
105389
105399
105405
105406
105418
105437
105440
105445
105448
105454
105470
105471
105480
105482
105486
105501
105526
105538
105542
105574
105584
105588
105594
105595
105605
105607
105610
105620
105624
105669
105670
105681
105689
105714
105722
105733
105750
105771
105779
105790
105815
105827
105834
105848
105855
105859
105876
105904
105924
105928
105938
105975
105997
106011
106016
106031
106032
106037
106076
106125
106135
106141
106149
106163
106165
106183
106201
106202
106203
106204
106221
106222
106233
106240
106281
106304
106307
106308
106330
106337
106338
106339
106356
106366
106374
106377
106382
106388
106402
106404
106408
106410
106412
106434
106451
106455
106459
106472
106482
106488
106490
106502
106504
106525
106534
106549
106550
106567
106571
106578
106580
106617
106621
106624
106646
106668
106669
106676
106687
106704
106712
106724
106747
106755
106764
106782
106798
106814
106841
106846
106856
106858
106862
106891
106896
106900
106902
106911
106914
106918
106928
106930
106955
106963
106966
106971
106990
106993
106998
107016
107024
107026
107027
107034
107042
107059
107071
107080
107083
107088
107099
107109
107117
107122
107124
107137
107142
107156
107168
107183
107188
107198
107208
107211
107214
107237
107250
107257
107265
107272
107283
107300
107313
107316
107327
107332
107343
107369
107372
107374
107423
107430
107457
107467
107474
107483
107507
107523
107528
107544
107557
107561
107566
107574
107617
107619
107620
107623
107647
107650
107652
107663
107677
107679
107696
107700
107701
107704
107721
107732
107739
107758
107779
107792
107796
107797
107802
107817
107841
107845
107849
107851
107865
107884
107910
107912
107921
107925
107935
107937
107942
107958
107965
107971
107999
108028
108032
108039
108050
108069
108071
108074
108099
108117
108124
108133
108161
108164
108179
108200
108204
108228
108230
108236
108238
108239
108242
108249
108265
108276
108287
108329
108347
108353
108364
108380
108385
108407
108413
108429
108433
108434
108453
108459
108471
108473
108487
108488
108494
108498
108510
108516
108523
108529
108536
108570
108573
108583
108592
108612
108619
108620
108628
108635
108637
108640
108655
108658
108662
108675
108695
108700
108757
108791
108836
108840
108844
108875
108897
108901
108926
108934
108955
108968
108977
109001
109012
109032
109033
109045
109052
109058
109079
109100
109112
109155
109165
109188
109209
109217
109227
109234
109243
109279
109321
109328
109344
109348
109354
109363
109382
109400
109424
109448
109450
109457
109481
109500
109536
109537
109542
109547
109551
109553
109575
109591
109598
109615
109639
109654
109680
109719
109821
109868
109912
109927
109931
109937
109962
109987
109992
110024
110025
110040
110047
110055
110063
110084
110132
110140
110147
110156
110161
110171
110192
110204
110223
110233
110237
110281
110302
110309
110326
110343
110360
110401
110424
110731
110747
110749
110796
110797
110800
110823
110825
110840
110847
110863
110892
110899
110907
110927
110932
110945
110951
110953
110973
110984
110987
111039
111041
111057
111064
111098
111124
111135
111183
111197
111203
111208
111225
111246
111252
111257
111292
111310
111311
111330
111346
111360
111363
111367
111375
111376
111404
111418
111435
111451
111487
111513
111527
111548
111549
111563
111566
111567
111636
111648
111657
111658
111662
111678
111685
111699
111707
111729
111731
111736
111738
111744
111749
111759
111764
111773
111778
111788
111790
111791
111804
111806
111815
111820
111822
111839
111840
111845
111850
111853
111869
111877
111885
111889
111892
111896
111932
111934
111965
111990
112009
112012
112028
112031
112063
112068
112090
112157
112189
112192
112199
112263
112269
112295
112302
112319
112384
112473
112494
112502
112553
112589
112717
112781
112864
112971
113005
113015
113054
113055
113065
113110
113119
113121
113138
113182
113244
113245
113250
113344
113349
113369
113370
113454
113456
113486
113487
113488
113513
113545
113560
113573
113604
113620
113622
113710
113728
113871
113888
113906
113920
113930
113934
113948
113949
113955
113958
113971
114006
114036
114069
114070
114128
114150
114205
114256
114275
114321
114322
114338
114339
114385
114430
114451
114471
114477
114510
114602
114680
114703
114824
114895
115002
115015
115062
115112
115189
115203
115234
115235
115271
115279
115302
115307
115315
115334
115368
115417
115422
115434
115445
115476
115478
115487
115539
115554
115555
115584
115614
115616
115622
115646
115656
115676
115763
115826
115842
115864
115882
115886
115897
115900
115908
115927
115931
115946
115949
115972
115986
116002
116003
116007
116018
116025
116052
116060
116063
116074
116075
116082
116083
116088
116095
116101
116108
116112
116115
116120
116122
116136
116163
116165
116173
116179
116188
116194
116196
116200
116201
116215
116222
116225
116234
116236
116249
116256
116275
116293
116304
116310
116351
116368
116371
116372
116378
116384
116390
116398
116406
116407
116448
116466
116487
116488
116507
116545
116548
116555
116578
116592
116607
116617
116618
116620
116638
116666
116715
116727
116733
116758
116798
116905
116911
116991
117000
117013
117018
117040
117046
117062
117072
117137
117144
117147
117152
117157
117161
117176
117187
117202
117206
117212
117214
117221
117223
117230
117236
117238
117255
117256
117272
117289
117299
117313
117317
117324
117332
117346
117359
117368
117370
117372
117373
117380
117408
117422
117429
117449
117455
117476
117495
117505
117508
117520
117527
117530
117534
117538
117544
117568
117575
117635
117640
117654
117662
117683
117700
117712
117718
117737
117756
117766
117802
117810
117826
117838
117867
117893
117901
117918
117925
117931
117984
118009
118017
118043
118081
118187
118194
118224
118248
118260
118342
118395
118414
118598
118613
118744
118844
118878
118880
118918
118947
118957
118962
119014
119025
119038
119046
119078
119126
119130
119160
119166
119180
119185
119203
119223
119247
119278
119286
119298
119306
119340
119362
119383
119384
119403
119412
119427
119451
119458
119463
119511
119553
119570
119593
119614
119628
119661
119670
119679
119680
119711
119725
119739
119745
119900
119915
119932
119964
120000
120034
120063
120083
120110
120151
120153
120166
120187
120190
120225
120235
120236
120238
120244
120274
120287
120306
120321
120329
120344
120365
120399
120453
120489
120500
120575
120582
120602
120604
120607
120658
120677
120709
120756
120797
120948
120955
120991
120993
121015
121034
121037
121052
121104
121143
121155
121159
121169
121398
121496
121561
121946
122317
122460
122546
122645
122865
123020
123050
123220
123414
123504
123894
123985
124209
124234
124844
124930
125070
125122
125255
125275
125291
125368
125370
125496
125581
125772
125795
125887
125926
125963
125998
126128
126148
126314
126363
126392
126393
126595
126687
126719
126742
126747
126758
126820
126848
126976
126994
127019
127023
127057
127071
127104
127105
127112
127137
127159
127178
127229
127250
127268
127283
127299
127321
127333
127335
127353
127355
127372
127385
127419
127420
127435
127445
127450
127460
127477
127481
127486
127492
127553
127569
127579
127606
127629
127646
127666
127672
127688
127693
127703
127939
128240
128375
128509
128521
128556
128606
128614
128662
128687
128691
128700
128734
128738
128752
128779
128804
128829
128834
128852
128895
128923
128938
128970
128974
128983
129085
129127
129134
129160
129185
129202
129204
129207
129215
129227
129233
129246
129262
129281
129295
129301
129306
129308
129331
129334
129354
129359
129386
129444
129473
129511
129553
129581
129729
129738
129768
129790
129845
129904
129905
129911
129920
129943
129945
129955
129959
129989
129991
130059
130116
130129
130147
130159
130176
130188
130195
130221
130229
130232
130238
130257
130260
130264
130274
130287
130291
130324
130336
130341
130342
130375
130389
130406
130408
130425
130435
130457
130459
130468
130471
130476
130484
130491
130492
130501
130506
130513
130515
130522
130527
130550
130561
130570
130574
130575
130578
130579
130601
130616
130619
130623
130637
130657
130693
130708
130709
130717
130724
130743
130746
130781
130789
130795
130802
130806
130814
130815
130826
130836
130841
130871
130928
130955
130964
130972
130974
130994
130996
131045
131053
131062
131082
131092
131106
131112
131116
131132
131145
131152
131154
131165
131168
131169
131180
131186
131209
131212
131228
131249
131258
131273
131275
131276
131277
131278
131284
131293
131308
131339
131375
131416
131492
131501
131504
131540
131542
131570
131577
131581
131623
131637
131651
131658
131672
131719
131720
131726
131728
131745
131790
131792
131794
131796
131798
131829
131867
131882
131895
131946
131964
131968
131972
132005
132012
132031
132052
132079
132099
132121
132133
132135
132148
132149
132182
132204
132277
132288
132304
132320
132327
132346
132367
132379
132394
132395
132400
132406
132426
132435
132438
132456
132460
132462
132488
132491
132498
132536
132560
132584
132599
132601
132641
132646
132673
132674
132740
132749
132768
132773
132779
132804
132810
132818
132821
132839
132843
132850
132855
132864
132865
132870
132873
132905
132937
132960
132984
132998
133039
133059
133080
133115
133129
133155
133218
133253
133265
133278
133290
133302
133333
133346
133358
133367
133381
133384
133425
133426
133484
133500
133507
133527
133543
133580
133663
133688
133701
133708
133720
133740
133741
133750
133758
133764
133789
133847
133856
133868
133899
133910
133936
133956
133959
133962
134236
134266
134336
134711
134919
135129
135224
135289
135368
135393
135474
135511
135643
135645
135654
135655
135672
135768
135958
136015
136052
136126
136264
136310
136333
136343
136395
136419
136437
136506
136534
136544
136547
136564
136590
136592
136636
136653
136664
136675
136700
136767
137067
137105
137182
137198
137203
137204
137238
137256
137271
137321
137341
137368
137372
137434
137467
137479
137552
137623
137689
137730
137749
137785
137786
137791
137801
137832
137837
137868
137875
137879
137936
137958
138016
138033
138059
138065
138091
138102
138171
138195
138224
138307
138417
138462
138524
138525
138555
138582
138586
138598
138691
138724
138752
138753
138810
138812
138976
139075
139127
139191
139234
139255
139274
139283
139286
139323
139337
139338
139346
139353
139398
139406
139407
139411
139422
139434
139475
139476
139484
139513
139549
139550
139563
139564
139578
139580
139597
139600
139613
139634
139699
139711
139715
139743
139753
139782
139799
139837
139872
139909
139944
139950
139992
140013
140044
140049
140063
140100
140135
140154
140157
140188
140226
140273
140292
140293
140307
140314
140315
140405
140407
140430
140435
140450
140487
140497
140501
140544
140546
140549
140581
140585
140594
140598
140602
140630
140631
140639
140643
140669
140672
140674
140710
140730
140731
140735
140742
140753
140756
140779
140793
140805
140808
140814
140826
140836
140842
140854
140863
140865
140866
140883
140903
140908
140917
140921
140936
140950
140951
140984
140997
141005
141007
141011
141031
141032
141038
141044
141050
141060
141071
141086
141090
141102
141132
141147
141151
141152
141155
141175
141189
141192
141196
141205
141211
141213
141214
141219
141223
141248
141250
141251
141257
141260
141264
141265
141268
141281
141282
141298
141332
141350
141352
141358
141360
141361
141369
141374
141387
141389
141391
141400
141407
141432
141435
141445
141451
141458
141459
141469
141472
141480
141482
141494
141509
141512
141517
141519
141520
141534
141535
141538
141542
141545
141546
141555
141564
141569
141581
141582
141588
141594
141601
141606
141626
141638
141640
141648
141651
141666
141669
141673
141677
141683
141685
141688
141692
141704
141715
141717
141718
141719
141720
141724
141727
141728
141729
141732
141733
141738
141739
141741
141747
141763
141766
141768
141769
141775
141777
141782
141783
141785
141793
141799
141808
141819
141824
141830
141842
141844
141860
141868
141870
141875
141882
141884
141893
141901
141902
141906
141911
141917
141927
141940
141941
141950
141963
141966
141967
141979
142333
142782
142973
142983
143436
143524
143727
143783
144002
144238
144321
144365
144370
144553
144736
144777
144819
145139
145168
145169
145210
145271
145364
145410
145496
145572
145585
145606
145758
145772
145902
146037
146086
146156
146367
146430
146469
146658
146947
147053
147090
147141
147196
147448
147482
147525
147871
147930
148099
148196
148310
148416
148620
148857
149020
149050
149087
149110
149134
149153
149997
150071
150118
150459
150463
150801
150806
150842
150852
150929
150974
151067
151142
151304
151335
151558
151693
151838
152046
152187
152193
152197
152198
152204
152205
152217
152247
152439
152518
152574
152679
152680
152802
152861
153095
153123
153201
153251
153260
153288
153313
153318
153320
153337
153415
153452
153520
153522
153609
153649
153655
153682
153683
153699
153706
153713
153857
153954
154340
154551
154573
154669
154746
154760
154835
154992
155075
155124
155222
155241
155266
155346
155385
155398
155432
155470
155496
155505
155524
155539
155614
155624
155806
155813
155979
156001
156080
156163
156185
156200
156201
156288
156308
156350
156370
156377
156388
156397
156543
156656
156693
156695
156705
156794
156807
156818
156819
156857
156861
156876
156891
157015
157056
157102
157165
157296
157386
157405
157422
157464
157469
157525
157562
157575
157635
157641
157673
157686
157698
157707
157737
157793
157819
157824
157879
157945
157982
157990
158003
158018
158023
158028
158051
158073
158213
158225
158231
158248
158296
158430
158581
158641
158656
158658
158696
158724
158778
158788
158852
158862
158896
158931
158972
159021
159081
159098
159105
159147
159191
159294
159334
159342
159532
159569
159589
159600
159627
159646
159716
159717
159742
159745
159748
159804
159849
159941
159946
159955
160007
160008
160068
160076
160128
160134
160179
160184
160194
160220
160296
160306
160356
160453
160458
160463
160475
160477
160545
160547
160552
160573
160595
160613
160617
160656
160675
160728
160732
160809
160953
161022
161231
161235
161315
161342
161345
161373
161498
161499
161527
161559
161563
161683
161714
161786
161841
161883
161903
161934
161984
162006
162034
162168
162174
162270
162287
162327
162342
162356
162394
162404
162433
162461
162669
162728
162747
162870
162935
162999
163024
163046
163049
163076
163098
163142
163146
163212
163230
163235
163284
163334
163349
163374
163397
163415
163417
163521
163545
163554
163588
163629
163715
163776
163807
163839
163847
163892
163893
163914
164069
164092
164111
164116
164138
164150
164212
164222
164234
164236
164355
164359
164372
164384
164448
164484
164505
164506
164527
164549
164558
164582
164633
164708
164720
164803
164804
164841
164847
164863
164875
164896
164900
164909
164950
164951
165000
165123
165128
165131
165169
165172
165191
165267
165283
165340
165399
165444
165473
165482
165514
165528
165564
165577
165580
165628
165629
165657
165661
165684
165692
165705
165717
165772
165778
165793
165797
165819
165839
165864
165895
165898
165905
165962
165979
165990
166006
166034
166040
166051
166064
166083
166228
166232
166282
166302
166324
166336
166352
166375
166398
166402
166441
166457
166479
166481
166485
166500
166522
166550
166603
166615
166690
166697
166700
166753
166792
166844
166869
166939
166941
166957
166981
167013
167033
167034
167051
167061
167072
167096
167101
167152
167157
167168
167215
167221
167249
167258
167285
167289
167312
167345
167352
167390
167428
167484
167615
167632
167666
167746
167763
167767
167800
167820
167827
167833
167834
167852
167897
167906
167931
168027
168119
168143
168174
168272
168292
168341
168344
168346
168351
168411
168412
168432
168483
168547
168560
168573
168643
168646
168661
168712
168732
168744
168757
168767
168773
168799
168803
168822
168832
168844
168869
168916
168941
168988
169006
169054
169107
169145
169149
169176
169281
169290
169294
169308
169310
169447
169465
169526
169562
169593
169594
169615
169672
169711
169759
169806
169861
169950
169958
169988
170025
170038
170081
170114
170162
170188
170216
170252
170287
170309
170369
170385
170390
170449
170472
170528
170603
170634
170675
170676
170691
170706
170747
170758
170804
170806
170809
170833
170834
170892
170906
170931
170934
170955
170989
171029
171055
171071
171092
171100
171119
171145
171174
171227
171262
171270
171278
171285
171291
171292
171326
171331
171354
171360
171369
171382
171394
171428
171441
171479
171494
171534
171536
171543
171566
171591
171614
171657
171678
171699
171701
171709
171714
171752
171823
171893
171913
171917
171935
171947
171949
172028
172061
172076
172080
172116
172204
172243
172246
172384
172429
172430
172467
172515
172520
172524
172611
172626
172672
172703
172734
172838
172913
172933
172982
172997
173050
173052
173063
173076
173095
173106
173171
173176
173180
173205
173278
173285
173291
173308
173335
173359
173364
173428
173430
173569
173593
173601
173647
173677
173688
173714
173824
173866
173926
173948
173986
174011
174030
174074
174193
174199
174210
174313
174335
174343
174470
174604
174623
174657
174757
174797
174853
174887
174910
174940
174950
175005
175010
175203
175275
175286
175344
175366
175450
175626
175653
175658
175720
175734
175905
175965
175973
176063
176077
176101
176183
176262
176266
176277
176308
176352
176358
176376
176395
176470
176490
176492
176519
176524
176583
176700
176711
176725
176760
176864
176894
176969
177017
177111
177169
177181
177248
177254
177287
177328
177370
177413
177475
177544
177553
177616
177626
177673
177758
177845
177851
177856
177858
177881
178005
178085
178110
178117
178135
178208
178234
178292
178334
178362
178387
178395
178400
178465
178488
178527
178534
178569
178601
178638
178663
178737
178761
178895
178901
178967
178968
178971
178985
179003
179094
179163
179166
179182
179200
179206
179260
179270
179293
179342
179406
179416
179418
179481
179513
179527
179560
179596
179605
179617
179635
179699
179790
179855
179863
179902
179907
179944
179955
179963
179967
180002
180026
180036
180076
180103
180132
180273
180342
180375
180384
180404
180408
180422
180439
180463
180517
180529
180553
180597
180615
180678
180691
180749
180795
180841
180862
180877
180884
180942
181023
181031
181187
181259
181265
181297
181300
181305
181312
181339
181341
181415
181420
181447
181465
181487
181494
181509
181511
181553
181571
181585
181603
181617
181630
181631
181646
181647
181657
181661
181683
181689
181691
181727
181734
181743
181790
181812
181828
181841
181870
181890
181908
181910
181924
181925
181959
181960
181961
181985
181991
181994
182053
182054
182071
182079
182089
182155
182232
182256
182290
182340
182391
182418
182424
182435
182440
182458
182481
182490
182503
182504
182556
182578
182580
182581
182594
182604
182631
182653
182688
182701
182702
182719
182731
182751
182775
182787
182794
182804
182808
182815
182876
182882
182901
182904
182909
182924
182931
182963
182983
182985
183014
183024
183055
183069
183073
183113
183310
183319
183421
183422
183460
183505
183522
183615
183633
183680
183705
183751
183760
183768
183776
183779
183784
183835
183837
183863
183878
183912
183936
183937
183938
183974
183983
183987
183988
184007
184029
184051
184057
184061
184062
184074
184111
184124
184144
184164
184178
184179
184263
184277
184326
184342
184384
184392
184394
184395
184396
184421
184484
184485
184556
184576
184597
184664
184682
184694
184766
184771
184801
184808
184833
184843
184857
184866
184892
184901
184908
185001
185003
185053
185101
185121
185133
185139
185212
185239
185304
185319
185320
185341
185359
185413
185444
185453
185459
185494
185513
185541
185563
185572
185581
185586
185609
185616
185617
185634
185637
185646
185661
185667
185674
185675
185676
185688
185709
185711
185712
185741
185751
185756
185824
185835
