185756
185741
185688
185674
185617
185572
185541
185320
185239
185133
184892
184857
184808
184801
184771
184766
184664
184395
184326
184179
184164
184124
183633
183615
183522
183422
183421
183055
183024
183014
182931
182876
182815
182787
182701
182631
182580
182578
182440
182424
182418
181812
181647
181571
181511
181447
180615
180404
180076
179200
178901
178208
177370
167096
167072
167034
167013
166957
166603
165895
165684
164950
164909
164875
164863
164506
164355
164236
164092
163914
163893
163847
163588
163397
163334
163235
163142
163049
163046
162728
160617
160076
159941
159804
159600
159532
159021
158724
158231
157793
157707
157562
157386
157102
156818
156695
156693
156388
156377
156201
155813
155385
154835
154760
154669
154573
154340
153954
153713
153649
153609
153320
153318
153201
152861
152679
152205
152198
151142
150801
150459
150118
149134
149110
149020
148857
148620
148310
147448
147196
147053
146947
146658
146430
146367
146086
146037
145758
145585
145496
145410
145169
144553
143727
141777
141147
140598
140273
140154
139578
139549
139484
139398
139255
138555
138525
138091
138065
138033
137785
137467
137271
137204
137067
185359
185319
136052
135958
184384
184029
183974
183776
183113
183073
183069
182983
182901
179596
179513
178968
178110
118878
118414
118342
118081
118017
117527
166481
117317
117299
117223
166324
166302
166282
116618
116578
116448
116002
165128
165123
115826
164804
115646
115584
164720
115554
115478
164633
115476
115368
164505
115307
164448
115112
164234
115062
164212
115015
115002
164150
114703
114680
163776
114602
114451
114430
114339
114338
114322
114256
163349
114128
114070
114069
113955
113871
163024
113620
113486
113456
113454
113369
113344
162356
162168
112589
112494
112473
112384
112319
112302
112090
111965
111896
111804
111736
111041
110984
110951
110927
110892
110823
110424
110401
110156
110140
110025
109931
109868
109719
109591
109536
158051
157819
156857
155624
153699
104531
104520
104516
104365
104364
104359
104331
104238
104234
104185
104180
104169
153313
153288
152680
151693
149153
148099
147930
147871
145902
145364
145168
145139
142973
141400
139782
139191
138752
138724
138691
138598
138586
138524
138016
137958
137182
38708
38673
38607
38405
185675
185646
38064
86308
86241
184277
184111
85702
36446
183784
36180
36039
183505
183310
84556
84338
84323
84295
182504
181959
34476
181925
83491
83221
82914
82856
82699
180942
82536
82381
82266
82065
81876
81773
81758
81277
81135
31886
80982
80927
179163
80836
31665
31506
178967
80545
80453
80396
80304
80233
30994
80102
178395
79883
79837
79623
79603
79551
79461
30231
177626
30143
78973
177111
78698
75719
75712
75670
75584
75232
75182
75023
75013
74973
74928
74927
74915
74128
74107
74019
74009
73964
73823
73510
73501
73426
73399
73393
73389
73383
73382
73376
73371
73323
71907
71863
71711
71655
71653
71592
71428
71357
21985
71125
71070
71030
21866
71023
21847
21790
21737
70894
70763
70665
70540
70177
70081
20919
70035
69949
69943
69775
69752
69746
69728
69717
69632
69390
20179
69329
20171
20158
118395
69170
20005
19978
118194
118187
68976
68974
68939
68841
68820
68532
68528
68502
68476
68400
68349
117372
166500
166479
68121
68038
67990
67930
67551
67515
67478
67452
67230
67162
165444
165399
116225
116122
66904
165191
115842
66164
16854
66011
65962
114895
65559
65542
65495
65484
16282
65438
114510
65352
163629
65239
163417
113948
113930
64685
113560
162669
64350
64264
113370
64207
64132
113182
64017
63981
63916
137434
63657
14434
63581
14393
137256
63366
63222
63168
63138
38562
63125
112199
63014
185824
62857
62854
62782
111934
111932
62727
111845
13531
111788
111662
62427
62377
37764
160595
62281
62206
86730
62050
62025
61896
37331
12679
86401
61796
110945
86357
61750
61749
160007
110800
110749
61576
61544
61522
86045
159748
61409
61361
61351
61348
61307
85899
110360
61134
11793
60950
183835
60911
60876
110024
60765
60728
60657
183319
60362
109500
60314
60284
60191
60145
84730
60081
109234
60059
182963
60023
84546
59916
182804
59790
84352
158073
158018
182581
182556
84093
84081
59470
59442
59408
157641
59298
59183
182071
59094
181985
59050
58817
34243
58787
181691
181585
83241
58648
83219
58565
58564
58552
83130
58385
156656
58342
58317
58259
58209
58133
33476
58026
156288
180877
57916
57907
57892
156200
82406
57795
156080
33171
8553
82292
57691
156001
57676
8478
8477
8469
8439
8409
57541
8381
8377
8367
57515
155806
8314
8312
8294
8279
32867
8274
8207
8187
8161
8146
8061
57170
7917
56984
56978
7807
7786
56943
7679
7669
56824
7651
56797
81384
7634
7609
56766
56675
56593
56591
7318
56431
56429
56407
7219
7201
56338
56281
56220
80806
7019
56149
56115
56088
56084
56018
6805
55917
80460
55835
6666
6655
55783
6601
55752
6594
55741
6583
6536
6513
80252
80169
55531
55524
55487
55482
80031
55397
55228
104342
104334
30608
153415
55099
55064
104195
55038
5698
54854
5693
54842
54827
5530
5447
54368
5041
54189
54182
4979
4953
4890
53894
152204
4660
53817
53786
4606
152046
53717
53665
4501
53637
53623
53621
53579
53575
53549
53520
53518
4351
53502
53474
4300
53435
53429
53394
53387
53373
53262
151558
3977
53099
53062
3853
52998
3821
52886
52848
52837
52765
52736
3545
52678
52676
52664
52661
52634
52632
3465
3438
52396
3174
3170
52327
52323
52142
51905
51894
51776
51583
2265
51420
51268
51265
51252
51198
51176
1991
51148
1910
1820
1819
75535
1741
50880
1711
50861
1683
1478
50463
50398
50291
50224
50174
50059
49986
148196
49700
471
431
49568
74131
74112
74026
73981
73943
73940
73906
49277
49117
48967
73524
48931
73494
48866
73409
73404
73396
48755
48742
48700
48376
48361
48190
48188
48134
48127
48126
48089
48071
48020
48010
47952
47942
47932
47931
47918
146156
47794
47751
47730
47729
47695
47680
47637
47592
47550
47512
47500
47472
47326
47325
47223
47069
47046
71549
46933
71449
71242
46625
71122
46493
21814
21758
70805
21605
21554
70155
70108
143783
69973
69793
143436
69652
69625
20428
44739
69275
44667
44578
118260
69045
44410
44318
44313
44009
43999
43974
43948
43901
43841
68366
43720
117373
68162
117289
43439
43312
43307
43301
116905
116798
67571
141248
141132
42671
67254
67045
66818
115972
140314
140307
41831
140100
41776
140049
139613
41299
41298
41290
41281
139550
16610
41196
41183
65762
41160
41150
41115
139407
41093
41080
41076
41060
41048
41031
139338
139337
40995
40985
40975
40928
40896
40885
138753
162935
138195
64259
162287
113015
112781
63626
137368
63568
63551
63539
112553
14141
136767
38394
185751
62741
62538
62451
62392
62062
135768
37357
12754
37308
110987
86410
86409
184694
86391
61775
37182
61691
184556
86207
184485
184421
36934
184394
61456
184263
85949
85917
184144
184074
11981
36527
183983
36471
36297
60817
109962
60805
36077
109821
36058
183460
60501
10901
182924
35428
59982
84522
35322
10736
182775
84418
59839
182653
35146
59728
84319
182604
182594
35071
182503
35021
182481
182490
182435
182340
59370
182232
59262
182155
59202
182054
182053
34566
83738
34524
181994
9913
9844
181908
181890
34360
58868
181734
181727
83384
58811
181689
58682
181509
156819
58476
83046
58452
58433
33828
9230
58284
82801
156350
33403
33369
180678
33075
33053
33043
8447
8419
57597
57549
8318
82091
32905
82034
32834
8232
8224
8174
8155
57282
8125
8130
8111
8082
8051
20276
180026
7946
32539
57115
7920
57049
20149
7831
7824
7805
7754
7732
20008
81469
7675
81425
7646
7617
7613
56735
7540
7568
56725
69011
7535
7510
81260
179560
7522
7491
19796
44326
56595
7409
7390
31951
56507
7321
179406
31916
7293
31821
7197
56365
31701
56280
6961
6939
179003
31520
6913
178985
6892
6859
6846
6802
80549
31392
6795
55967
31349
6768
55811
6618
6559
31070
80241
31050
55638
31034
55610
55574
30979
30964
153857
55543
80060
79992
55421
79975
79963
30786
6216
30769
55358
55328
79871
6069
55186
55170
30577
30546
30526
30540
30510
165705
30509
30485
30467
30432
79602
5816
42682
30376
42659
54956
116398
54922
79512
30354
79539
5748
42620
42619
30328
18008
5712
30288
5687
5684
5665
54837
5676
54833
30239
5640
5633
153095
5624
42505
5620
5617
5614
79382
5595
79338
5586
30177
5581
30168
5573
5564
42435
30116
30088
140674
5494
30049
30045
54616
5419
79159
5406
5382
165169
5330
17608
4999
66460
54097
66227
78502
176760
4691
4677
78450
53828
4671
4672
53740
53759
53758
139715
41398
41359
4504
41305
53590
16661
151838
4228
41107
53407
139406
53374
41037
4060
53221
163807
3910
3887
3904
53061
3875
53019
3770
52914
52911
3721
52875
3686
3636
151067
52682
52618
3375
3367
113488
2640
2637
14923
2564
162342
2522
2487
2471
113054
2417
2340
2336
2335
2303
2291
2313
51470
112864
2261
2199
2162
2128
51294
51243
2086
2067
2051
2045
2042
2039
2018
51174
2017
1982
1978
51125
1968
63371
1828
1814
1794
1779
1796
1749
1708
1716
1684
1642
149050
1555
1507
185835
13676
50492
75050
74993
50357
879
37566
677
62026
12765
375
49539
74103
74129
49458
73812
49198
36906
147482
184178
49004
159569
48966
48930
73505
73321
73319
11827
11820
48605
183760
183705
36234
48536
48179
109481
47990
47953
47921
47904
35534
182909
35289
35250
182719
145772
47328
71889
47255
34960
47222
71786
157824
22628
71802
22611
71768
71730
22544
157737
59423
22506
22502
157686
22432
22317
22276
157464
9965
22231
22206
181961
181924
34408
22111
181870
181828
71237
71224
58924
21982
21931
83360
21877
21868
21858
21857
21854
21840
71021
21835
21833
21831
21815
70966
70965
21780
21787
21754
21751
58630
21748
70931
21745
21742
21768
21739
21736
21732
21757
21719
21699
33970
21677
21654
21680
21645
21599
46188
21591
21589
21587
21563
21535
181305
21506
58370
21456
58307
70605
21369
21364
21358
33675
21355
21352
21348
21342
21340
21338
21332
21314
21313
70460
33571
21269
21268
21259
21256
21246
70429
21240
21238
21235
70386
21224
21213
21203
21200
21191
70341
21128
70265
70239
21077
57761
70065
20831
33079
8375
20664
8298
8243
8218
8205
20483
8186
8185
8166
118744
8124
32732
8139
8152
8107
8089
1946
1931
20368
8072
8069
8058
8041
1866
7997
1822
7975
7957
155398
69386
20184
57005
7819
69151
7691
44556
7703
7689
7677
19943
69125
19916
75234
7553
7552
7558
7556
44396
44393
44387
1358
19768
44371
19806
7467
7462
44328
44317
7380
7376
19675
7375
7371
7349
7295
7287
7283
7284
19551
7202
7146
7145
43967
7038
19040
166522
6608
6578
43427
18211
5904
42635
165528
5622
5621
54788
116249
42483
116163
42389
30099
5503
5504
30080
48517
66942
5482
115864
54398
164900
4990
4842
66209
4718
60054
41523
4646
41480
65870
41277
53353
4161
40973
22493
53215
4001
83901
139127
3914
53090
22343
22337
3857
15915
15841
113949
3343
21741
52448
21691
15405
15314
113622
15283
2641
51798
137786
14892
113121
113119
2492
2496
2470
2465
14658
112971
57655
180529
8480
2327
2258
2273
2249
2247
51394
8365
8336
2198
2180
2133
8270
51303
2131
63606
2102
2130
2064
2071
2027
75614
1879
1850
1863
1861
1781
7947
1809
1795
75523
1733
1746
7602
1461
56743
7586
1465
1410
1425
1427
7517
7532
13683
56701
7505
7502
7495
44358
13628
44307
19729
179481
7419
62712
75045
19709
62704
118009
185637
81177
44280
7357
111806
13345
160573
6941
111360
160463
664
86744
62151
6686
12747
6544
73872
73843
86087
141369
153520
6049
85916
110326
184062
184051
36580
110309
110281
184057
184007
61140
73413
5724
20796
5415
5364
54223
5037
11132
11122
60283
4958
8024
57181
118613
69456
60263
109328
1771
1784
14073
53896
53858
60009
59890
179605
10586
47344
7296
31743
7055
47022
59305
59244
182079
157469
3831
58863
21973
49567
6532
21893
6541
117144
3467
3163
21603
52165
8586
2403
8503
155979
137552
8451
8461
8432
2288
8435
2269
8420
8332
8328
2161
2163
118947
118918
2151
8295
8287
32872
8255
2092
11315
57407
8236
8223
8231
112717
2063
8204
8184
69618
2006
8156
8154
8134
8127
164841
51156
8106
32699
8121
8096
11175
20398
8091
8115
8073
8083
8067
1942
1927
8065
8063
81840
8060
8052
51057
1900
8046
1889
1913
8028
155496
81802
8023
1875
1864
8015
1873
8026
1862
8012
14165
1856
8007
1844
7973
1831
1824
1817
7968
7943
7928
75562
1783
20227
1774
1786
7909
54017
1739
1754
7905
7910
7901
7880
50881
1724
81654
155346
1732
7863
1698
7849
1703
7818
7823
7803
1661
7811
1659
7810
7806
1679
7801
7784
7789
1610
7776
56937
7766
69223
149087
1616
1600
7740
1611
1614
7733
7721
7702
1548
7699
7697
69143
1528
1522
7673
56857
7671
7670
155124
7653
7668
7636
1523
1508
7644
7642
1509
1483
118248
7626
7620
7581
1479
7587
7562
56763
7577
7559
75205
7533
7530
7519
38282
154992
7492
7487
7485
44334
56614
44292
7418
7413
19666
7303
7316
68768
7288
81039
7260
7270
62590
7240
7231
7211
7226
136264
19509
56386
4102
19476
7174
185413
7171
19470
7168
7164
80934
7155
7140
7137
7135
7131
7130
56308
7122
43988
7121
7116
7115
43956
179182
31662
7084
7082
7068
7033
43895
7028
7014
56198
7012
7008
7007
7003
6981
6968
43845
6987
6948
6946
6937
160552
6930
6924
56080
6912
6903
6835
80629
56036
6809
62021
6677
80442
6663
6615
30928
86221
73819
52250
49135
82905
30583
79784
49027
153452
5981
79726
55105
5850
184061
42687
5706
2621
5686
183878
54845
5636
5634
183837
42478
5611
5600
5572
5587
42432
5565
5549
5560
42399
5519
5476
5472
5438
2370
5435
5410
5425
5402
5417
5392
8467
5388
5384
5381
2266
152802
66790
5322
6863
140497
5316
5308
19137
8334
8349
8337
51336
6786
6770
51334
158862
17515
54333
60433
11276
54302
2037
2052
8177
78877
2015
54251
8120
69606
8118
8103
1952
57288
8102
8090
6562
6535
5006
1897
6496
1886
1871
155524
4898
47943
181553
81734
4876
1801
3364
150806
7950
4871
4859
7937
75530
1766
1720
7864
20168
7859
21696
7858
1700
35523
7853
1695
7797
1651
7791
73866
73855
1621
20061
7759
4680
1581
4653
7725
4639
4619
4605
4590
41446
53742
4545
69085
7612
4533
1456
7599
4520
7561
4482
4447
4445
4439
4430
4348
7344
53451
41131
4215
7246
4178
2617
44024
22534
4074
4070
3997
5535
3955
5498
3850
3870
3832
3827
6904
2250
5329
6862
6841
181991
6831
6833
6811
71348
2150
593
3643
80494
2081
8235
6675
510
8188
3566
3565
8198
6619
3540
6612
58864
6599
433
6590
3532
8113
5034
6570
15768
6551
8077
1919
6553
3452
6543
38814
78772
6522
6498
1883
8034
74130
80270
6491
21845
21822
7993
1829
7980
4888
3345
150842
21782
73987
223
181494
52467
21721
21715
21678
6312
49336
1634
3177
73889
73863
21596
32321
7743
50763
1577
7714
7729
20024
3041
21413
182731
182702
4489
2935
21368
52101
21333
82762
21280
53521
51871
21121
2654
30271
2575
2547
2561
2554
67830
55547
74020
52466
4804
57031
7874
110796
21636
60835
5500
2414
2392
2384
21582
79140
2290
57630
82183
6878
2255
8405
3793
2242
6839
2210
3738
8353
8346
51359
8321
8319
2155
3690
137321
2140
8296
51295
21350
86687
80536
2122
180375
8282
8275
21337
17486
2098
78959
2074
118844
51247
2061
2043
70428
1989
1964
75736
1957
6585
1956
6581
1941
1934
75696
1917
6515
343
8044
33382
5716
1868
5721
2630
307
8008
1851
1842
7232
7999
1841
37181
21820
150852
66353
41760
57144
1807
21792
4865
21779
46350
1740
10963
7904
1765
15562
7868
1710
20939
52385
7836
61619
6295
1641
46998
7762
73847
44641
1609
4668
1559
7726
3132
49237
21558
104527
4634
7695
7686
1535
1530
41487
4607
53020
7660
1501
7623
7610
182794
7985
1827
4514
3360
21263
7813
3967
21257
2804
3570
1637
10879
1209
185121
7657
6508
74889
59490
41020
21690
62372
3953
43886
6856
49502
6842
7589
1800
12851
7990
1832
3557
2189
5192
8264
8276
1542
43409
6542
52602
3416
1474
5324
3781
53725
8366
1816
6571
80884
7105
4026
7959
1808
113110
7666
6423
1196
4648
5422
21655
3394
184597
21722
1595
68877
6827
59611
4709
4702
2556
1706
1588
49229
8351
