20954
20956
21412
21414
54351
7290
54419
17958
29531
54359
8371
2178
8384
42787
29255
56370
6234
29261
41179
41496
28943
36053
36066
64180
50022
6164
24827
14502
56358
14496
24837
56332
41472
56344
24845
24824
42453
3009
3001
17505
7481
28953
28981
42444
42401
54823
54822
54831
42351
42375
17501
28926
42357
42372
42379
7468
54812
54815
71469
71460
71443
71447
83241
83265
83219
71496
71480
71507
83255
71521
71494
71540
63616
71516
98231
98221
71517
98223
98235
98188
98230
98213
123061
123059
97170
123063
98309
98254
98442
77032
123082
77027
123099
77019
67924
77063
77021
67929
87703
67938
123132
63587
109736
109754
71590
109761
71583
63583
63562
109728
63565
98303
109946
109724
109701
98262
98259
109721
87696
109749
87670
87660
76972
109731
123014
67869
67858
67873
67857
77001
77005
123064
76990
67895
77004
123048
67886
123054
87681
100887
91408
69310
88759
88758
99224
110402
89258
89264
110414
62669
110456
99234
79311
63177
63173
63178
70236
70248
109571
98561
88777
98569
63176
63172
63193
63194
63183
74379
74367
118347
118344
74396
118341
118490
74542
118486
118503
66135
74442
118494
66063
66086
74376
74375
74377
66089
104236
118376
118316
118321
118323
118356
118317
113764
113770
72330
83806
93864
93873
83865
64153
113680
113688
113693
64131
72272
72295
83813
83818
93814
64156
72201
113738
113739
64084
113731
72305
64162
64089
113751
72299
72204
72304
83567
83532
83555
83848
83525
83766
83843
83803
72302
104338
93703
104488
104582
93856
93852
104570
93822
93650
104328
93662
93664
104326
93670
104216
104337
83535
72268
64133
64079
72266
72181
83697
83702
83719
83508
83429
83445
83444
93601
93578
104241
93617
104244
90508
90504
80591
90549
90631
71596
113755
113721
113795
64184
90501
100710
100730
100718
100813
100740
100734
100713
64189
113814
90539
90652
80687
80659
90647
90648
90643
80673
90596
90603
90585
90600
90644
90601
70195
70317
70293
70263
70319
70304
70264
70321
90655
80698
80688
80686
80696
80681
80691
90620
80692
80699
90663
80717
90669
90673
80737
80741
80735
90675
80693
80616
113831
113821
100780
100784
100786
100767
100816
113849
83875
93904
83877
93880
83873
83866
113859
64207
83862
83863
93907
83894
90628
100815
72342
72346
90593
90493
113907
93918
79139
93921
93914
83975
93932
83912
64220
50538
36494
5237
31857
44675
50536
20962
36552
31873
44582
68573
78579
69021
89147
69007
79174
45187
62368
45175
21161
3806
3819
32158
11192
62275
11225
21163
31819
11084
31833
50582
50596
11156
10994
50817
32123
45158
11175
3789
10983
101060
112847
112881
72917
73007
112681
112695
83484
81882
71347
64837
112799
64845
112750
112858
101001
112856
100966
34925
23743
23722
54832
5421
101447
101466
113758
71781
113784
81920
23749
34970
71207
81868
81832
71160
23763
34985
34982
23750
48603
71165
71461
82093
71441
91879
42344
71212
34999
71442
71458
82078
82066
64446
71908
64463
114030
114031
92045
101650
113984
82217
114002
113965
92017
92000
114015
92029
82250
101643
114027
71612
82277
113811
64384
101528
113824
101563
113901
82019
71893
82025
71851
91894
91902
71474
91912
71491
91917
63634
63649
82143
82155
63660
82180
71532
63676
82201
71592
82169
71512
90063
68343
68356
79301
79238
79247
79242
68328
68349
79296
79295
121473
79246
79083
90015
100945
114540
114539
73316
84951
115673
64784
73336
84962
115685
84967
84964
86024
96503
96403
113777
113932
100990
100983
113892
113888
113898
113959
100926
113791
113787
113804
113911
113819
65615
123053
65624
114415
114404
115681
101785
101725
71297
110498
81603
71282
110486
110475
63776
71302
91750
91746
81636
91758
110493
81593
81605
71187
81530
71183
81578
91691
81500
63685
91716
101753
101759
101766
115738
44621
101722
73330
64800
73327
115682
101775
85003
84995
64792
101774
115587
73307
115767
64794
115574
64735
101687
101682
11037
84963
64766
115622
73318
115614
122869
122877
106880
101483
69031
80037
69057
122895
106893
122957
106866
106936
122911
122896
122812
106821
69015
122813
106830
122846
69018
122851
106864
90817
80017
90833
90830
90824
90820
69051
90834
122734
80005
96491
96488
106855
96507
96295
96300
96306
96412
106837
96382
96345
96371
68485
79230
121442
90030
90034
121748
90010
90035
79291
79270
121734
90152
79355
121741
121761
121764
121730
122067
79398
79395
68569
122052
121726
95864
106136
121754
121795
106385
106386
95946
95944
64139
106851
79316
69097
79304
79323
69327
79332
89268
99245
99238
89278
79333
89287
60725
90992
88862
79292
88858
79298
69403
88851
69375
110474
62677
99269
62695
110558
110578
99256
110501
110515
110535
110536
99248
69329
88782
50852
79146
69366
98637
98630
88792
109613
88786
88835
98604
79232
98615
88797
79188
98599
88812
79201
88816
88838
70269
99236
114765
94172
114663
114664
114657
114666
94674
94676
72848
72855
84547
63224
82239
109673
90787
90792
31806
90872
90812
90813
90678
90679
70350
63206
109645
63220
70395
80771
90696
90743
80794
90753
90750
90758
90805
80796
90816
90763
90736
70400
94328
94659
72847
72845
101174
101066
114752
114428
100802
114443
114591
114655
114628
114104
100938
100976
114131
114228
100955
100984
114199
114564
114112
94373
104914
94376
114103
64320
64308
64305
64307
64300
64298
114134
72617
114320
114746
101071
114749
101163
101149
101070
114748
101155
114729
114734
114275
114245
114222
114212
114217
114208
114595
72664
84548
104898
104893
94658
104897
114216
114312
64331
64332
114292
64335
64351
64347
72666
83964
94110
79386
94154
84212
84217
94230
84090
84205
84230
84227
94232
94319
72513
94226
94271
104734
104756
94266
104735
84278
84035
84049
84286
104813
104876
104855
104868
104857
104858
104786
84373
94292
84321
84296
94286
94252
104838
84255
94259
84254
94255
94240
90828
104737
104875
104822
104791
72430
64229
113914
113960
64244
72428
83957
72448
64232
72394
72473
84006
100937
72500
72477
84009
72476
84594
84590
72924
84596
83983
100860
100865
72498
72491
72464
84004
113994
64260
72516
64264
72520
72519
100892
64265
100903
114215
100947
64272
64326
64329
72621
114009
100918
84314
72639
114221
84367
114149
114044
72640
72649
114139
84601
72554
72552
72560
114029
72586
84292
64280
122030
122029
121929
121994
64437
64343
72303
114422
72207
114327
93694
64445
95617
95601
95616
105939
85662
74371
74530
85503
74400
74388
74381
85508
106095
95766
95735
95729
85654
85670
70347
85658
85695
95817
95756
85701
95823
95821
85665
85717
106093
106098
74534
74395
74384
118496
90488
72392
114504
72374
114489
100846
106365
83978
83982
83945
93964
95802
106358
106351
106350
106352
106332
95843
95847
64736
122044
106355
122019
93982
93943
90672
104605
104611
104525
104589
118795
118824
104567
118784
118799
93960
90795
118835
118793
95846
85726
95853
95786
95775
118832
85679
104701
93811
121806
106145
104643
94140
90974
119029
104693
104704
106765
122693
79959
122792
79997
68810
122791
80000
122786
122788
90807
79938
79949
87692
101455
101442
17462
90759
114592
100944
114601
101460
122716
122410
122422
122650
106732
122452
122428
68944
122720
68943
68794
68784
94431
79722
90527
90546
68793
101439
106626
107534
122352
106592
122354
122357
90621
119043
66279
106772
106736
66278
66283
96267
74709
74742
74700
96343
74701
106816
74724
106812
74721
85914
74678
74670
74672
74671
85916
74720
85901
74705
74704
74649
85856
85861
85885
85919
85913
74665
81534
96132
96105
96113
96114
106654
96136
96168
96109
106653
5418
106656
96068
96123
96075
96079
96081
96142
96125
96144
74702
106640
68679
122132
79803
79765
68825
84305
68921
122699
68860
79858
122636
79412
79421
122104
101498
122537
68676
68763
79420
79677
90683
79818
90744
90698
72455
114560
101386
90690
90692
101388
90687
122646
122522
122622
122536
122555
68913
79360
64824
79367
121834
101309
122393
79650
90391
90443
79652
122399
79653
114433
114427
90465
90502
90500
90373
90450
90474
101335
90453
90468
90476
122348
68748
122338
122271
122265
79664
107558
79636
114559
72333
114452
114566
72488
114586
114466
114528
68782
122325
122326
94365
79643
122388
122386
122332
122310
96192
81624
96206
80043
122680
95890
85747
95894
74590
74586
118861
74601
96018
66229
118864
118855
95906
95901
104562
106276
106237
106258
106182
121802
63201
106187
106255
121825
106208
106196
106195
106248
106459
106201
106266
106269
95874
104673
104691
104640
104658
104664
104686
94132
94155
118934
74627
95866
66271
74633
74641
74622
74624
74625
74636
74628
85803
106740
96248
106674
96226
106694
96190
85811
96041
96060
96090
96056
96111
118985
106608
106611
118976
106490
106440
66258
106427
95982
96010
96036
122375
63673
106556
106537
106557
106559
106555
106528
106572
106492
106499
106455
106516
63604
106501
106579
106510
106612
106617
106520
106432
96249
106734
94182
120321
75429
66857
86282
120332
75441
66867
75436
120352
86274
96418
66829
75408
120245
96424
66834
120258
120271
105669
96426
66837
120261
96439
66844
73308
95218
84945
123120
95273
105681
95276
105718
84978
25249
84976
84972
64750
73276
93993
64710
95193
105651
84911
84912
95195
95180
95190
95175
73275
73280
95210
91886
105731
105706
84946
95200
66323
66305
66306
66316
66304
74744
74731
74712
74735
66314
74734
74736
66325
66321
119232
66328
96374
74778
85981
96389
74781
74780
66362
119346
74794
85986
85987
74815
119126
66331
66411
74824
66385
119413
74870
96401
96402
96404
85988
85989
74861
66350
74770
89274
74868
114417
64408
94379
114453
64410
114454
114451
114437
84560
94620
94628
98297
84535
72828
64440
72827
94664
119440
64427
119456
72833
119403
105203
94194
104714
94443
119121
104709
119136
104941
119147
119244
104979
104978
119160
119128
119276
119270
119163
119280
119237
119295
119296
119162
119228
119265
119284
119152
105001
94466
104967
105027
105018
105007
119274
119302
104981
93667
64419
114403
98210
84427
72798
84510
84424
84519
84345
84076
94447
94184
84413
72702
84453
84532
94463
84437
72696
72880
84431
93665
64417
94478
119229
105097
105116
105085
105122
119358
105129
105079
84579
94536
94586
94594
94561
94580
94528
105063
119291
105071
105075
119303
119294
119292
119315
105042
94469
105019
94506
84467
105051
94485
122526
94491
105059
105023
105076
105041
105038
72747
84572
84478
84569
72894
84483
84577
84576
98264
84503
72756
84480
84499
72733
84493
84484
98241
84468
98236
84463
98238
84466
72885
72750
84570
84568
101165
72744
72753
72746
72709
114407
64708
115517
73314
115521
64719
115534
115544
64744
101790
115599
101659
115550
101024
114469
114444
101033
114465
101017
114411
101036
114495
72442
114550
72566
114668
72352
114470
72612
101039
114488
114677
114478
64374
50496
64414
101127
101125
72905
64397
114704
64396
72778
72711
72876
64472
64468
64476
72694
101105
114686
101108
101119
64483
64715
88869
71148
71176
63682
63667
81487
71100
63656
71092
71089
91568
71077
71082
71083
70514
81451
81521
71172
90951
71141
96128
81529
63275
70517
85798
70473
80858
109747
63243
109756
109739
98657
63244
98650
85804
70478
70475
98732
109853
109854
63255
90868
70439
90865
90852
90888
90887
80866
90903
70463
104785
90885
80901
63233
63238
90873
63273
63236
70496
63237
70501
90937
80925
70495
80928
90925
80873
90934
70465
80934
99147
85495
99166
99178
99185
99219
99212
110513
110527
99214
110517
99140
110394
110495
110494
110422
110489
79914
79971
79922
79917
79930
89232
89236
89234
69916
69879
79920
89260
69917
89263
79942
89255
69912
89239
79893
69855
69858
74793
89217
89213
79881
89200
79887
89259
89261
62902
62908
69874
69892
69902
69914
89242
98735
98731
98687
84956
98691
88910
99124
99129
99120
74766
89190
110436
63738
99118
110361
110363
89157
63705
99126
110390
99067
110419
110357
110437
89138
99094
89151
98722
109842
110404
110444
63721
69408
88903
122106
79321
34971
79335
69425
88916
69428
88898
88899
69434
88915
69427
69784
89183
89189
89188
89159
74722
89160
69807
79810
62893
62892
89148
79783
88912
84829
105055
119156
105009
105052
94897
120517
94880
104479
104497
67468
87563
87598
87546
87713
87622
87624
87554
87562
87551
87762
87781
87730
87618
87707
87511
87619
87620
87630
87710
94102
79187
93965
104381
104549
119550
119562
119524
87775
101726
87912
87913
87917
77126
77110
77139
77145
77136
77146
73339
87927
98437
98434
98278
98258
98435
84526
98285
69314
98443
104610
67732
119582
104598
119639
119572
119636
104627
119670
118783
104676
119584
119621
87934
87930
67723
77189
77187
67678
87940
77148
93631
82959
118525
104029
104020
93736
93731
104040
76804
76845
118536
118568
118544
109845
67361
119311
76786
67366
118534
87669
98293
87690
87693
87679
98248
87674
87675
87697
87677
87807
98296
98298
84555
98311
98312
101475
87704
87825
77190
77176
87951
77179
14249
87959
87644
67389
118627
118635
32215
76792
67374
118612
67730
90132
104116
104081
118592
118493
118808
118815
118745
118854
118786
104215
104146
118656
118709
118718
76813
118752
118741
118746
90727
118756
93750
71278
93752
104087
82999
83016
82947
103983
93815
104195
93821
83084
104202
93826
104207
71333
104197
93754
83081
93802
93715
82950
104142
104145
93777
104181
93781
83040
83029
104084
104154
67767
76855
122814
76851
64767
107305
87513
82976
67787
107308
76716
76888
119431
76889
122884
122853
76873
72829
87522
122864
87528
63456
98071
98070
98068
63460
87494
87518
98055
87334
87326
98051
87336
97907
97905
98053
68817
98087
109551
63445
63485
63492
97909
63472
109455
63468
71259
71230
71220
71289
98064
98075
98061
98081
72832
87526
72826
87519
109471
109507
109451
119404
104494
119353
77116
67635
77113
119344
67652
119503
90574
104517
104531
104603
119491
119474
119421
119450
67666
67667
77165
119458
119414
76864
119409
119408
67644
67647
119390
119462
94034
119373
104182
101488
87729
76910
76909
76916
76911
87759
87725
118881
76903
76886
67418
76880
76926
67435
76928
76893
67485
67498
67490
76948
62358
76952
67516
67486
87768
87789
87764
118733
23010
67401
87632
67463
9151
54278
67476
67474
119000
119041
17543
118870
119054
17540
118868
119053
17514
118842
118991
119350
90661
31624
118682
104247
16926
31372
104233
104170
118735
118720
9590
83134
67842
83044
54719
23476
83109
83118
63498
122626
122635
122631
67669
107319
122878
122889
86259
94086
107325
42303
12517
86263
54239
96967
86192
74827
96971
76718
119188
104407
65734
109552
63525
37832
109567
109582
22700
109622
109603
83129
9595
83143
39065
83422
109596
83425
17253
104509
9819
83448
94058
20286
64772
94067
109822
63625
106529
49631
63640
58666
71672
71675
83494
94076
107320
122123
94093
94081
34976
79343
20308
94106
34987
20312
107351
94125
94091
104606
94116
113836
58679
71695
82529
109902
113848
71708
67408
23018
109903
83506
90689
17381
104620
20156
34823
39915
98192
98183
42588
58489
26934
83277
68016
83264
68005
9686
97479
71524
58556
87375
87338
4147
76762
110990
97938
27984
87370
87381
10208
97940
97952
97935
4154
76773
4130
76738
87376
68635
83972
55518
97943
87351
64622
107183
93899
34793
107193
35633
7141
122719
35660
122741
67713
67700
67705
76741
98118
98120
98124
119264
76755
23320
67718
23322
67720
18081
48355
76912
122908
122902
122655
122753
122746
94790
122750
107252
76922
24496
98141
84294
98143
68911
98142
107378
34996
107363
52223
122951
20208
6264
107238
122943
121948
107231
20841
122725
122947
119498
76950
24570
55921
98186
98216
39955
87606
87650
87652
98187
17658
3894
118993
122972
107432
107393
13804
87720
122954
94246
107461
122983
35989
52297
122990
67849
98179
98345
56180
98358
104502
39574
97955
98352
98374
56175
10649
98356
107406
13699
87628
28385
13871
87770
87772
13997
87837
56232
98394
28421
87803
56218
98382
24849
98425
35353
107668
107652
6838
35347
107658
122721
8959
96844
38107
82379
96845
96852
54072
96848
107182
54174
96926
20182
107215
107335
109807
38151
96874
86200
109757
54048
82351
96825
38307
96988
71192
86268
38102
96842
119287
65755
30443
74851
86197
96916
54169
96921
86229
96929
67367
54161
96910
42256
58255
86228
74866
74973
82611
54293
97012
97021
42355
58334
86284
16108
74994
74985
58258
86232
52577
65777
119386
36307
65837
86287
97035
30643
75032
97091
75023
97090
97086
75028
71270
58371
86315
30688
75073
75099
97068
67523
97057
110025
97058
42388
86301
42433
86324
42374
86293
71288
86326
30755
75144
75106
30732
75117
42480
86354
107403
75095
65909
19446
5360
63763
98533
110109
38483
54405
110111
9242
110087
69379
98516
58778
71821
9173
109997
40321
56339
98474
71849
38468
110094
9257
110098
54074
8969
113776
113769
58622
42791
96991
24921
98483
110027
67521
9190
110017
98502
63739
38450
110061
54358
110051
24963
98518
77405
9820
55060
68146
115720
88023
88012
68162
68156
68154
62257
55077
110647
68158
77222
101718
87903
4515
77220
68041
87888
123239
21426
123253
73293
28598
87889
77150
77182
48903
77402
7986
123427
123426
62681
119811
87881
52572
21309
21699
87728
13815
17427
104656
94195
83647
6535
94207
83648
39182
83544
121827
107148
12955
42992
27222
71806
71804
106577
63711
93842
107149
86708
71807
71812
63719
71721
83512
113864
71722
71737
71717
83658
58758
71800
94149
83576
104651
109652
37949
63553
49557
109656
53954
37953
63597
5235
71759
109730
54024
87700
44240
109705
53998
98290
24683
56088
109755
38078
54045
7384
122918
87678
73024
28289
109686
37998
77006
62413
32514
67877
54705
69333
98464
98471
87689
73036
44227
28471
87835
24886
98455
9144
109956
109960
54248
109940
54269
109958
110470
67981
123223
123224
9680
97478
67988
9699
68002
48619
77153
54873
68004
48597
77132
67974
80758
123213
18245
77102
52889
58658
36604
9669
3160
75490
71624
58634
122417
35269
42596
16313
113571
42576
9349
82867
30969
16483
9357
38579
67722
54498
122466
6797
113796
42820
48964
66183
75553
97501
71835
113954
58783
71826
86730
75544
122917
108061
16597
3174
75509
47076
31098
75514
122890
35839
108032
97500
38954
97518
75536
75532
86564
86662
35794
107995
108004
123277
108047
80014
122659
107847
120543
120528
120486
104985
18975
4965
120375
17788
104998
66206
105015
120534
119991
17760
104963
120447
66205
94391
20469
35271
67680
9340
107515
86419
42553
86416
75093
20406
107503
82680
97077
58367
42405
86309
97069
86399
97141
35218
107545
97130
54399
110102
75054
42492
86363
86368
9355
67699
75159
75137
42487
86359
86386
16425
75328
16432
75334
89710
75341
97340
38686
97341
107824
21423
123251
75306
97316
75322
71544
58574
58565
86518
7005
107795
86536
6882
65128
107701
94532
6918
107725
65127
6881
20567
107700
107734
123191
35427
6931
107736
107770
107723
97260
51633
107740
48828
18540
119924
66014
48840
119949
32913
119907
66026
119887
4577
18459
119855
66036
123258
86473
75162
75134
75256
75250
89637
75273
58547
86491
42683
86498
67742
54529
97258
82899
9381
97246
18433
119824
38801
42464
17551
42470
9612
54767
38816
54774
38820
85920
26259
54838
54703
71236
86296
80849
9024
9250
28614
87900
87911
36328
42322
71182
42307
28869
115766
101927
28880
17405
7434
42310
28874
76763
98408
23092
38329
109979
9227
54274
109965
22349
49034
40487
84855
49041
40405
98545
25033
57503
28996
45029
58670
113822
58690
71713
58594
85915
26255
9563
54710
38851
54763
38893
54792
38839
110418
54783
54758
3056
17417
29069
23160
87719
28330
44264
54779
54127
9017
67514
54321
23128
9594
54746
87355
44086
54742
9592
52462
42462
71310
98161
17618
58464
42552
65853
21359
123199
65888
21427
36305
35976
56805
11211
66266
36817
23168
9050
54790
54796
42546
58480
42575
26926
42570
29061
11215
15302
45330
92139
76772
56296
24972
64637
42825
71649
10716
98429
15236
54279
23084
38420
23167
36793
38369
23123
54695
54119
9009
89732
3062
29541
119347
17961
42783
58615
9551
54693
87791
123055
52401
36090
94533
107727
34983
6451
19294
5211
92761
29223
35970
42233
86212
5517
49995
42404
86308
64134
44964
67719
51510
27790
97154
97166
36864
72898
87574
94870
84843
56315
98459
101836
52731
123283
14293
107566
94369
43578
27904
49518
92749
72809
114914
72858
114971
75123
92690
72262
35965
49919
5620
64114
122956
35936
49826
28268
35916
72234
49849
38636
82956
35944
6383
64760
102156
102160
114900
73654
102168
49446
92664
92650
82717
114865
82921
94210
100704
72203
3079
64015
50028
35999
42239
86216
5522
19609
50000
50019
106775
19623
5533
50015
64143
100798
59228
72319
41315
24771
56174
40070
24698
25898
41317
115680
14312
14308
40223
56246
98385
56249
6100
44854
14382
14358
24776
24756
56159
41303
6098
18525
73475
14347
14365
69194
24765
24757
24766
76729
24822
56239
107468
72273
59189
62900
18700
42763
29555
29511
42261
42793
17638
113800
42827
54841
9640
54824
54828
52724
21456
36059
38210
9066
54408
21450
36081
97098
9246
54389
36893
29225
56328
98469
41458
56226
24811
28945
14457
24856
56275
29240
26014
41463
91981
119966
18659
8244
71144
42268
43425
59199
8245
59198
71146
42271
29245
18648
18625
42661
8351
18654
77396
18660
48898
92014
18622
53480
8343
42634
34669
6066
14426
93793
113883
71748
6135
73513
14431
29182
36832
29120
14788
29205
29129
41415
29213
11603
25890
41310
100980
43683
59469
18564
119944
18636
58508
26948
42615
29365
18600
37440
2174
32939
18549
59470
18544
8300
37242
8306
18640
119869
22686
109614
53933
29103
17627
123419
29060
17628
47878
31858
17639
29079
29066
29101
17862
29352
29360
29337
29374
29332
119225
17867
29054
17623
24755
6615
94275
4142
48148
119261
17149
104438
51331
94295
6679
94335
17680
119017
84486
119444
104583
104449
35187
94310
75025
77115
119640
119466
104593
4486
119756
3560
104520
91575
18198
119607
65898
65897
4344
119523
119488
18118
48397
119499
32456
18115
119496
91509
119539
18126
119515
119540
119544
119360
18122
119504
104511
18023
62255
119369
18196
119604
94882
84833
56457
56176
25026
84822
94811
94792
35400
94514
122556
94517
47768
104722
76797
48202
17939
104804
17613
104799
87530
94829
20917
17643
80024
87377
27972
43782
87360
94601
77186
11214
18310
48919
98153
119917
104659
3692
104649
6857
51566
94482
118768
104666
104677
90752
104679
56121
84567
90697
104631
51497
35300
20497
94422
3667
31652
104629
104634
31643
3653
104614
94445
119834
104647
69102
84521
104553
90623
104558
104617
119806
32650
119680
77106
119662
80865
7794
65932
18241
32624
119652
18249
119659
21474
65931
119576
32541
119548
91521
119549
16165
75064
77025
62435
119568
118739
17407
104639
101875
28818
73459
68977
84380
73462
45173
73678
73664
56505
84870
65349
20951
65365
43763
114716
73682
65362
56411
84801
73643
25010
84810
114632
102162
73648
59467
114637
65343
35732
65351
114671
94833
20921
20937
35456
107758
114685
29193
73672
114673
122827
65371
14626
69312
10729
40278
98419
98449
27891
59483
114617
28936
73521
101979
101965
18755
92154
92160
123259
14272
28754
101830
65918
101815
67529
82668
28948
101996
28732
101814
107477
114366
27593
114368
114355
84654
114383
73580
95739
123411
73578
84507
29004
14532
73567
98277
84517
59035
114226
100715
114336
56087
69115
84529
73561
84575
73516
122620
65209
28933
73517
56137
24735
84580
98313
84558
84581
102129
27541
59126
72194
35868
49791
35866
58323
86275
64068
64034
35825
87589
122830
94885
122855
7319
35804
108021
35876
92579
29108
70294
57317
41368
114619
59438
18523
105745
32899
48802
18505
107656
59439
73472
14343
28815
73456
14364
41347
98283
24675
28832
14340
20058
6077
24801
56210
56206
41329
14333
8293
29090
29154
29086
14723
29152
73650
29169
29147
41354
41227
58611
42779
86557
6018
44739
14271
6034
84545
56105
14241
64487
6030
44720
14252
87914
101772
87936
28687
14209
56079
84482
24636
24645
104812
118964
24631
84513
56068
6011
84515
29057
99162
41240
66211
29071
42549
27894
59488
22834
82337
109759
54050
82373
101754
49038
92164
101760
101738
67345
82400
123205
73335
28657
101755
41263
49045
92174
14225
44636
101734
82273
18465
91858
82307
87744
101490
22826
54030
82328
72196
100696
114317
96860
82405
101765
64596
109801
54108
82416
49075
92218
114347
101796
101800
114396
43288
72131
54116
82427
114240
72119
82366
8970
82386
82648
92270
8002
123437
29092
102083
102108
45053
29053
102093
107845
122664
114817
43543
72398
64027
94131
72117
114242
72121
58309
42315
19635
64019
38525
82815
49372
92571
107367
59038
114230
114303
28574
14102
101685
14108
87883
101691
20715
65222
114158
93963
64684
18677
92077
9139
38305
82583
48934
92060
59000
72076
106778
64004
97109
82727
63995
14546
29013
102052
114658
43716
114675
82591
49460
49430
54318
82645
82654
72021
82739
101724
33074
92088
122820
35754
64439
19968
5972
98228
39970
24612
93668
64420
5948
10556
24628
87569
35806
35786
84475
24633
24589
49620
35717
122749
35670
109758
38081
82352
82378
44297
28359
101509
101556
58729
71763
113893
64598
113899
35392
20575
65134
82377
38109
8967
82384
48812
18516
91906
32932
91930
121831
34739
107152
113908
28428
101569
113991
68984
84394
113961
113958
39927
84409
109805
82423
18555
91943
72239
8992
82415
58786
113956
6343
64732
13042
114066
65190
92028
28893
101942
73504
107762
79940
35491
65192
43077
58828
114014
50909
107245
114039
28489
87840
44448
101616
96879
82438
84434
114651
65171
54133
96886
22984
54182
9072
67347
82450
101641
101611
64617
38219
9075
82505
107197
71866
28918
14422
73482
101904
54209
23019
82531
6257
64671
114020
71895
92291
5485
63930
49281
63920
92373
59336
114537
58867
71932
28915
73506
28897
101946
82619
20556
35369
107684
43646
114605
13079
71988
63977
20757
35563
54963
28749
14268
54962
54721
9684
38892
101806
14303
8289
8292
86412
58483
42581
2172
8312
18478
18464
81614
53369
8283
42567
110452
54814
54835
109456
8552
11261
23120
74966
23195
22478
36880
36896
36901
42503
29096
7217
95311
52566
65772
28594
7535
104771
17578
28985
14506
29027
54648
23423
83042
16470
3068
87769
7544
58420
42499
86367
42531
102036
29034
29025
31816
17592
42534
7537
3036
52393
21195
7543
17611
11182
86364
42525
24780
105060
4090
17839
84595
17847
23004
54196
54229
21009
35821
38240
54201
38251
54217
8539
8577
22818
54016
82336
54038
7337
21008
8574
35537
53895
87352
35527
9073
38177
54144
82454
109851
54160
9037
54148
29292
7178
29325
8793
21190
35760
7169
35664
7170
29271
7163
105002
17791
35827
54362
123207
36364
53990
80802
65869
36375
109732
54026
54019
22458
22492
53689
22464
101538
87782
36077
109725
54015
53992
82276
54006
52363
36052
123066
52414
7557
36080
8900
54018
114264
59074
59042
114213
59062
59052
59048
26379
41875
58975
41861
56208
24800
10673
56197
10678
10687
16999
118335
17003
17030
7213
28588
38456
54384
28602
41859
59033
49478
99524
26294
66004
28887
28878
44849
4813
14401
28898
44869
4766
4765
14223
26295
115757
28872
44845
18901
14406
30958
14405
44873
28776
14291
85985
26335
9713
38922
54892
38927
110488
38917
38942
110500
38931
9750
38988
39002
54960
4841
26341
45015
14368
18818
4848
45014
57832
41834
26344
65977
28824
88016
73463
14371
14376
57804
26321
54929
38967
83291
110502
97504
54925
38962
96985
54287
110504
38936
54900
68013
75575
9749
54943
110524
54918
4574
45047
14339
110499
38929
13802
110063
82704
23193
54380
97114
54379
11700
99270
25959
23230
38493
54692
16474
30961
4772
4735
30861
28947
44926
9293
97161
82798
9319
38536
26724
15805
102137
14731
26461
26420
39420
39193
55509
26453
92284
4880
55838
55470
15790
20167
107204
6284
6289
24201
55472
15794
34166
5516
50609
20150
28896
57427
70412
26047
57442
38774
11977
26224
26207
17432
38707
54652
21120
7446
54658
20949
94874
122818
20950
94875
57413
27314
122628
51736
7018
91563
32559
106167
18949
62947
92148
69452
99604
3085
89760
104671
10396
111121
35585
80032
90659
104592
55642
111063
16402
89673
114692
107783
79935
35499
79948
122649
35549
101051
114728
51740
20702
79968
89658
111080
24409
111105
68742
111061
111050
39628
111047
3038
89654
57802
99555
63557
19302
85983
26326
99562
111031
111013
24303
111033
111043
111024
49006
4770
62921
57785
99546
12070
41797
99540
41817
26320
99553
22000
46199
33078
80670
52561
101693
28583
53195
12062
53211
21997
82778
67646
38519
46150
21956
21968
30058
46049
69456
74573
30090
46077
18264
62544
119635
62542
33017
25057
40465
69462
46110
69421
46027
69385
69388
98546
69415
30486
89298
9192
23141
16024
89291
89311
74909
89305
68149
110638
62715
55071
110643
68166
9816
110632
110598
25975
99282
57411
99293
99302
110625
83947
97914
110967
10173
110956
83481
110659
110987
110992
63508
85949
57760
99530
110989
55536
111005
99495
26256
99496
30802
53584
8432
18875
75153
2957
30789
8437
8426
30810
2973
30796
8439
39186
4863
102146
14687
14697
87898
14142
5987
21328
52590
54611
38668
83002
54631
5997
65903
14278
44747
115621
87957
44716
14159
30735
42179
42180
107543
13255
59275
87950
28713
14233
73365
44682
48834
4653
18556
91944
48893
4696
44653
28709
44696
38540
58495
42598
12733
54776
23552
9642
56360
98496
40385
85661
41420
57358
57353
64638
113997
27299
122726
35698
83139
9633
41399
57337
40341
7680
123171
15627
15559
15572
113916
27206
107135
42958
58738
71783
86679
27232
27225
27209
15588
49936
34131
32544
48948
18906
106128
18909
48985
92361
18929
50483
18919
6986
34093
34134
50557
50585
93628
50462
54684
54745
9593
41287
57227
24890
10740
40293
41270
57210
41271
57211
40303
20845
20895
93701
50540
107760
7024
107778
79927
50884
6254
15335
5886
109677
22761
53972
37983
19132
92598
26245
66383
21933
37929
29625
15307
52511
15314
5862
15331
52451
52441
37888
37918
120504
85881
11982
28938
101982
14516
28555
14084
83889
55444
41751
57711
26258
9879
39172
26251
38697
38788
54741
14087
33008
77400
119970
40478
69470
32473
48929
4856
4338
32474
48905
48952
54708
32950
45994
21827
45929
45966
36107
21214
52421
56354
69350
20577
35395
79833
94510
72524
114623
94520
79843
35479
6980
79863
82934
89580
2996
89604
89371
49762
26540
58066
37423
8413
18791
18893
19892
50422
49145
18883
18878
122723
20837
93615
5904
5825
15281
42618
5836
54601
38659
11579
57222
41282
11590
25875
44426
87830
14037
31885
32782
119780
4511
17681
31901
48435
90979
47938
31922
75345
54691
110360
9564
54712
101590
87823
44406
28448
13956
54698
13993
87755
28366
101552
13907
122988
13848
101513
13913
28402
13896
101535
87780
13884
54655
92127
41231
11536
57161
25811
16305
30809
38623
25818
13933
98526
40418
48329
31851
84816
17645
31866
18377
4502
13909
48292
40366
48281
76866
48291
47840
31827
17602
62262
48294
31839
119418
48306
77155
101570
13930
4314
48361
122991
36056
36046
21172
52354
4279
21801
26158
41637
11917
120407
26124
52374
70488
26132
109583
53879
37850
5789
15264
53892
37869
15249
15199
41577
26101
26104
15230
8397
36750
21757
18495
32887
45887
21786
26113
41590
11870
45821
29002
21708
45832
101994
14531
28989
14514
73569
21745
35935
52236
37768
26042
52170
13833
25780
38586
54624
119366
76837
69353
48267
119394
48275
67783
54575
38553
19821
5797
79414
89322
94211
122236
79460
40287
98451
56325
69336
72549
59481
94503
98447
24896
69331
89360
119573
62439
107488
79539
35135
6604
107481
79534
16066
89326
79472
69179
89356
56157
98341
56184
69199
45759
45754
59204
42144
45866
74399
15535
36197
27158
113855
42892
71714
58716
27167
24079
122377
35229
6703
119828
91891
18498
20804
5193
33771
49922
58536
26965
86483
50416
49869
6685
119814
18485
72282
6676
3906
31888
20420
6668
51527
35326
6817
20523
20529
43548
122438
6762
94408
79753
35329
20526
33761
92685
92726
33745
33758
33739
106663
49821
6662
63812
49787
94299
122321
6641
4563
18450
119825
18434
49803
119789
18467
56861
25819
41239
57160
9379
20548
26973
84500
40024
17808
32041
11394
17757
4001
21106
95248
21259
52479
21269
35910
52209
21091
53799
37740
85714
26028
15191
5735
13698
87627
7362
52131
37700
15119
8596
37709
35972
7457
87724
28333
44267
13810
13794
35911
13773
38544
9317
38533
54539
41200
25759
54473
23276
54465
54499
38541
54451
25733
62436
69176
119355
17969
4225
101964
21666
91612
119646
18234
32618
80892
21500
29484
45532
28786
14298
44769
21494
40254
98428
4221
53750
37674
37476
25957
25961
37690
79964
51732
52062
94901
122888
7356
35809
52090
32556
41243
11542
37429
94582
51692
79886
51671
4132
41264
11559
21277
32423
62399
18140
48437
62395
18143
62401
62404
76967
4341
32453
62408
69144
101752
21421
45462
98308
24705
69133
69149
52702
21434
84574
69166
69117
119516
45397
45412
21396
10614
69135
28634
101730
21402
24712
69141
99083
41156
11455
36195
21280
35287
94407
94423
51498
41196
11492
53407
8305
37240
104976
4084
43694
59485
6923
65152
51625
37330
37351
51556
15163
53455
37288
99132
11509
114600
59421
105934
62914
11517
51585
31803
3803
31777
32285
48253
31801
119365
48246
48223
35898
87687
13762
31737
119599
4436
48214
17949
48218
24865
40269
48180
48192
56284
48185
40264
119293
48176
122905
122916
108050
101469
13781
28299
13760
35863
13731
13709
87639
101432
13743
25719
25721
25700
97139
38485
17487
31728
31723
76720
105103
48122
31698
119200
105118
48136
56242
119256
48144
48132
4433
48090
76707
48107
62536
4428
4423
86312
5690
48878
77385
25670
54426
25685
38474
25656
97102
54370
38441
25655
31650
48069
105010
48052
84603
69184
105044
48075
48040
4395
13627
28237
13689
35836
13718
25682
104779
17591
31805
29348
14985
14961
18812
25854
25743
48996
41192
25747
14973
25627
25642
25632
11382
41053
25614
74971
54371
23161
54349
23170
54357
38423
82618
38378
82636
38393
54303
74876
54296
54373
48011
3582
31596
3615
31618
101326
28209
44072
13655
24692
56095
48008
104944
17744
48001
62428
4371
104896
119057
31936
17706
47958
91556
119585
32552
4383
48021
13651
47916
52001
7242
44012
13611
47931
65332
13619
38340
94801
13620
38354
31592
119846
91863
25550
47907
74838
38320
69901
25558
17616
118949
47904
20913
87544
13602
29252
14859
96925
54194
29274
14895
54206
25714
64046
5563
14907
41186
25737
29250
14912
67423
54221
119791
18468
25498
119484
4321
54225
43948
13556
15968
74823
54218
109912
25519
109939
38288
38208
54173
49766
19479
63816
49793
5370
49754
49747
20486
33702
33727
114491
20499
20488
33723
19473
49778
114326
13186
72206
63750
49737
6616
18348
77191
11220
18393
18382
11230
18403
6588
18373
77211
18420
90890
17604
31818
104754
31786
77214
18380
25421
40838
11204
11237
4539
18412
57694
41740
26249
33687
20475
33664
94383
122411
35259
20464
49695
49702
33643
106596
49722
38560
67697
23308
9354
56860
56777
84451
39971
40842
56804
18352
119753
56816
56855
11257
18435
25438
56823
98239
56012
39993
11248
56844
53572
2170
15266
15243
15256
84479
40004
42607
26952
19724
5684
35951
35700
51969
35934
35917
35926
52017
5706
84398
68990
39914
56753
62529
40677
56663
77131
56713
56715
40794
56762
114877
122754
7184
35675
51939
5669
39871
42502
26879
5700
86375
26877
15212
15201
47785
118871
98175
39886
58446
86397
26928
18323
6558
11177
77193
18354
18341
31743
49663
49676
106566
49678
118863
17534
31760
72123
6521
49613
49583
119643
56693
91685
18296
114256
72136
79391
33591
25250
56642
9283
92536
33615
9289
119603
62514
56649
31791
55863
39849
92529
33559
49327
33554
54400
9263
56599
56609
56618
33557
63249
33500
33518
18279
85945
99525
6466
38400
97067
43400
59174
51321
20402
106244
49294
33506
94279
20395
6642
20408
63270
33524
49272
33482
99308
49267
33477
18225
85955
26299
49493
49489
119580
18239
20390
18283
52417
23824
58968
106768
19610
63990
24067
36008
63694
41972
18776
62906
120082
49046
18771
18779
17080
28700
42124
58163
42137
59185
87937
28688
123209
28720
41983
17088
31600
49450
18220
49434
26270
19165
92644
19189
49456
49233
33440
122047
6349
18221
18214
34877
20230
34916
6363
49448
6313
6342
77012
4368
62422
18179
49378
49415
49392
49369
5058
49345
107209
6293
4363
18159
106264
92509
49347
55508
110986
31581
58084
41450
33423
92386
33414
58093
58873
23786
114770
87387
51788
58227
26700
12453
12405
55057
23773
35886
7367
108042
35850
79995
122648
35590
51831
108029
35889
87503
13563
51899
51837
35656
51916
16812
19255
92747
41879
21229
28462
7469
41821
93878
107181
58807
58865
51822
39807
98662
56587
40551
56547
38438
9225
17451
39728
84860
56518
56569
25073
84852
90700
3672
17397
39678
62364
32470
56489
39672
68775
111087
39676
76908
98577
56462
107416
79497
20383
9209
109998
9216
12592
26818
87633
13706
35817
15123
23695
51764
5614
15150
9774
23723
79784
51558
114867
35693
7203
20543
51557
7206
20903
35694
20931
35725
51632
5571
15101
71779
58744
28414
99502
41789
43019
58785
28423
123012
21158
87818
28443
58709
75521
97485
23653
93797
86655
58732
38986
23680
122717
35629
20533
6830
51542
94342
20431
51384
26773
63968
5538
26770
42294
26750
26753
42015
12291
23621
80026
7084
107850
35620
110485
23615
51827
7109
35597
20816
114848
87505
13565
35655
39839
58939
73277
28576
31395
16952
49649
41936
16984
65784
73300
14137
28609
7547
41953
56114
41905
98218
69032
84441
39959
122961
21157
36027
7497
16859
84415
98205
84426
55981
16901
3946
31934
10566
56028
28539
40936
41926
84582
84552
56130
80603
7601
7567
56179
84600
56161
7571
17034
84607
56186
8379
42039
57665
11985
57628
40169
56200
57992
8387
42061
58010
58052
105033
56196
28611
29009
28987
18950
29000
18943
41039
58234
26275
99510
58265
41051
18958
5712
19747
30901
75309
3055
58278
30003
63775
49748
42031
21348
18898
54146
9034
82456
58180
14412
9055
18876
18821
18866
101962
28920
120247
49125
18860
12421
58173
58195
42185
58202
19219
33734
57741
41773
41790
44599
28606
14132
52578
73291
28595
19548
63914
42186
58203
68159
83509
9860
83488
9845
30032
19755
42045
19783
74544
30039
30059
42054
19752
5717
19778
19758
71301
42452
19769
19762
44052
43991
122745
72854
87548
44004
28225
44102
44048
101353
44103
28159
43996
9495
97349
3070
3082
3073
110608
55082
9831
20077
20053
104436
110995
10211
107154
20109
20031
10219
31231
20048
7211
43967
28132
43963
104069
3314
31250
47248
31240
110973
10188
18506
119893
41044
77166
98177
55902
55876
77180
25396
40813
122247
20369
33395
120326
49187
33387
122241
51242
107446
20366
26707
98530
56398
39641
56391
97061
23146
9195
40413
56420
10334
39658
24347
39656
55651
39655
39661
26717
20378
23067
96984
23058
109942
9179
107369
6542
20349
55615
39635
56361
55572
39600
111021
55623
39639
20357
49926
71091
26688
51245
107471
20413
63983
58282
26745
51293
14939
44419
21222
52433
101553
101585
44402
99596
41920
57931
49677
57969
49008
18734
8355
9277
30637
87816
44394
49201
18946
8340
57911
25702
18676
9205
82676
30593
48933
18680
18683
71256
58364
26813
42387
54237
30428
42384
19980
57916
26394
57900
10049
18857
92274
18895
92295
120310
18914
53638
8468
18942
42156
58176
8458
42123
58149
58147
58157
66842
37496
8452
18891
58140
49844
42112
58141
30130
16542
3131
58479
42573
75444
3130
19842
55151
83542
9890
23852
9900
5806
19820
58153
42129
71331
42482
121453
5786
19812
19523
34073
42130
68169
110658
9897
44162
7364
108040
13747
28288
44207
71367
19795
55124
9865
19789
30071
42099
58129
42110
30084
71283
86322
42471
87629
28245
44129
87578
35791
44111
28263
44156
87647
44151
44170
3110
54688
9846
83489
9887
9874
31284
20176
31299
79128
20171
64261
19806
71287
86325
71315
86344
42467
28586
20007
3601
10207
55858
7144
107662
20542
59383
48992
33105
92120
25790
41220
18449
27747
114514
27787
59353
114494
59326
58393
42460
14540
29008
8272
27738
59299
59307
100876
59319
45374
8266
42424
91744
77200
119760
18438
72409
59318
8275
13518
114854
7188
54099
29302
17748
29306
29243
119045
17751
104920
17720
7117
3978
17728
84481
47963
17727
29220
29224
86323
5668
64158
42465
29209
54079
17735
105036
17817
21127
54093
82299
30139
54020
96868
54107
35733
54111
96884
54126
54125
54122
122789
35715
45869
109559
8679
54189
7459
21126
54043
54056
7100
17688
40016
17714
17684
3961
17718
29189
29166
29197
7438
21117
21143
35995
21136
35689
35667
35661
82333
8634
38279
89238
30417
54228
82439
22941
54153
8702
122962
21114
53825
22611
22584
22589
53800
22583
36105
36187
44433
101607
36169
21122
42445
15608
8775
21189
8751
21175
54154
35783
20940
65358
35740
96903
54155
54246
21164
8737
21160
82144
8727
109616
8769
8766
21169
7552
21206
21148
122998
123051
21197
10934
84591
10637
72055
58996
36319
100930
43627
59406
37976
22756
54310
54312
109678
22763
80814
21419
36355
22770
101630
44471
28499
14057
44507
28531
87864
28535
26308
41801
58989
104221
16918
16924
16874
42242
72452
59370
122481
94454
100933
114593
59411
7114
16875
28495
80064
7124
27861
59440
28138
13577
7197
16954
89319
110036
54342
16955
28559
101666
28553
54330
28548
28550
41812
16914
122696
20803
35653
7180
16971
54254
54265
29997
22725
10898
53947
22729
114575
59388
54198
22632
101735
14173
80732
36281
15592
82161
22673
38293
54244
109606
22681
10877
9131
54258
42176
34117
28813
26683
17325
109896
111030
17345
59386
107999
59306
49880
28780
58150
42132
28785
42167
83986
24249
39564
110999
90611
17296
28792
59354
9115
109925
54231
100925
59396
53820
22606
114477
59262
82483
96915
82488
54187
22621
59274
43496
59261
72356
59269
87891
28605
36258
51335
35171
6643
27609
43403
59179
8650
22597
10771
100785
72294
59217
42004
42056
59236
108020
7340
28744
28748
3515
17189
52088
7354
17250
115631
28739
42081
28726
3485
17147
21364
65824
28664
123194
28698
115567
14193
21374
101750
28652
7316
73338
28660
9318
38534
54447
28198
87581
7334
65838
28684
67475
82593
10291
20133
17402
3679
3631
31629
111027
90668
3634
3642
10294
10272
55506
110982
10266
31278
90139
16825
3353
16816
31280
31336
113934
93934
34833
20188
10338
3697
90723
3694
10348
31416
122038
64730
20254
71818
31425
20157
28632
44631
44235
9299
38512
97168
54430
9325
38545
16204
30717
23258
38523
54323
54313
38447
54378
54344
23186
54376
54329
91871
4590
123096
52478
14028
44475
101598
122936
13821
26003
13842
25998
85673
25988
101499
87786
13891
38531
75091
54460
38543
14079
52526
36193
65727
28542
44520
21212
44389
40956
4612
39416
10062
44614
44579
54833
28635
44635
10054
10063
50475
19929
44604
10033
16977
31407
16997
10043
75498
3162
83668
7652
44608
9662
38868
54829
3171
73273
28570
44561
19686
64111
42418
58373
42419
93653
19938
64392
19918
19946
109919
30454
71164
42287
42333
30312
30367
57943
19334
49600
99574
57878
30632
25684
18658
62903
33083
18702
57964
33034
18653
13939
44371
16098
74981
54387
38461
30625
123006
44380
8349
8365
48980
92108
30665
23234
38497
30672
30681
18749
44439
29475
15149
8331
57852
41851
57842
57867
57977
30684
63670
57959
25767
18738
26438
57954
49015
18740
25938
25910
54383
82555
23044
54238
38284
54243
54270
54317
30524
7509
87765
28376
13860
44317
13851
44306
28404
13899
87773
28388
44331
28256
87638
13741
35874
44201
13742
28294
13753
7372
87654
13717
13748
25930
9418
54555
54610
23138
54328
38395
9454
54593
67792
75270
30891
38664
54605
122863
101356
13682
54597
18847
4869
41298
25876
38416
87706
44250
44238
35879
108059
21110
101457
44234
89284
30469
7453
21124
44256
122941
4496
122852
52076
94905
9987
93589
19887
30282
54077
96850
30254
50418
19903
30257
42235
58228
42222
26695
42204
112876
57815
8309
32987
119978
18601
12042
57737
99513
57771
18634
23154
30532
4640
119921
18614
18561
8303
54289
30477
8299
18573
23150
30528
41643
26165
67704
23317
54508
82889
54521
54483
54535
30881
9347
54488
44169
13654
14088
87559
13605
13664
4484
25856
36211
87870
44534
14100
41612
26136
38638
67784
38648
38625
54553
38624
38662
54480
75085
97163
23260
54448
54466
44182
3156
9982
49388
101495
87737
44279
13824
20778
35588
28353
13839
10410
24444
94643
122644
7107
35595
90658
17341
13856
35606
49373
31726
55796
24460
35631
35615
90718
31673
55696
11356
25580
56953
41018
49409
104648
55781
24449
18203
4409
91594
18215
31848
118946
47856
118906
55926
41203
24620
55978
28961
84312
55857
55878
14106
28541
28551
14080
28955
18371
42352
100779
114414
27676
59237
4512
18391
29139
45123
29124
29155
115783
14402
28899
19559
49932
42201
96096
8228
28909
71080
42193
6638
107502
114432
72314
59229
28997
73468
28864
39816
55825
28850
24508
104675
55797
24556
14052
55842
18663
33047
25698
41138
7562
13949
5859
77336
119904
11383
41054
123256
115684
28802
55777
55750
55782
84233
55785
24504
48849
77361
41079
123287
28845
42087
8207
119592
18254
29016
62507
18257
119649
62521
18265
101971
7937
21674
28969
59011
58069
42050
18247
28991
94112
79347
72102
13133
59027
51170
94173
6562
100677
13170
114294
59102
54104
96867
21089
21098
35605
13446
122643
7044
74561
46063
53987
17674
28485
44454
36145
53769
22552
4129
76737
24831
40224
56248
52438
21242
21235
36130
96864
54129
8523
6978
64726
20253
50947
58875
13980
28457
36111
82233
53961
37966
22755
29637
37502
22391
20926
17572
122738
20879
94796
109527
53805
37765
53816
17568
53789
122727
87539
28157
20918
21109
35927
29589
53574
22348
104720
39850
17575
58991
24109
17083
73311
28622
3457
31492
17099
43353
41937
54417
9307
54423
7300
31469
17070
58893
58917
21241
28476
63467
5165
41758
100969
59452
43697
27896
13355
7751
55145
83537
23884
77343
18598
48850
18619
48875
23922
48938
6747
27731
35253
43540
94394
35275
18649
9957
23937
56271
40262
24823
40215
56240
84656
35880
28280
101404
28265
5489
16759
55024
40387
7493
28368
5495
16835
23860
58205
42202
5500
31106
54877
58123
42104
5438
28302
5449
122907
108053
13784
21107
28310
87701
28314
28356
55058
31255
68157
55076
36012
13862
28378
40415
83477
55092
43849
13479
40443
56448
18100
98575
25046
40453
35523
122634
114834
13503
13509
55167
51814
13510
71199
42329
104848
119008
17724
86283
42353
19675
86278
58324
122915
28316
101444
44219
28303
41344
17745
41383
44296
28358
28354
114266
59119
83491
104112
31277
16822
50185
58391
57372
25984
18926
49182
85660
41418
18916
49171
41408
17840
17701
119048
98304
24702
10615
17762
41607
70477
11880
41597
58528
19856
58487
17888
16888
36142
28482
47338
23909
39246
9931
31332
16869
58233
17635
84433
24602
118990
17657
72870
28173
28185
43984
16631
75560
16667
16678
44080
28219
57108
41194
49976
58237
19579
58206
42250
58250
54956
16695
50032
5546
16741
44924
52884
28954
17677
10554
37370
22288
7351
122881
7360
108036
44203
13750
28292
35902
8768
37859
53888
53896
20891
13575
13592
98111
37696
8585
29786
109472
37671
53738
29787
53739
17539
37870
8745
37839
53871
107996
13722
35844
87726
28335
44269
87736
28342
87688
13764
55559
104556
3657
24361
13788
24234
55512
68783
24379
17188
55468
20686
101418
44186
13746
5759
8183
36972
8175
58942
28781
14295
28769
114116
58918
17510
63751
42022
114111
13081
13055
58888
58900
34881
58859
110519
54914
58871
58877
58892
18186
62405
18146
94484
20553
107673
35358
6872
104669
17445
28768
101841
28821
53591
52776
28838
98066
55692
17421
19381
41917
41955
90706
118732
39755
104692
17473
7366
122879
35831
114556
13302
114532
59327
94434
35309
20826
56498
40494
14277
18106
76932
18098
48372
119434
14737
8123
58819
11228
28639
6158
107173
58797
28734
25063
10874
18096
25434
40853
20135
107171
20180
58795
33084
48973
72417
13286
27767
35283
18713
48986
18739
18720
48994
30095
109700
38014
53994
19430
63745
106606
49732
42012
63741
106635
49772
63797
49760
42057
26558
63778
20082
34680
113835
71694
24083
24097
24132
17105
35310
94435
59390
18797
49058
64022
5579
122731
35647
13559
55242
13587
13567
40630
87820
44401
87826
28453
56286
17944
122999
7984
87811
28431
44387
28444
40245
76779
4165
17915
84922
56574
40576
42367
5616
10050
83740
55308
19672
5601
72871
13617
55286
55335
5597
39404
10038
83723
55296
13595
13632
25280
40685
48536
62500
56657
25268
40662
28490
40337
17997
69346
40329
17991
83706
55280
42912
71734
26584
63804
55456
35366
58114
42086
20110
113887
71754
18856
11594
57239
41311
49109
63821
34057
42116
19518
42106
58134
63845
49098
55356
24078
55342
47496
55372
5637
5661
42340
86277
64070
5625
42398
5650
44084
13666
13673
13660
94894
28240
87616
44114
13685
28516
44490
14054
28527
18050
56368
24968
18030
91686
18297
4453
40713
40734
71814
79915
65179
79937
35489
24280
3548
47603
24286
101392
13713
28227
13690
6950
13366
122571
35424
58753
71798
19508
49846
63851
58151
63864
86318
4296
48337
18084
28577
101686
28629
66299
8096
28567
25374
56758
40801
40421
25022
18069
77210
4497
40796
71343
19759
50233
5757
86502
50445
64404
5927
42722
64390
34542
113689
58567
28501
58588
58598
71654
58654
42840
58662
58653
42896
71698
6081
58676
41743
71819
113947
58775
53876
41836
6213
113951
58781
113929
71802
58759
34772
6166
58749
58739
86683
42961
86681
20117
34745
64594
42995
71794
42982
58755
57759
41794
92707
41803
63486
19238
49503
41796
50700
95780
66190
29049
95819
8037
24763
98350
48095
105093
4116
17870
121951
64668
50879
58826
58861
52869
20121
34741
3185
3179
16608
71723
93825
6113
71712
34698
65854
73376
28708
52666
34631
34649
34619
34614
39900
38257
35388
31540
104759
31789
17573
104748
47796
29228
14828
106737
19577
63943
5518
5523
30347
13497
122677
7102
13495
18409
32797
25443
17132
31521
47752
109836
9038
54150
109850
54159
9035
54147
77203
18365
11189
25392
38175
96891
38195
13460
87380
13483
47748
65231
7094
43862
13488
82408
30271
96876
54118
106106
92313
18889
41351
18879
33311
22363
11858
57474
70438
57486
41550
49291
106688
49866
42140
58155
26613
3536
104495
39597
14826
3554
24252
39566
29248
36980
14854
90581
17265
39582
107348
34995
79370
59053
20337
26059
41506
18992
49256
41530
99228
57265
41326
49132
18869
57256
33279
71861
43067
119441
120341
18993
49257
6958
35455
24258
118587
104512
3552
30419
101605
28470
51118
20314
24857
56261
18937
49193
58796
71843
6244
40459
18104
3524
17193
31549
35348
31512
87860
14056
41772
26281
49497
5172
24742
31310
90160
47320
31331
47345
84650
24834
17763
4005
53373
5243
53601
96435
8449
37494
53603
56311
119283
10756
69338
40311
24905
98436
56285
24883
17712
3955
22559
8595
37708
104814
17636
3870
37664
31838
90897
47851
3876
3284
16739
47210
21042
17659
47323
54795
54825
9657
31047
38984
3245
31153
58997
31191
26924
50283
64277
5794
6239
16607
22609
37773
53823
82074
8633
53807
22612
48255
24945
107175
79154
6238
16594
16573
20203
34575
28511
44484
28522
14058
95292
52543
101671
28558
52539
28500
52463
50446
113690
58568
34543
34523
55037
47235
24630
3940
79437
72227
13198
6544
35083
13189
122114
34963
51071
53453
53869
40821
47111
119179
105037
4061
120485
85854
41675
96517
109431
37611
17558
17848
98372
24794
37743
8611
53790
18333
25363
36924
14400
114114
43160
122053
50990
40865
11231
18421
11236
25446
36943
99592
57922
5308
53940
37948
32060
32080
4097
45946
37887
109544
53829
58025
5373
27801
13307
30082
38013
53996
15724
38026
38029
28493
56216
4139
114576
43613
27820
13316
28968
14501
72338
51397
51396
20449
6718
51387
27686
107532
51367
35214
20424
51372
56017
3956
114418
13224
43433
59201
20439
6702
35202
6673
51369
37489
42184
19573
5492
8466
95987
66396
8168
36963
14806
53143
29199
14790
57137
25789
40323
69343
119389
18005
18015
4259
9062
38186
35535
20720
7046
13449
91701
18313
4463
25331
109719
54008
54025
82323
109750
54041
82340
54055
30251
54103
22837
49876
5471
40934
29093
29104
14658
95867
21825
14673
25577
57173
25820
57162
41232
37138
18489
91884
25576
18457
119851
91867
69890
11330
40983
56915
11340
25555
41266
57202
25845
49064
29388
96178
37170
48582
18261
25283
28944
25294
28939
7911
25312
27910
13375
55601
107749
7008
13417
109799
38142
54023
54000
114225
59030
51129
51106
59026
20327
34993
51123
118913
17646
3891
17632
3874
17672
3910
11374
31905
3939
28297
31895
90976
3929
96143
37123
5428
58053
5392
53236
37028
119682
25368
7966
14527
18458
40911
25489
4587
56878
25495
43614
114594
13329
13336
119289
17907
4168
8911
109723
38040
77022
62431
32562
11004
25202
25181
22737
8820
53927
22796
53997
49841
58138
49875
5451
99142
41223
53315
37134
20611
65161
6941
54061
38098
11036
25235
114644
27942
6989
72616
114714
13403
109762
38088
54036
30157
22842
38076
55021
31205
31226
109782
54080
26594
19481
26571
119252
4135
20269
94039
20294
67360
82468
23001
9080
56153
15943
38255
54220
9102
31194
122080
20279
85498
25829
57183
41249
33189
20223
34869
18042
49101
109803
54110
9028
56098
17776
56103
84538
84559
98314
10618
56116
34912
20267
39508
24123
10122
55417
10108
55400
39479
83922
55467
39530
18128
48390
48374
76933
40499
25083
18130
32480
4335
48406
76937
48378
28789
32513
4360
32496
5817
19833
5809
71463
58506
42633
58514
5851
42560
26927
19815
4302
25017
48314
37686
62425
40809
7973
3325
9808
65628
21204
24813
56227
36088
21209
21225
14359
52782
52752
52970
7981
48424
40525
10933
32487
7805
52746
76767
76798
17941
4195
101057
87358
101102
13457
90665
47664
47697
121450
5782
56558
48468
77014
32520
48463
5841
5674
25205
40620
48505
44332
28397
17805
31247
17755
62548
18276
48596
25323
18291
48611
76904
48346
76914
32411
58421
19775
37906
8801
17154
55438
55495
104416
83919
55465
113802
39012
42767
5971
59143
31307
100698
114319
59129
100728
13200
31333
17032
24074
10065
31435
47460
31348
10118
47504
42724
50469
19925
55401
55319
34577
25358
40754
32712
18483
48778
110983
55545
70444
57493
70464
26107
55579
18252
120474
5102
26665
42173
58179
42107
63880
5442
58171
19535
5456
34089
49885
14131
5106
5132
58161
49883
28382
13867
26152
18864
70255
25913
55178
39212
31316
55176
31324
92049
48924
83612
23949
47386
31357
94290
6632
51286
114399
13219
9977
31361
41006
11366
18576
18566
32951
55486
97915
104499
17234
31569
17242
47582
17909
24858
10719
76782
17917
17938
18628
41084
18605
48881
7645
28537
76765
69309
24869
17926
31380
31376
48848
120520
57639
41699
41691
26211
111040
17360
111059
10320
55637
49376
26190
26188
90711
17409
104641
31710
55747
62434
48486
14334
47306
55153
39185
20126
20303
107323
34964
86203
42254
49984
106826
50100
122103
34957
53755
22536
22190
55234
86333
19753
5718
42472
71322
53699
37607
8520
37652
8558
58394
19707
44455
44467
28496
28505
14031
123008
21155
13954
20251
50944
38955
55504
56310
52482
110400
38799
44175
28278
13740
59071
83560
55164
19025
5012
119535
32505
10950
40534
37957
22736
15656
49872
58162
54064
30222
15797
113865
71726
6052
15675
15687
18077
52708
21441
52687
34928
58911
114127
27405
91552
32548
56575
11003
84933
40589
27427
123046
28323
101618
14003
19004
4993
101504
44330
87790
13898
49215
4968
22815
8893
19462
49763
34724
41677
5111
41841
57840
49565
22799
38020
49715
99247
41366
53427
22215
64489
34636
37313
8341
22239
85941
41780
57751
26411
49621
69409
76905
18075
80808
36360
18057
115615
14242
52669
101787
101832
28758
14346
52771
52784
36481
28762
36414
40462
62365
4336
65902
7802
36423
13527
98086
24410
53563
22328
93711
34609
53550
22330
96355
22301
34572
19951
50549
34605
26448
57965
49673
15131
22196
53587
15282
53368
8296
22149
49021
119402
4262
18017
47686
40338
76849
17998
98460
32306
18002
28608
17994
39939
55946
18633
33012
6253
79158
20194
41118
11426
18638
33009
11499
25762
48988
47641
121799
6096
33007
77399
25680
11430
41125
48918
56314
18624
77397
48916
42075
5423
107207
71841
27266
6199
20161
32934
46122
15769
8946
20170
109720
82304
8953
93866
113936
58763
109773
8961
55818
49028
92130
18728
49003
55244
9972
39315
83672
39351
39354
104885
17700
98245
24635
17733
56058
9929
39242
40696
66073
7895
14439
17570
47810
39864
55877
14380
13203
72238
59165
37687
41753
112795
26268
55809
9914
39217
31297
16842
55171
39215
23874
5201
52806
7865
14383
28882
28892
14394
101938
28890
14391
14363
115716
28833
101886
55851
38771
54726
30983
58707
42946
34728
20318
21902
8139
34889
53162
13152
72129
6525
37039
8148
53135
53237
48836
53155
41120
45307
29293
53235
21962
53194
96042
8199
29269
14875
8194
8197
43011
93881
34779
55259
107487
35180
51342
59182
35156
20405
9924
55169
31314
6560
20365
11310
40964
19513
106669
49830
28686
101771
21445
80754
123211
28723
80826
21430
79633
51406
43503
94364
35238
5434
49851
58145
77011
4366
48458
21497
94311
107520
51393
59249
43492
94355
35230
35198
8084
20305
29043
45035
53001
52986
100679
59105
51207
114279
114313
72190
35105
36239
114143
58947
43188
21296
43172
20275
64743
34915
79254
20262
18406
52989
7998
7847
52809
44885
52852
8014
52866
66223
29083
8067
18367
25387
40803
9968
63735
63747
19431
49728
63772
19452
58023
87863
21313
11212
40845
56803
11241
56814
40854
94360
35274
27755
8045
32830
69816
40904
18492
25517
40954
79101
64626
50848
6225
38227
15929
94405
122433
79694
6760
35266
27736
94206
51248
9906
57814
19346
57872
13190
59107
39147
9872
106507
19343
49612
41883
57891
77121
18268
84998
98733
40683
114144
27418
4460
40725
114133
58980
27447
15751
20426
114450
27677
52847
28798
52738
71693
6090
71720
6111
64632
43042
79121
6203
50821
42994
93886
6179
37211
22150
27805
35313
6824
53568
84378
10508
17644
39937
10535
7350
13703
35813
7299
35758
20795
35755
35599
19205
57728
26271
53828
8654
22602
41757
109511
53785
35775
39856
10498
109539
37767
37757
53811
37678
53752
20774
94348
6696
107549
114498
59288
79676
20468
35270
114459
6739
35265
94610
107798
65225
53529
35726
77377
29242
96006
21970
10479
44032
35746
122687
22516
53733
123246
28773
28740
111035
17355
53495
17347
59389
27818
27783
122488
94462
35336
24141
90436
31503
59369
72462
43600
6810
47691
55430
10009
31389
35204
114713
87346
65198
72598
114696
35518
114764
13441
68662
111011
90632
118651
31604
17314
20480
122439
79702
20492
6768
104575
17327
53483
37316
53467
6774
28767
53681
53504
8361
8372
37581
53686
8360
28002
20732
10394
118767
104665
10405
35601
21953
29201
21923
122668
7135
35625
72706
13472
104548
55592
111039
68755
24355
80040
7103
35573
41571
81886
53622
37523
8469
53607
94578
51689
20677
8330
107756
7009
20688
24301
47634
18563
29180
21906
42640
58529
118761
47707
55734
10374
66324
53124
21879
47720
98090
10387
17406
10375
104595
55684
10379
36904
21900
80036
35587
37320
8345
95989
53184
6548
28544
104401
17109
100924
43616
6852
28589
69344
40327
28572
53257
118346
104317
31438
20459
58969
6424
13111
31182
13089
64754
34929
43556
27760
35279
21546
31479
55478
10160
35292
35302
81493
37071
53259
37085
53272
53265
94512
6898
17178
17201
72298
59211
20425
6678
114635
6979
27933
55538
90544
3541
55498
3533
17222
6697
80762
21373
28651
29378
53324
17243
29381
53330
79397
51160
94175
35035
29347
14984
8261
21667
13352
94518
79842
35406
20585
79830
35394
8278
29512
53486
106871
19715
58380
21744
29508
53481
13317
20527
25750
41202
11501
8232
53274
6626
28685
41765
96228
53393
92180
49072
37186
41255
57179
33194
90556
17245
65826
28666
80764
65840
28690
80780
52656
36311
28662
28743
8683
22629
37808
53847
49481
5179
19279
41813
53415
122408
20460
118637
17301
39441
6744
37227
53397
17312
17292
45506
53430
76898
76929
32427
28731
104490
17278
53362
22124
8285
114316
59164
43394
55488
51661
20628
114329
94278
107490
35148
107452
35103
14671
66252
53050
21824
55565
111017
10323
29543
53523
21796
47653
10302
104514
101072
43799
13428
35506
58387
41475
26022
63182
49219
37389
53542
53559
41427
41440
25991
15248
53538
53526
94603
51716
114342
27626
35159
53589
29450
8315
35195
6992
101025
43742
35477
94516
79839
107712
35468
20637
35154
42587
5815
5746
69843
25504
29111
14682
21833
21867
68780
10358
21851
8074
29058
102098
21829
72620
87348
27959
114718
7042
35542
98059
10357
47665
13484
94672
35559
58733
58515
25604
18589
48843
58166
34119
58196
16011
56988
41073
6326
18583
91923
11387
25618
8166
53182
16725
43195
72030
94078
34959
6407
42314
58296
6377
5723
19746
122630
20703
7031
27982
53242
29299
37038
53245
64798
6434
9207
16074
23196
97115
59069
6527
98074
10371
43898
28077
58517
110099
97135
16196
9342
16236
99137
41216
33136
53302
8250
4818
49023
41222
30728
9334
16226
68163
16805
55093
16150
6633
20835
80058
28102
122672
13547
7157
72787
28108
86338
19736
50204
58401
58412
30775
75168
38612
9407
28086
122737
35657
28117
57165
25830
41242
6549
57208
41277
28130
18805
99180
25844
85502
25834
41256
19780
58428
58430
58457
50286
58462
12694
58469
18822
82909
38615
54541
2997
16339
7195
20905
28146
28170
26954
58500
42613
58507
13028
93975
50922
64695
6291
18446
11262
40888
45080
53039
58847
93874
50792
107178
71844
107229
6246
16628
113977
58830
93973
6288
5548
29132
53079
45048
8021
53010
17629
68993
24580
7252
24520
73488
28905
52837
14419
21622
52871
7925
25336
40746
36664
84263
55810
39803
24491
25355
40764
29018
95742
52944
36533
36514
11065
84965
40648
36560
24439
28935
14441
10982
15347
29654
53630
37514
53642
22410
22429
25232
84971
11045
21424
7768
50863
58815
107213
34816
53836
109537
22599
11477
57096
18167
4374
56544
40546
10928
18845
11611
18804
85496
57180
40716
57205
99211
41302
57242
91688
18299
56697
40726
57234
101924
40693
62549
25326
40724
40718
85506
99177
41260
56634
25266
40661
41234
85500
41250
11548
11531
57155
81572
53331
57164
12767
11265
40891
100951
59432
13335
43621
59398
40951
56886
119838
18508
25543
11307
56905
4636
18529
25544
56921
56795
11197
40806
57069
56799
40833
55217
9927
35129
35096
79465
100737
27588
39260
56617
40645
119627
40703
104330
31445
53408
77100
56668
25293
40699
56743
40769
77147
11170
40762
56679
40710
25338
95731
52937
40742
6714
13251
59265
100854
27724
40877
25450
56835
56845
40890
72447
59363
13301
35298
6787
27776
40924
6794
59346
27781
18451
40894
56875
40933
94393
72446
43585
59362
27793
20451
43510
27714
84842
32494
4349
25090
40500
56950
35183
20414
59206
27652
27674
72318
114439
27665
73492
28865
101912
28929
14430
28916
17145
100939
72502
114598
59459
101809
21482
31573
90558
17246
65939
28811
42215
109857
54164
15908
74750
89180
15899
54168
96920
54176
82492
15941
100894
114541
59343
6804
20515
6818
10106
55396
35258
54185
15930
15954
15959
17384
14065
52537
7638
119301
40319
10386
17423
17266
72689
87396
7089
35582
90530
17212
90624
104559
90680
17369
53476
8339
53446
45502
29461
15127
22193
58382
64168
19718
64150
50160
52920
14479
57826
12115
40756
73528
28976
14497
7946
25354
41852
57823
85996
41845
26354
39393
122381
94359
35234
6699
51398
39372
58869
79220
34887
66078
52879
22446
53635
22424
122026
34898
29001
73565
52995
8005
29030
14574
71370
50263
8694
41849
29893
22641
34893
18820
41288
57228
11583
85507
57195
49258
85729
57434
40692
91619
119653
18242
11070
8381
11798
85705
57409
57250
70405
11790
26033
57439
63186
92396
11817
106220
19007
57426
92485
26144
26125
57539
53023
41611
57554
29031
14575
36788
8046
53006
11191
41724
11993
19168
5131
41689
57638
29023
8004
29037
14581
11198
11115
50305
42652
58527
50376
5907
50417
49619
5254
63635
19361
5269
9309
38524
16214
58509
42616
50372
52912
28995
18320
4468
91697
18309
11149
28983
14518
54040
82338
15788
74630
30190
54054
35261
114492
59279
6756
27740
107547
114458
59284
122413
79671
35264
35070
50419
35250
59289
27728
29095
36804
53035
53854
8713
22650
30372
96908
30363
54203
23013
30386
15952
54213
96957
38258
23037
38248
67414
82542
54241
99209
41300
25857
49069
18815
85890
41726
41733
57686
24050
70249
41322
41342
57271
57698
15299
57451
57445
53814
99506
33770
41810
41802
57780
57621
18484
40942
11275
48941
8226
96061
81454
53244
25672
109621
53913
5232
8772
53903
22688
41114
11422
109615
22689
11287
19267
49524
41824
19291
57796
66240
66275
8081
18493
40955
49514
5200
92765
63533
49540
26331
57819
41040
41776
57745
26363
57855
57889
11376
11378
48851
11404
49750
63766
22795
37962
53958
37973
8851
14888
11437
22765
41881
49597
57875
63624
19352
5258
22710
40972
11322
18701
41162
11448
120549
57683
69886
11327
22723
22733
109658
8818
8811
22727
15102
22173
57245
11598
92197
99213
11599
12699
23243
38507
82801
23249
16184
23247
22717
22738
75031
9824
16767
27452
59005
114232
59039
51140
42536
19794
38482
59044
51143
34998
35006
67671
23306
23305
41548
26082
70422
57462
11847
107386
35027
67707
9364
38584
58571
23315
41884
57880
22701
53916
37861
8760
57908
25583
53132
29186
18259
62539
25313
40709
29137
29146
71501
58537
50409
58545
42673
11357
73673
29195
17709
119027
40057
69119
24691
34871
114041
13022
84564
24720
17767
6300
33515
41562
11813
84565
24721
30140
24730
84563
24719
21940
29217
14804
29221
58612
42780
41290
11585
37221
53384
29431
113746
42771
104911
3960
20264
114107
58910
27391
4216
58165
58156
114811
35616
104644
17412
104646
68838
55755
17433
7684
90656
104590
36337
7756
80812
7759
56319
101675
28561
56340
119340
76810
48222
17953
10776
32284
56342
118967
17637
104823
17641
24919
40330
40318
56337
84399
55932
8219
53252
87876
44594
14141
28612
17972
119356
48284
24983
18041
40371
56379
28615
69372
56383
29105
9123
54250
30442
19111
53060
119647
18235
98693
56622
25208
40611
98664
56589
119021
17687
84935
98666
56590
17676
56862
25497
40939
69832
25492
11273
32838
28673
42371
58337
41925
63643
106532
49635
41922
42380
58342
86353
58332
19088
41629
19109
13331
59414
27840
16817
83505
55114
16793
68133
16776
101496
104018
16729
56070
7412
82255
37989
19396
86054
57976
41958
12236
41968
12271
55489
21144
28361
13705
28250
3558
28373
4034
24728
52301
101518
87757
28369
42843
58663
71657
20033
58689
26182
41650
44261
28326
16621
7480
28352
97901
10169
55441
4146
119279
17898
48168
40250
57590
41657
75515
19973
58608
76781
119268
17950
28560
25379
18351
42757
58599
19959
6815
114565
59419
79825
94505
6888
59431
43650
94490
35373
3471
55479
3483
20571
90477
3489
55505
6917
35417
10179
25877
41286
57225
18846
101870
14378
28885
36530
42143
5465
9027
54086
9003
109815
38163
58122
109452
8549
37642
53729
26225
33654
41694
38126
49865
22489
81958
53692
85839
26172
41648
42069
58090
22508
53726
58115
13806
17734
39786
55792
55697
13582
55829
104645
39745
55752
55803
55839
40676
115713
28831
8982
42148
49717
41998
58009
46132
18759
49785
58097
18099
28737
41661
28999
7974
4487
18346
58582
19942
16894
47355
122398
20453
122406
79661
51437
35252
55320
10036
28466
87831
28504
64412
5936
19933
58586
34558
19932
122395
6719
20450
10035
39320
13218
122307
107497
6631
9965
58561
19917
57923
49628
83665
10011
114436
59225
122356
35208
55272
9990
93675
5954
50473
93663
19945
75562
31152
55307
20432
8834
37974
37984
22762
41992
58003
58001
49698
5332
63713
19418
49693
57991
55223
35134
3371
122261
79489
30742
71487
42641
58541
12757
2954
30768
54409
9295
23242
9392
30791
55271
9989
9985
83684
24022
43498
54029
38064
58092
28757
80860
7790
28787
56522
40530
27931
13376
114689
114755
87373
13432
55625
104539
17288
55607
25191
40592
25130
40549
40496
40508
18063
53251
30085
8892
8211
101786
87944
28701
52652
7755
28715
25041
40448
119251
17879
40227
115514
28619
52599
101660
36242
28591
40344
18071
48342
76917
48359
40456
40485
123257
52701
101723
21393
28676
36272
28620
28596
28597
40411
76856
4258
101692
52619
36284
48301
24994
40397
49735
63758
5339
12265
54002
8863
41878
109593
53890
29945
57890
106846
64126
5678
19710
16071
109993
30547
43583
72433
59348
72503
59418
58915
43170
63723
42178
82410
46209
30275
22644
57861
15780
49795
49816
19493
54988
75574
9763
40260
19671
30588
58061
30318
19646
58177
96870
109824
54138
30294
75570
9761
31151
16661
109770
54066
38987
54947
9766
49741
54035
38073
29174
102194
21941
13391
114702
59075
72149
43324
114309
13176
35060
79406
107392
59114
75140
30779
113667
86500
19923
64447
19976
5980
12842
58603
19850
42671
86014
12164
41816
99552
49582
19318
41865
12154
16477
97356
30948
54697
6132
34729
30976
23494
83019
9480
23407
34906
64734
34919
64714
43171
20268
51020
64787
107316
51066
54407
9278
58481
59025
94133
79363
51122
64323
19854
5469
2993
30845
23370
122401
6724
20454
35247
58644
9467
16383
75259
83004
54613
23400
86330
58414
42491
71330
26857
58404
58876
43124
83902
55454
20572
72504
114599
59420
72527
13339
20578
35396
19771
58455
49287
41545
122904
28307
20202
107212
113981
114024
58835
58844
43090
16602
87698
28312
28340
57402
26021
41474
4990
41487
104662
24465
17477
47740
13548
28111
7167
122803
65356
28197
7192
8347
53456
41356
108034
87680
28291
28283
38705
54669
9520
83026
54636
55749
10381
122665
28094
35618
7129
104551
118636
17300
7016
34621
42814
58642
3013
3004
30858
16365
53853
22648
109581
8724
57870
47687
17377
53114
18479
21846
29135
14702
26407
28267
63777
5366
11297
25515
91878
4646
56923
14705
6705
39425
24066
55327
55321
39400
93807
50697
106549
63665
19406
41950
10017
6684
43448
10007
55263
122329
20412
35178
29044
14595
82259
22775
22754
53966
41965
41895
57905
63662
5291
91731
32740
18344
19364
41888
26391
20131
50771
107167
50815
82314
8941
42042
58070
49799
19482
5408
95939
8132
36884
73645
29157
29171
14736
58031
53974
15698
30062
22788
53985
19425
26493
5379
38215
22977
35239
49691
57989
106747
19585
74763
89187
30341
22983
9995
49759
58063
28179
43990
28162
7244
5387
49744
58057
71813
50797
35290
54861
58821
55406
24127
55388
35323
100855
59287
114496
59330
79717
35301
18011
40351
71280
86319
19731
38418
23174
82656
30437
9147
50099
23083
16100
23181
23082
30233
38133
22894
22852
122642
20727
51771
35547
35540
13451
28008
58338
49107
4862
33226
37229
53389
41284
101075
114753
87372
28021
28028
16118
16104
16109
51467
122444
51489
20495
94428
6780
59333
27771
59276
35257
94381
79705
35294
35282
6757
72646
27978
53634
22412
37530
66875
22423
53671
22439
53661
37549
26128
106272
19077
49305
26129
11886
16190
30705
9302
38515
23251
27925
86193
58226
57597
11929
33589
19112
49350
106222
120408
11894
41531
5022
41584
11852
41193
90490
118498
104451
10228
79773
107659
13351
72522
43663
6908
58199
18727
18712
57102
99114
41195
70260
41335
57263
120246
49124
70251
41325
97146
23266
67641
38516
19846
16219
16216
122692
20871
28131
31554
3516
6922
6884
17251
20622
35452
6974
51575
35382
6902
79918
6973
30339
89196
15916
19639
5549
58264
16259
104940
17740
40044
56052
17726
13904
40153
17771
98286
84528
40054
40219
40048
28424
101567
28472
52502
76734
21256
28450
28547
76841
69359
119392
18008
48274
40367
40231
84604
98348
17864
4121
37841
8715
53845
19285
41819
49519
85977
57801
17927
52512
44505
28538
86379
5780
19798
42542
98439
17965
65760
28575
25540
56925
11336
18454
119844
91861
32906
18514
48248
56346
7662
44540
28556
56917
18524
18407
49451
57722
26265
57699
41771
57730
63454
49475
109528
37750
37736
53795
5181
26393
57755
41792
41807
112841
57776
28151
43956
7198
20482
55377
109835
109846
96905
9091
9061
96922
4048
17798
84597
40126
3259
47188
54981
79374
35002
6475
51139
55096
9693
110464
54834
110469
9673
9696
54868
13165
43327
31267
47267
3339
16806
51147
20336
3335
13156
9904
55136
114267
27504
20340
118953
31845
104820
3875
22653
8728
18304
57860
37817
37802
53842
82134
8712
21690
7950
4472
18311
28320
71145
58268
84592
24747
40112
58730
71753
64581
6123
113878
58714
83049
54678
23459
55068
6520
51158
55113
39946
94451
6814
72445
114553
43584
59361
27753
31025
9639
43559
10077
55368
79731
20508
72423
114536
59335
73676
29173
91963
18574
18522
107250
31156
34910
50987
43151
96023
8190
53187
18585
43200
58961
43211
19409
49706
5320
28231
49756
58080
82332
30178
30195
43205
38041
30105
63680
19413
26530
30094
71965
114106
43153
54667
38727
9514
16434
6084
113845
42880
14436
119602
77096
119620
18274
40694
113827
42863
2171
29582
29573
81900
53639
8470
53608
41553
29607
41639
57543
19094
53532
37377
29546
29677
8472
53648
37541
19071
106191
33450
4984
18988
6091
30842
9437
50539
9386
2965
75157
9394
12807
9351
9412
58742
113906
43006
58768
93626
19919
3129
16530
110421
9627
86729
113953
43016
58789
41022
29207
64105
42409
19700
58386
54297
23121
16052
50508
99575
19354
37914
22708
19358
26423
55309
37253
53442
8322
33330
41365
45510
53438
29490
26096
11853
57480
41543
53579
49283
85764
41547
24543
29075
67687
12788
42696
54467
29151
8118
29177
97476
54879
29097
16261
30749
56849
40905
9384
64791
94087
59012
54894
114625
43668
94524
79847
6912
43121
34867
20229
9755
54926
75280
16373
30941
54843
75502
54874
23642
97510
9724
54923
104487
47577
43712
6948
100999
27903
59443
43929
13530
7134
104637
7137
52154
44181
28279
55000
64783
51061
20304
59015
3293
9805
31249
55062
30183
28274
37012
22691
29950
37881
8740
55061
7139
42341
85655
41412
25974
57348
57357
41409
38687
9504
58684
75296
54666
9518
30915
113830
58674
13754
28286
63666
19382
3840
39861
3302
120259
49135
14449
115770
101931
28934
18800
28451
29029
18360
29007
21716
73573
14550
7983
52968
29028
42347
22414
37542
8477
81926
53670
37558
29684
57599
26177
57577
11525
37189
56610
29742
53716
11941
85900
57690
12003
41712
57651
53711
29757
37633
29775
53727
42490
38399
9213
29849
33172
8267
29359
42832
12863
58649
54618
10403
39725
97338
38680
58188
58174
42166
42792
93712
6000
71671
113816
58665
97331
54641
23271
82833
30762
86514
58576
28249
24590
55948
35853
39774
9528
16437
83058
54685
16408
42920
58711
71740
30945
9535
9580
3051
75344
3087
38740
54689
6061
75310
9531
30942
30964
9555
54700
21618
101932
2983
18682
19246
122862
52091
28888
14388
4399
18209
9512
67846
58721
8026
29040
16336
9428
16409
30908
113820
58669
42930
58710
54682
89739
30952
34707
42921
34695
50683
86665
42940
58720
7994
29036
58726
34658
45038
95812
21777
29050
9539
16446
25449
29085
123414
29041
8027
8050
29062
41337
41309
18855
120403
41583
41573
57507
19068
120433
49335
43348
72197
43355
59138
3359
54650
30928
9536
34671
6057
40258
28483
87839
14061
28525
53818
29847
37758
79646
35241
20445
7122
37878
96975
30466
56252
17908
21264
28515
37845
33604
26157
57578
8504
8481
53662
37560
53656
29686
41647
26171
49354
105679
18440
19824
25007
98549
4310
18072
40446
101742
115598
28703
71356
42528
58436
43141
119843
105703
91859
18512
14261
28728
18511
48805
98543
119416
48350
40444
119933
11414
77401
48920
25658
41123
33036
48917
18661
18164
119559
18217
71626
113782
58635
16351
54596
54497
9387
102206
14759
53742
29792
58288
8380
18931
57341
41406
29504
94297
107506
27691
72308
114400
92491
49332
94460
51536
27834
13321
94417
43601
13322
87752
52330
87784
28398
53448
29462
41357
49140
26283
57723
37707
94481
6856
13333
83857
10113
100921
13314
10079
55371
10060
13290
59338
13249
122384
20443
119396
18013
56357
36232
28582
56470
19658
50076
13917
28416
64077
19670
50072
58321
42336
50063
71167
58290
71180
42304
50046
58172
109810
9010
30238
57602
94317
20419
8294
79946
20674
6995
94583
35485
13388
6971
49437
53374
8287
19847
16221
75112
9353
50393
19888
64370
50432
19501
49855
16229
58539
96880
109837
54152
5490
42181
63437
106379
33703
49455
41759
57713
19875
87593
13704
87604
28255
101400
87655
28264
44148
66137
7949
119648
77163
4462
20994
35798
87609
28226
17556
55835
3816
104717
35776
44071
87611
44109
30225
99595
49642
99589
41919
3795
28181
44036
3801
24495
44019
37980
8839
49668
19408
35793
44097
56968
4678
52468
14038
4171
14055
14728
40990
69906
25560
32911
18519
30361
42343
64050
50071
89250
30432
25553
58311
15967
30415
38946
9728
54932
105713
18476
49323
57538
98448
56298
40291
98450
24881
17931
64136
106849
19696
47521
55421
20535
13325
35330
37477
53600
22368
29627
41979
19428
49723
58017
63731
86062
57988
86067
41975
25842
53375
37179
8276
29605
40776
119681
48641
18337
25821
53350
42172
74676
30249
38160
82432
30303
41246
49054
81588
53341
8264
54794
9641
38847
31046
86704
34787
9679
54821
30191
18413
37796
8696
29834
29882
41825
53835
29889
63651
41940
35684
72831
28141
22712
29992
37931
26036
2173
29585
57447
19000
26090
26072
57470
29356
8252
49269
31370
16920
31362
43411
6640
55247
3386
31368
71845
58806
9682
23588
3153
16577
3159
9668
3154
83592
39270
55213
31349
9943
16896
3387
55243
97942
104534
3573
17271
110971
55528
118508
31548
6932
59456
35409
72532
13341
20220
58829
20215
13212
83606
3383
31354
79212
20235
43140
16489
67818
75331
16429
3037
30307
28370
44310
6636
100789
43440
9937
9911
3366
3368
28381
84551
24708
36002
83883
10142
66310
8105
29136
32807
119810
18482
43074
20205
31160
9767
31184
54628
42799
19983
14584
9635
38843
54789
16557
3136
31040
9469
19993
8688
53852
29905
30214
106757
49986
41974
106569
49682
5318
38051
30115
83995
55535
6940
118537
3527
58169
110976
3567
13411
3564
3540
41945
49669
37992
30231
49892
22758
8831
30066
8880
49818
42090
58119
58225
30311
31019
10135
55402
10090
6959
72581
114684
13370
110978
55539
3530
20530
35335
10082
19849
50512
94411
114520
122475
35322
42555
86417
19837
17174
3512
35299
83804
10075
19760
58443
97918
31571
47584
118451
17124
39505
58682
82977
30895
3034
3026
71706
16405
3033
39043
55018
9796
16714
9787
31180
9783
55418
24163
37452
55428
10130
100946
43642
30959
6127
58719
16401
9470
3023
13338
43659
35577
35586
43863
58641
34938
43194
16705
31169
9777
6930
43767
43186
9771
43877
23099
23030
19624
31126
19792
55613
13455
43808
35296
20506
114544
43572
6783
20503
43566
6726
13298
6785
16376
30882
43589
42987
3118
31008
10092
72437
43595
30849
19830
86410
19818
5800
20073
9560
92125
48998
18723
9861
40401
5756
19777
20370
50281
5761
19782
3005
30870
19763
19767
83501
9855
9833
42473
19743
19681
59116
9895
9316
54428
30706
58984
43233
29258
119577
40650
25231
56640
38614
9429
31475
19864
8732
7158
50394
58540
54527
9395
24644
96150
37132
53318
87804
28458
3970
3994
24677
29227
53169
32969
11392
25624
36959
13115
29222
29230
14816
29236
21969
13941
56191
41166
18703
14972
53283
95932
21891
18766
25812
11539
25802
92143
48982
41236
15044
53339
49044
4809
99136
41215
57132
29328
14947
29317
53286
8240
81532
96131
37111
53370
53381
24854
56303
28564
40308
24903
17881
76748
74905
16033
42413
119272
48161
4173
98444
24874
52461
24860
30427
64129
50153
4145
76757
24863
55139
9881
3357
13148
24785
4100
31269
83510
39154
21267
44482
28520
31301
83565
39202
23871
83536
39179
55161
9903
59089
72192
100693
59124
13179
114321
43350
13175
59106
13172
57218
41292
29418
45456
37215
49103
13183
87866
28585
29372
13168
18913
33363
57333
18888
70256
57270
11660
24055
72354
27698
43493
59308
70366
25995
41432
29548
96341
37369
53528
72263
59181
59188
43416
13223
72243
100766
27619
41388
18917
29538
53516
9974
41971
122755
28182
53443
41343
81880
8451
72415
59323
13285
55363
10070
49243
29567
53558
43429
72284
59212
42845
34639
82982
69341
24911
76982
4348
119497
84915
25156
29320
37065
53263
37057
9370
7819
10964
25147
49036
37135
41588
5034
49308
26151
106277
120481
19083
49334
3459
107655
20537
57525
41589
26112
29663
9517
53580
29646
57533
120369
41551
26084
19026
37484
10748
47275
20341
35021
51159
13142
20418
35182
72256
43290
114272
43309
13164
9383
25128
4288
25027
73363
28693
65839
4379
70375
41454
29533
53511
29534
53514
8370
29547
15225
37368
84914
56561
84931
25175
8297
53398
28296
7375
3897
17691
48321
42583
84301
98147
118940
3849
47862
113924
42983
58756
6181
43035
43049
31067
16565
12976
67889
54718
30975
16330
91564
18187
25188
71269
86314
42442
58384
58667
71674
73460
115683
101861
115739
28852
3828
58444
42524
28883
54264
9138
42356
105032
17814
4069
94200
13202
92142
29364
54298
23122
36175
44488
52493
28498
32869
25522
43118
28461
4112
50875
4542
18424
121950
20198
58817
43064
9626
54785
29052
29039
45042
14601
6241
43047
9719
93902
107201
43079
58858
107199
57209
81615
8284
8274
37173
53357
57191
29385
31117
86671
58735
17610
29033
53920
8812
41963
106582
49703
19414
41991
17552
101376
28248
22833
8923
30126
17614
12995
43061
29088
71822
93885
64623
34800
79127
50827
36164
7621
17287
4233
95313
36225
76925
18091
28650
21358
36293
7719
7128
72783
28105
17441
4264
62256
18025
7711
17458
50330
75042
110093
82758
23250
7727
7202
53923
8790
24485
17526
36320
7736
58525
58520
42629
54259
9157
58353
50116
19676
4119
71901
43103
19679
24804
4123
28643
24980
24951
13196
56840
14649
9645
3142
29118
58868
8328
29481
25616
18621
4699
18610
91983
48864
29216
4648
18547
41008
31154
107236
13058
76852
4250
28672
14199
52632
69360
24966
98508
40360
24957
114402
43423
35163
3381
72271
12375
42100
5435
17719
4603
40941
29113
30264
17710
12434
58185
49884
42162
17697
122093
94065
58999
43237
29260
119432
4293
24999
7728
56423
9365
40535
123233
14288
44737
7792
36468
52767
18161
25122
56534
40545
4347
18043
25065
84848
10909
40509
18120
48428
48446
18147
40518
56519
28836
52774
28809
28782
7809
53619
63252
19031
18515
48791
14709
97491
47112
114006
58856
43112
16615
38935
31116
96107
8236
62915
25042
7740
18112
80850
21458
28755
84856
25100
56511
25634
11417
4137
36846
29131
76731
119277
17894
19003
11826
79740
35319
29598
18999
18735
57117
25765
57103
43243
13124
37074
48984
41184
107443
122305
6629
22225
57293
57319
25936
41379
53499
18940
57352
56430
40961
40967
18863
18887
57311
70301
41375
53447
33342
106125
18905
41376
42577
64295
5811
58526
55341
18899
70322
41396
29498
57362
70339
25966
41410
87617
28235
33490
5021
57455
26076
29647
29672
53641
43527
53534
29560
57460
41522
56654
3072
9561
54675
16435
3045
59157
122297
6622
38706
9505
28964
29815
22562
8619
29823
57734
22564
37715
53773
26279
49465
53783
53776
37711
37692
53644
38518
64373
34529
67693
30787
53533
99277
57393
41441
10096
104339
47482
10052
27750
51377
94351
122373
20438
18904
41447
5922
58564
10881
69471
18131
77219
119783
40926
25493
62709
32841
18462
102131
29128
54836
16559
59260
41462
11145
40751
7947
93850
86706
64614
43020
58776
86549
19978
3031
30889
20022
99515
57773
15542
53826
87582
43791
87364
13467
27988
13433
57934
5316
30117
44078
28217
16595
13786
28254
6278
41488
13303
5962
58591
19912
30855
113772
58626
79837
107709
22491
37625
16567
68992
98193
63824
30151
94854
101324
44069
72889
28186
30076
38010
41993
82283
53995
29965
41873
19340
37956
53953
13051
43115
38902
23603
30106
25399
77207
18368
18418
62665
48695
16478
35422
114672
13365
53745
53724
37629
85888
57674
19148
49458
109488
37693
53764
37684
92710
19216
49485
74360
29841
37739
53821
8808
53915
41702
57641
29743
37631
53717
41674
57617
29720
37602
25247
22705
7893
28922
25261
37614
41956
22743
37972
30566
4325
119479
18102
25069
62394
4351
99311
41516
2175
15286
22345
37433
7884
18244
41456
37383
22435
53650
99522
15551
37566
53674
81944
96493
37577
37572
41638
29681
37598
53695
118507
3507
96518
53705
26080
63259
5026
37432
29587
15276
8438
29676
19078
41815
29878
22646
82113
53850
106373
49447
41745
53772
29753
53707
57614
49391
13334
53632
92487
26146
29652
41593
100974
43679
13343
59463
20600
6937
3526
49420
41714
94562
35459
6961
13373
37697
37685
53758
41830
37834
29942
109609
37879
113938
43003
107176
34768
54800
122459
35306
94442
20511
6813
39556
114606
20606
8291
41305
57246
92469
33504
33495
49285
29608
36318
21385
115578
28678
119428
18055
4283
13452
49474
19206
92699
99507
37807
83670
16964
18871
41332
31378
59232
53436
13408
6997
37726
37244
29449
53424
24842
44414
28464
53451
114445
59267
72267
94263
53490
13205
70246
41319
45481
29444
37247
18361
7951
56718
18321
14541
24017
83630
35199
18892
100811
43474
37273
29469
27184
113882
58718
30949
6108
58701
42898
4028
30401
17787
4035
105070
10704
4149
19076
109823
67342
96889
15903
74775
15922
22998
30344
3998
43396
55195
31338
37214
8319
53406
29430
92188
18829
53450
29415
42740
19952
84839
40498
16794
94166
94205
35071
94187
43322
14902
29280
5427
28315
23803
9849
55129
29304
22026
37075
122215
35059
59085
26202
120545
33630
41673
109434
53708
94361
44942
52926
7944
12930
42966
27208
20119
6149
9608
73547
7975
109461
53734
33661
41701
28941
101985
7957
105065
17843
8031
29045
14606
4533
18405
18378
11205
95791
8011
25377
37412
85712
26027
70383
41467
53541
15228
29542
53524
37356
29505
45550
29513
33076
96098
53268
8218
29329
18190
4393
7857
77050
18192
18206
48522
32575
4392
29318
48979
120083
29350
41373
16981
47433
120325
18932
41407
56767
104887
119047
119124
4015
34704
67856
95771
21734
56792
40825
57812
41832
19300
29458
56791
11222
56815
31105
43098
21752
102065
53012
29022
105645
4520
18356
123423
7980
75164
9402
54612
18136
40543
14029
28494
29077
14642
29098
93911
20173
31076
54772
54801
9638
12312
58038
42021
42548
98446
4243
24946
42663
19863
9323
13715
3266
18582
29272
16711
2988
42782
62910
18711
48963
58855
64709
20237
43111
64718
6319
11406
29247
9815
22674
5619
28446
58317
54266
67480
23087
82572
30464
19669
71242
58354
83522
9875
53344
37168
30474
58361
49551
41839
76872
4274
19868
18546
41160
48950
58605
91448
32438
75059
29179
29200
29249
29246
14850
3238
91956
48872
67694
54493
28753
48367
18110
6124
71744
113879
58715
3022
4444
18271
42224
58597
58125
42772
11848
37543
9427
42786
49464
85924
57716
49459
88833
29788
45794
28804
3323
58357
67484
23093
28479
41435
85656
25971
18934
32616
40656
84966
25238
28903
16357
9439
22465
49385
118485
3492
68567
10161
72514
13337
20561
6874
53809
94476
13350
41594
109859
67405
38243
86195
19603
87792
28406
30674
7697
24988
30921
32568
119598
84996
25277
74394
29874
22628
37793
119076
17721
28327
13801
28321
98315
24715
92297
41387
49157
20409
34668
18295
40722
7904
20457
39087
55036
8180
48914
18083
76913
4311
119426
56460
50411
73324
28641
37347
19749
54413
23203
54554
64422
19949
19965
113740
58602
8407
57415
26041
86297
5657
50126
38351
53423
29448
82571
54272
38326
41850
90871
17583
55861
35704
7238
109856
54163
53865
41838
114741
28454
83559
9905
16833
5751
42507
29229
19657
87824
28449
13958
31685
26385
86010
41872
109576
49596
101493
13822
109830
67377
54177
9018
54128
15863
30274
91926
18535
119865
29192
25357
18308
40788
3109
16508
68132
83513
55125
7923
62523
18267
8238
114195
13160
18758
25792
5398
30174
30041
42000
57982
19420
58033
30036
85944
57753
35551
79976
114789
43829
43873
18911
37263
67460
82563
30460
58348
98320
56124
17802
40103
19580
9081
30337
28355
33125
45372
37118
53320
41177
29284
45293
37112
41209
57935
9588
54711
50669
19480
30088
49052
18772
99138
57134
8243
21186
87793
28409
5608
64124
37901
18312
16417
28950
94201
100694
72193
79447
35107
72209
13188
57260
18832
49087
57231
57217
49095
33234
41280
57229
83496
3360
57258
53378
29405
29256
8193
52331
87785
28399
29456
57283
13382
26244
57684
26246
29783
82009
37667
5091
57648
29747
29814
40653
48571
4425
113861
71719
57719
53824
37787
88908
29900
92759
106493
5234
29912
41871
15581
53870
31586
41800
37760
50545
72611
13398
33690
25301
57841
85991
41835
37788
19224
85975
41814
94480
107677
122560
35411
13345
72544
43685
22467
37591
65908
16353
58660
86561
64455
50548
58636
2975
54999
9740
42245
5528
109876
30394
120273
18882
37298
30458
106819
5593
19662
18826
18900
57305
49147
53462
105039
17820
42226
86206
19617
53721
29714
30886
54600
18162
13414
8591
18637
11424
14898
29276
18903
41371
8335
53492
41391
49168
43345
13155
49068
57187
53754
22531
29779
53255
8224
29295
8234
37082
49001
29278
14887
22004
8206
25206
19155
57627
29730
85849
57606
41707
106341
19146
22581
92601
41725
19176
85882
57663
53718
37643
13344
53710
49360
41645
29702
104203
31356
28408
19604
53301
29339
19534
41308
25899
49106
73558
7979
21721
7988
9606
29010
7960
107143
43007
16500
30986
69107
4017
43013
38767
3100
54714
21775
45046
54736
96900
38217
30332
19568
99181
57204
42128
24726
84549
56111
24693
104946
17746
9817
29312
16773
41026
48818
25581
54124
19629
105053
17833
38299
41175
96073
8217
29363
45389
29369
109495
53774
57697
41736
79994
51793
111016
24329
17322
7035
73520
28956
8551
53730
41695
13882
28391
19592
79331
20299
16742
28958
7932
52932
11125
18305
25333
18287
64618
43032
40903
25474
36809
56873
47280
68142
92073
29865
53614
3454
27828
87329
43734
7516
87787
13893
87779
28390
25825
4482
18340
56827
48937
33055
29290
25699
48280
18036
40398
65808
80746
36296
52622
57516
19057
18230
25213
18197
43304
39044
9797
18678
4731
25691
40631
65121
59446
35397
3491
36820
29110
8044
51828
7125
114509
59301
27762
37556
41626
107688
100986
72546
59477
87761
28374
17783
9757
55056
29253
29667
20201
121942
34838
17738
56065
73367
28696
18068
94436
11956
10154
49353
55649
22568
53798
29384
54252
26785
42346
71224
42364
58329
30448
21472
37961
9643
22772
37999
30246
17723
44164
58864
43120
91920
29234
54941
16679
71791
6175
9618
31002
9597
17574
57756
49494
19245
85971
12082
5189
22640
37821
38640
67672
9335
58546
53578
92403
41512
13324
43626
18912
41382
8354
53498
3384
53557
29566
19498
15809
54085
38118
42006
25567
16648
58903
114092
58896
43139
57680
41738
29797
37683
49422
85895
26242
10913
18180
40579
25161
5475
49913
106235
120422
19091
41665
26185
19125
57585
19421
14869
21985
4743
57045
22475
8524
29746
29733
99099
25730
57071
110542
9747
25585
56938
8103
28873
25644
57004
27826
3462
32318
18012
58542
17228
3538
29771
119442
32394
119451
18078
28221
22821
58077
38046
30120
38062
18113
72799
13555
29187
8146
36908
41041
56962
29100
29175
8097
56984
57907
37897
49581
21788
37553
41627
118489
17161
97904
10172
30799
19926
42725
41641
8984
109792
22890
82395
99285
41459
57401
114373
53500
11729
9658
31110
56922
25633
39024
54949
16686
41596
44989
7991
36712
101989
7963
69923
56951
18040
28590
54909
14724
29144
10793
18024
57223
29409
122277
35131
90566
17252
57693
37675
107779
122632
35522
24326
101083
13440
101096
43822
29194
9005
3520
41722
22520
11914
41614
26148
29690
98404
119314
17929
36226
54392
50207
42493
53651
17995
98424
105201
17947
4174
119305
56331
52533
49382
7067
45146
73657
29949
8776
49639
57924
29951
37891
119817
56885
9614
69812
56854
58812
54851
93860
6155
18389
63755
122815
94867
28220
59006
55117
9847
29011
45545
53482
37268
29466
53583
18997
19022
19067
57558
29635
37198
107467
94268
79518
41108
114659
43703
36189
28536
21248
28486
14020
54309
30512
16715
13114
34952
58978
38028
58048
18480
9687
21912
29188
35010
6487
13144
9843
109517
22578
29810
19595
19600
14049
17904
97014
30526
71915
58848
41840
8699
19313
104577
10365
122639
13513
56934
14666
29102
8060
6687
72169
114290
43328
110552
9794
16736
37764
42730
6295
114035
43091
41663
85840
57593
81951
53688
5968
58595
114626
59451
13354
42169
49042
41235
49010
11526
15034
37161
53345
29375
54282
30475
12203
29962
106503
19338
41334
29425
98361
24816
4095
7126
106429
92742
43316
110592
20330
43301
88904
29891
53203
36989
91954
18616
94037
51040
9778
86219
42243
109860
30378
86199
42248
63957
18160
25800
41218
49864
53363
47309
3347
30402
30423
106700
49882
19543
72168
72176
59108
9363
30773
98544
76927
18094
34107
58181
63899
82392
38148
58930
119827
11328
56939
41769
59092
9070
101497
87741
87767
28380
37180
9859
29537
37365
42455
5664
50133
96994
54271
9166
51449
35276
39432
10026
59239
54840
19512
18402
71838
43046
18488
56884
19261
29896
72893
28191
57995
41981
58890
98156
90883
47835
28210
37562
14536
28973
67813
58825
110463
9666
8171
19195
54683
9568
42986
122328
107513
20441
43501
59290
69438
56439
18927
29515
109467
8562
29761
49850
9770
31208
54996
58960
94456
35331
37554
119956
19463
9764
50421
28194
54755
3128
9463
3015
58668
16509
121828
64583
58748
16493
9582
69802
56842
58577
76869
4271
18021
30112
19470
49751
19397
58740
86369
58438
86307
19713
28627
12704
29570
16438
7909
83031
54672
83065
38724
9510
56530
18158
30608
17664
72997
28272
97489
16640
29183
25462
40899
18427
113972
58824
29065
8053
41493
55158
72126
114254
59064
13140
119748
40862
119762
56831
7866
16381
30865
9462
67431
9112
86222
19633
21361
74964
16119
9807
85904
26248
41716
57669
17226
114681
13369
24741
98333
40152
29351
109892
30425
13154
9852
113825
58700
56736
17811
30391
55050
58976
26114
57529
20769
80015
43874
6692
43458
37301
53457
109934
30470
40784
18324
28420
55211
29517
18921
29528
56914
47081
9688
48945
22002
19630
44369
29386
15083
29419
53372
29373
53413
30400
39247
8280
44952
28977
28584
29190
30064
53976
18953
25993
57363
30456
19659
42395
106770
19612
29400
53861
53582
71755
61120
83033
38726
12902
7926
19298
59055
114045
58853
43092
57398
26006
18960
17704
9456
106362
49436
3337
31268
59079
68152
110626
90344
16994
47442
100834
59263
8317
22188
33285
122666
13542
26359
19312
31121
53575
59224
31304
45365
37107
45348
29333
24240
35461
37825
24770
42331
9610
54733
16515
101992
73542
28993
41822
29909
86360
42518
18210
4405
91591
119625
18280
9611
113903
71780
29473
37218
29428
19417
73536
7954
54777
41932
37944
6138
67855
30947
77181
18335
25366
75311
9533
122561
35413
17175
101065
13424
87344
51724
49510
99512
19487
63829
119833
11333
40998
29160
16734
9798
17722
101494
13823
44260
96369
53552
8369
96347
8383
29527
58860
30981
109630
37911
53910
57896
37889
19328
28532
13498
111052
3669
17380
97031
30549
16081
80651
52544
21306
17960
8516
50972
16650
29235
29717
64429
19955
58628
8393
29545
100826
114471
59296
25954
119669
77112
25316
57868
29925
122831
35765
44056
16556
58842
57377
19651
83436
9809
55010
30903
82029
37694
29807
97947
17281
114731
13416
29593
18152
119528
48432
32495
40524
25105
53746
85891
57679
12014
49428
73523
44932
66120
7936
19317
57637
8290
53349
63450
49471
28986
21453
28752
6606
43375
3375
35543
114762
13439
42527
7978
14453
58728
119666
48573
7886
14420
7881
6064
38713
9534
86370
58439
50245
42515
24817
4140
9329
29682
53205
29495
37332
55351
55339
48956
21972
102210
29233
8178
59437
53416
64704
114099
13070
44187
28282
55463
37551
10156
63728
59086
55578
41693
53968
71742
41201
34146
19596
25439
95805
8022
37917
26830
58370
28407
25709
82059
109516
37734
18897
17491
47759
19360
55596
29780
37936
41899
57917
40315
119745
25441
8025
42390
86303
5675
19708
52538
28557
26094
114665
43707
29894
41804
41685
37623
55440
97157
100746
59167
7972
43054
29080
50036
109874
30392
11544
9187
30495
23449
16441
85887
41720
114558
72453
20541
4450
18281
31005
15898
54171
74760
30338