2954
2957
2965
2975
2983
2988
2993
2996
2997
3004
3005
3015
3022
3023
3026
3033
3034
3037
3055
3070
3073
3079
3082
3085
3087
3100
3109
3110
3118
3128
3129
3130
3131
3136
3142
3153
3154
3156
3159
3160
3162
3171
3174
3179
3185
3238
3245
3259
3266
3284
3293
3302
3314
3323
3325
3335
3337
3339
3347
3353
3357
3359
3360
3366
3368
3371
3375
3381
3383
3384
3386
3387
3454
3457
3459
3462
3471
3483
3485
3489
3491
3492
3507
3512
3515
3516
3520
3524
3526
3527
3530
3533
3536
3538
3540
3541
3548
3552
3554
3558
3560
3564
3567
3573
3582
3601
3615
3631
3634
3642
3653
3657
3667
3669
3672
3679
3694
3697
3795
3801
3828
3840
3849
3875
3897
3906
3946
3960
3970
3998
4015
4017
4028
4035
4048
4069
4090
4095
4100
4112
4116
4119
4121
4123
4129
4130
4135
4137
4140
4142
4145
4147
4149
4165
4171
4173
4216
4250
4258
4264
4283
4293
4302
4310
4314
4325
4335
4338
4347
4351
4360
4363
4366
4374
4379
4393
4399
4405
4425
4453
4460
4462
4472
4484
4487
4496
4497
4512
4533
4542
4587
4590
4603
4612
4636
4640
4646
4678
4965
4968
4990
4993
5021
5022
5026
5034
5058
5091
5102
5106
5111
5131
5132
5165
5181
5189
5200
5201
5211
5232
5234
5235
5254
5258
5269
5291
5316
5318
5320
5332
5360
5366
5379
5387
5408
5427
5435
5456
5469
5475
5485
5490
5517
5522
5538
5549
5571
5614
5620
6057
6111
6123
6127
6166
6179
6181
6199
6203
6213
6225
6239
6241
6244
6246
6264
6288
6291
6293
6313
6326
6377
6407
6434
6451
6475
6527
6549
6615
6622
6629
6631
6633
6638
6640
6642
6673
6679
6687
6696
6702
6705
6718
6719
6724
6726
6747
6756
6757
6760
6762
6774
6780
6783
6785
6787
6794
6797
6804
6810
6813
6814
6815
6817
6818
6824
6830
6838
6852
6856
6857
6872
6874
6881
6882
6884
6888
6898
6902
6908
6912
6917
6918
6922
6923
6930
6931
6937
6940
6941
6948
6950
6959
6971
6973
6974
6979
6995
6997
7008
7009
7016
7031
7035
7042
7046
7067
7084
7089
7094
7103
7107
7114
7122
7124
7126
7128
7129
7134
7137
7139
7157
7167
7184
7192
7198
7202
7238
7244
7252
7299
7300
7316
7319
7334
7337
7340
7354
7360
7362
7366
7372
7375
7384
7412
7438
7453
7459
7469
7480
7497
7509
7547
7552
7567
7571
7621
7638
7645
7652
7662
7680
7684
7697
7711
7719
7727
7728
7736
7740
7755
7756
7759
7792
7794
7802
7809
7847
7857
7866
7881
7884
7886
7893
7895
7904
7909
7923
7926
7932
7936
7937
7944
7947
7949
7951
7954
7957
7960
7963
7966
7972
7975
7979
7980
7983
7986
7988
7994
8002
8005
8011
8022
8025
8026
8031
8044
8060
8097
8103
8132
8146
8166
8168
8171
8178
8180
8190
8193
8199
8206
8211
8217
8218
8219
8232
8234
8236
8238
8240
8243
8252
8264
8267
8276
8280
8284
8287
8291
8294
8296
8299
8303
8309
8315
8319
8322
8328
8330
8331
8335
8340
8345
8349
8354
8355
8360
8361
8365
8369
8370
8372
8381
8407
8451
8469
8472
8477
8481
8504
8516
8523
8524
8591
8596
8611
8633
8696
8699
8712
8724
8728
8732
8740
8745
8768
8790
8812
8820
8831
8834
8863
8880
8892
8911
8923
8941
8946
8953
8959
8961
8967
8969
8970
8982
8984
8992
9003
9027
9028
9035
9037
9038
9055
9061
9062
9070
9075
9080
9081
9091
9102
9112
9115
9123
9131
9138
9139
9144
9147
9151
9157
9166
9173
9179
9187
9190
9192
9195
9205
9207
9209
9213
9216
9225
9227
9250
9257
9278
9293
9299
9307
9309
9316
9317
9318
9319
9323
9325
9329
9335
9342
9347
9349
9351
9353
9357
9364
9365
9370
9381
9383
9384
9386
9387
9392
9394
9395
9402
9407
9412
9418
9427
9428
9429
9437
9439
9454
9456
9462
9463
9467
9469
9470
9480
9495
9504
9505
9510
9512
9514
9517
9518
9520
9528
9531
9533
9534
9535
9536
9539
9551
9555
9560
9561
9563
9564
9568
9580
9582
9588
9590
9597
9606
9608
9611
9612
9614
9626
9627
9635
9638
9639
9640
9641
9643
9657
9658
9662
9666
9668
9669
9673
9679
9680
9682
9684
9686
9687
9688
9693
9699
9713
9719
9724
9728
9740
9747
9749
9750
9755
9757
9761
9763
9764
9766
9767
9770
9771
9774
9777
9778
9783
9787
9794
9796
9797
9798
9805
9807
9809
9815
9816
9817
9819
9820
9824
9831
9833
9843
9845
9846
9847
9852
9855
9859
9860
9861
9865
9874
9875
9879
9881
9887
9890
9895
9897
9900
9903
9904
9905
9911
9914
9924
9929
9931
9937
9943
9957
9965
9972
9974
9982
9987
9989
9990
9995
10007
10009
10011
10017
10026
10033
10035
10036
10038
10043
10049
10050
10054
10060
10062
10063
10065
10070
10075
10077
10079
10082
10090
10092
10096
10106
10113
10118
10122
10135
10142
10154
10160
10161
10169
10172
10173
10179
10188
10207
10208
10211
10219
10228
10266
10272
10291
10294
10302
10320
10323
10334
10338
10348
10357
10358
10365
10371
10374
10375
10379
10381
10386
10387
10394
10396
10403
10405
10410
10479
10498
10508
10535
10554
10556
10566
10614
10615
10618
10704
10716
10719
10729
10740
10748
10756
10771
10776
10793
10874
10913
10928
10950
10982
11003
11004
11036
11045
11065
11070
11115
11125
11145
11149
11189
11191
11198
11205
11212
11222
11228
11231
11236
11241
11248
11262
11273
11275
11287
11297
11307
11310
11322
11327
11328
11336
11340
11357
11376
11378
11382
11387
11404
11406
11414
11417
11422
11424
11430
11437
11448
11499
11525
11526
11539
11579
11583
11585
11590
11594
11598
11599
11603
11611
11660
11700
11729
11813
11826
11847
11848
11852
11886
11894
11941
11993
12082
12115
12154
12164
12203
12236
12265
12271
12291
12312
12375
12405
12421
12434
12453
12757
12767
12788
12807
12842
12863
12902
12930
12955
12976
12995
13022
13028
13042
13051
13055
13058
13070
13079
13081
13114
13115
13124
13140
13142
13148
13152
13155
13156
13160
13164
13168
13172
13175
13176
13179
13183
13188
13190
13196
13202
13205
13212
13218
13223
13224
13251
13286
13290
13301
13302
13303
13314
13317
13321
13322
13324
13325
13333
13334
13335
13337
13338
13339
13341
13343
13344
13350
13351
13352
13354
13365
13369
13370
13373
13376
13382
13388
13391
13398
13408
13414
13416
13433
13439
13440
13451
13452
13455
13513
13518
13530
13542
13555
13575
13592
13605
13654
13664
13682
13699
13703
13705
13709
13717
13741
13742
13748
13753
13821
13823
13842
13851
13860
13862
13871
13898
13904
13917
13958
14020
14028
14038
14055
14061
14065
14088
14100
14102
14131
14137
14277
14295
14334
14359
14363
14380
14388
14391
14394
14402
14405
14419
14420
14430
14439
14453
14479
14497
14506
14514
14518
14532
14540
14546
14584
14595
14601
14649
14702
14705
14723
14728
14736
14759
14788
14804
14826
14854
14875
14888
14898
14939
14972
14984
15034
15044
15083
15101
15123
15131
15150
15898
15899
15903
15908
15916
15922
15929
15930
15941
15943
15952
15954
15959
15967
15968
16011
16024
16033
16052
16066
16071
16074
16081
16098
16100
16104
16108
16109
16118
16119
16150
16165
16184
16190
16196
16204
16214
16216
16219
16221
16226
16229
16236
16259
16261
16305
16313
16330
16336
16339
16351
16353
16357
16365
16373
16376
16381
16383
16401
16402
16405
16408
16409
16417
16425
16429
16432
16434
16435
16437
16438
16441
16446
16470
16474
16477
16478
16483
16489
16493
16500
16508
16509
16515
16530
16542
16556
16557
16559
16565
16567
16595
16597
16602
16607
16615
16621
16631
16640
16650
16679
16686
16705
16711
16714
16729
16734
16736
16739
16742
16759
16773
16776
16793
16794
16805
16812
16816
16825
16833
16859
16896
16901
16926
16952
16964
16981
16984
16997
17070
17083
17099
17105
17124
17147
17149
17154
17161
17174
17175
17188
17189
17193
17212
17226
17234
17242
17246
17250
17252
17266
17271
17287
17296
17300
17325
17341
17345
17360
17369
17377
17380
17381
17384
17402
17407
17409
17412
17421
17423
17427
17433
17441
17445
17458
17514
17526
17552
17570
17573
17574
17610
17614
17616
17636
17637
17641
17643
17658
17672
17676
17687
17691
17697
17704
17710
17712
17719
17733
17740
17746
17763
17767
17783
17798
17811
17814
17820
17833
17843
17881
17894
17904
17909
17929
17931
17941
17949
17960
17965
17972
17995
18005
18008
18011
18012
18017
18021
18024
18025
18036
18040
18041
18042
18055
18057
18063
18068
18071
18072
18078
18083
18091
18098
18099
18102
18104
18110
18113
18118
18128
18130
18131
18136
18140
18147
18159
18160
18161
18162
18167
18180
18192
18196
18197
18206
18209
18217
18230
18241
18244
18249
18264
18267
18268
18276
18280
18281
18287
18291
18295
18297
18304
18308
18309
18311
18312
18313
18320
18321
18324
18333
18337
18340
18344
18346
18351
18356
18360
18365
18368
18373
18378
18389
18402
18405
18407
18413
18421
18424
18427
18433
18440
18451
18454
18459
18462
18465
18476
18479
18480
18482
18484
18489
18492
18495
18506
18511
18512
18514
18519
18522
18524
18529
18546
18547
18556
18561
18563
18566
18573
18574
18582
18585
18589
18601
18605
18610
18614
18616
18621
18624
18628
18633
18634
18638
18649
18653
18658
18661
18663
18677
18678
18682
18701
18702
18703
18712
18713
18720
18723
18727
18728
18734
18738
18739
18740
18749
18755
18758
18759
18766
18772
18797
18800
18804
18815
18818
18821
18822
18826
18829
18846
18847
18855
18857
18860
18863
18864
18866
18876
18879
18882
18887
18888
18892
18897
18898
18899
18903
18904
18905
18911
18913
18917
18921
18926
18932
18934
18937
18943
18950
18953
18958
18960
18975
18988
18992
18993
18997
18999
19000
19003
19004
19007
19022
19025
19026
19031
19057
19067
19068
19071
19076
19077
19078
19083
19088
19091
19094
19109
19111
19112
19125
19132
19146
19148
19155
19165
19168
19176
19189
19195
19205
19206
19216
19219
19224
19238
19245
19246
19255
19261
19267
19279
19285
19291
19294
19298
19300
19302
19312
19313
19317
19318
19328
19334
19338
19340
19343
19346
19352
19354
19358
19360
19361
19364
19381
19382
19396
19397
19406
19408
19409
19413
19414
19417
19418
19420
19421
19425
19428
19430
19431
19446
19452
19462
19463
19470
19473
19479
19480
19481
19482
19487
19493
19498
19501
19508
19512
19513
19518
19523
19534
19535
19543
19548
19559
19568
19573
19577
19579
19580
19585
19592
19595
19596
19600
19603
19604
19609
19610
19612
19617
19623
19624
19629
19630
19633
19635
19639
19646
19651
19657
19658
19659
19662
19669
19670
19671
19672
19675
19676
19679
19681
19686
19696
19700
19708
19710
19713
19715
19718
19724
19736
19743
19747
19749
19755
19758
19762
19763
19767
19769
19771
19777
19778
19780
19782
19783
19789
19792
19795
19798
19806
19812
19818
19820
19821
19830
19833
19837
19842
19846
19847
19849
19854
19856
19863
19864
19868
19875
19887
19888
19892
19903
19912
19917
19918
19919
19923
19926
19929
19932
19933
19938
19942
19945
19946
19949
19952
19959
19965
19973
19976
19978
19980
19983
19993
20007
20022
20031
20048
20053
20077
20082
20109
20110
20117
20119
20121
20131
20133
20150
20156
20157
20161
20167
20170
20171
20173
20176
20180
20182
20188
20194
20198
20202
20205
20208
20215
20220
20223
20229
20230
20235
20251
20253
20254
20264
20267
20268
20279
20294
20299
20304
20308
20312
20314
20330
20336
20337
20341
20349
20357
20366
20369
20370
20378
20383
20390
20406
20409
20412
20419
20424
20426
20431
20438
20443
20445
20457
20460
20468
20482
20506
20515
20530
20537
20553
20556
20561
20572
20577
20578
20585
20600
20606
20611
20622
20628
20637
20674
20677
20686
20688
20702
20703
20715
20720
20727
20732
20757
20769
20774
20778
20795
20803
20826
20835
20841
20871
20879
20891
20903
20918
20926
20931
20937
20940
21042
21618
21622
21667
21716
21734
21744
21752
21775
21788
21796
21824
21825
21829
21833
21846
21851
21867
21879
21891
21900
21902
21906
21923
21941
21953
21962
21970
21972
21985
22002
22004
22026
22124
22149
22150
22173
22188
22190
22193
22196
22215
22225
22239
22288
22301
22328
22330
22345
22348
22349
22363
22368
22391
22410
22412
22423
22424
22429
22446
22465
22467
22491
22508
22516
22520
22531
22536
22552
22562
22564
22568
22578
22581
22583
22584
22589
22597
22599
22602
22606
22609
22611
22612
22621
22629
22641
22644
22648
22650
22674
22686
22688
22689
22700
22701
22705
22708
22710
22712
22717
22723
22727
22733
22736
22738
22743
22755
22758
22761
22762
22765
22772
22788
22795
22796
22799
22818
22821
22826
22833
22834
22837
22842
22852
22890
22894
22941
22977
22983
22984
22998
23001
23004
23010
23013
23018
23019
23030
23037
23044
23058
23067
23082
23083
23084
23087
23092
23093
23099
23121
23122
23138
23146
23170
23174
23181
23186
23196
23203
23230
23234
23242
23243
23247
23249
23250
23251
23258
23260
23266
23271
23276
23305
23306
23308
23315
23317
23320
23322
23370
23400
23407
23423
23449
23459
23476
23494
23552
23588
23603
23615
23621
23642
23653
23680
23695
23723
23773
24303
24326
24329
24347
24410
24439
24491
24495
24520
24580
24590
24630
24635
24644
24677
24691
24692
24693
24705
24708
24712
24715
24719
24720
24721
24728
24730
24741
24747
24756
24763
24801
24813
24816
24822
24823
24854
24856
24857
24858
24860
24863
24865
24869
24874
24886
24890
24896
24903
24911
24919
24921
24946
24951
24957
24966
24972
24980
24983
24988
24994
24999
25017
25022
25026
25033
25042
25063
25065
25073
25100
25105
25122
25128
25130
25147
25156
25161
25175
25188
25191
25205
25206
25208
25231
25232
25238
25247
25261
25266
25277
25280
25293
25301
25313
25316
25333
25336
25355
25357
25366
25377
25379
25387
25421
25438
25450
25492
25515
25540
25543
25560
25567
25581
25624
25633
25658
25680
25691
25699
25709
25765
25792
25829
25856
25876
25877
25898
25910
25913
25930
25938
25974
25975
25993
26003
26041
26072
26076
26082
26094
26107
26112
26113
26114
26125
26128
26136
26144
26146
26148
26152
26157
26165
26172
26188
26190
26211
26242
26265
26268
26271
26275
26281
26308
26320
26326
26354
26379
26391
26393
26394
26407
26423
26438
26448
26493
26530
26540
26558
26571
26584
26594
26613
26665
26683
26688
26707
26717
26745
26750
26753
26770
26773
26785
26813
26818
27504
27541
27588
27593
27609
27619
27626
27652
27665
27674
27676
27686
27691
27698
27714
27724
27728
27731
27738
27740
27747
27750
27753
27760
27767
27771
27776
27781
27783
27790
27793
27801
27805
27818
27826
27828
27834
27840
27861
27891
27894
27896
27903
27904
27910
27925
27931
27933
27942
27959
27972
27978
27982
27984
27988
28002
28008
28021
28028
28077
28086
28094
28102
28105
28108
28111
28117
28130
28131
28132
28138
28141
28146
28151
28157
28162
28170
28179
28181
28182
28186
28191
28194
28197
28198
28209
28210
28217
28220
28221
28225
28226
28227
28231
28235
28245
28248
28249
28254
28255
28256
28264
28267
28268
28272
28274
28278
28279
28282
28283
28286
28288
28291
28296
28307
28312
28315
28320
28321
28323
28326
28327
28330
28333
28335
28340
28352
28353
28355
28359
28361
28366
28369
28370
28373
28380
28381
28382
28385
28388
28390
28391
28398
28399
28404
28406
28407
28408
28409
28414
28416
28420
28421
28423
28424
28431
28443
28446
28449
28450
28451
28454
28457
28458
28461
28462
28466
28471
28472
28476
28479
28483
28486
28489
28494
28496
28498
28504
28505
28511
28515
28516
28520
28525
28532
28536
28538
28539
28542
28547
28551
28555
28556
28557
28560
28564
28570
28574
28575
28576
28577
28582
28585
28586
28590
28591
28595
28596
28597
28598
28605
28608
28614
28615
28622
28627
28632
28634
28652
28657
28660
28664
28672
28673
28678
28684
28686
28687
28693
28698
28701
28703
28708
28709
28713
28715
28726
28728
28732
28737
28739
28744
28748
28752
28753
28754
28757
28762
28768
28776
28780
28781
28782
28785
28786
28787
28792
28798
28804
28809
28811
28824
28831
28833
28836
28852
28865
28872
28873
28882
28883
28885
28890
28892
28898
28903
28905
28916
28920
28922
28934
28935
28939
28941
28945
28947
28950
28956
28958
28964
28968
28973
28977
28983
28987
28989
28993
28999
29000
29001
29004
29007
29009
29010
29013
29018
29023
29028
29029
29031
29033
29036
29040
29043
29044
29045
29050
29052
29053
29058
29062
29066
29075
29080
29083
29085
29088
29093
29095
29097
29098
29100
29102
29104
29105
29110
29113
29118
29128
29131
29132
29135
29136
29137
29144
29146
29151
29157
29160
29171
29173
29175
29177
29179
29183
29186
29188
29190
29192
29194
29195
29199
29200
29207
29216
29217
29221
29222
29228
29229
29230
29234
29235
29236
29242
29246
29247
29248
29249
29253
29256
29258
29260
29272
29276
29278
29280
29290
29293
29295
29299
29304
29312
29317
29318
29328
29329
29333
29339
29350
29351
29356
29359
29363
29364
29369
29372
29373
29375
29378
29381
29384
29385
29386
29388
29400
29405
29409
29415
29418
29419
29425
29428
29430
29431
29444
29448
29449
29450
29456
29458
29461
29462
29466
29469
29473
29475
29481
29484
29490
29495
29498
29504
29505
29512
29513
29515
29517
29527
29528
29533
29534
29537
29538
29542
29543
29545
29546
29547
29560
29566
29567
29570
29573
29582
29585
29587
29589
29593
29598
29605
29607
29608
29625
29627
29635
29637
29646
29647
29652
29654
29663
29667
29672
29676
29677
29681
29682
29684
29686
29690
29702
29714
29717
29720
29730
29733
29742
29743
29746
29747
29753
29757
29761
29771
29775
29779
29780
29783
29786
29787
29788
29792
29797
29807
29810
29814
29815
29823
29834
29841
29847
29849
29865
29874
29878
29882
29889
29891
29893
29894
29896
29900
29905
29909
29912
29925
29942
29945
29949
29950
29951
29962
29965
29992
29997
30003
30032
30036
30039
30041
30058
30059
30062
30064
30066
30071
30076
30082
30084
30085
30088
30090
30094
30095
30105
30106
30112
30115
30117
30120
30126
30130
30139
30140
30151
30157
30174
30178
30183
30190
30191
30195
30214
30222
30225
30231
30233
30238
30246
30249
30251
30254
30257
30264
30271
30274
30275
30282
30294
30303
30307
30311
30312
30318
30332
30337
30338
30339
30341
30344
30347
30361
30363
30367
30372
30378
30386
30391
30392
30394
30400
30401
30402
30415
30417
30419
30423
30425
30427
30428
30432
30437
30442
30443
30448
30454
30456
30458
30460
30464
30466
30469
30470
30474
30475
30477
30486
30495
30512
30524
30526
30528
30532
30547
30549
30566
30588
30625
30632
30643
30665
30672
30674
30681
30684
30688
30705
30706
30742
30749
30762
30768
30773
30775
30779
30787
30791
30799
30809
30842
30845
30849
30855
30858
30870
30882
30889
30901
30903
30908
30915
30921
30928
30941
30945
30948
30952
30959
30964
30969
30975
30976
30981
30986
31005
31008
31019
31025
31040
31067
31076
31106
31116
31117
31126
31151
31152
31154
31156
31180
31184
31208
31231
31240
31249
31250
31267
31277
31278
31280
31284
31297
31299
31301
31304
31310
31332
31336
31338
31349
31354
31356
31362
31368
31370
31372
31378
31395
31407
31416
31425
32987
33007
33009
33012
33034
33036
33055
33076
33083
33105
33125
33136
33172
33189
33194
33226
33234
33279
33285
33311
33330
33342
33363
33387
33395
33414
33423
33440
33450
34558
34572
34577
34605
34609
34636
34639
34658
34669
34695
34704
34707
34724
34729
34745
34772
34787
34793
34800
34816
34823
34833
34838
34867
34871
34877
34887
34893
34898
34906
34910
34916
34919
34952
34957
34964
34987
34995
34998
35002
35006
35010
35021
35027
35059
35060
35070
35071
35156
35159
35163
35171
35178
35182
35183
35187
35195
35199
35204
35208
35214
35234
35239
35247
35252
35257
35258
35259
35261
35264
35265
35270
35271
35274
35282
35290
35294
35298
35300
35301
35309
35313
35322
35323
35329
35330
35331
35335
35336
35382
35392
35394
35396
35397
35400
35409
35411
35422
35452
35456
35459
35461
35479
35485
35491
35506
35522
35523
35542
35543
35547
35559
35573
35582
35587
35590
35597
35599
35601
35616
35618
35620
35625
35629
35633
35655
35656
35657
35664
35675
35694
35725
35726
35746
35755
35758
35765
35775
35793
35809
35813
35817
35831
35844
35850
35879
35886
35902
35910
35927
35995
36105
36111
36130
36142
36145
36164
36169
36187
36189
36193
36195
36360
36414
36423
36481
36514
36530
36533
36560
36604
36664
36712
36750
36804
36809
36904
36959
36972
37057
37065
37071
37075
37107
37111
37118
37132
37135
37168
37179
37198
37211
37214
37215
37221
37227
37229
37242
37244
37247
37253
37263
37298
37313
37320
37332
37347
37356
37365
37368
37369
37370
37377
37383
37389
37412
37432
37433
37440
37452
37477
37484
37494
37502
37514
37523
37530
37541
37543
37549
37551
37553
37554
37558
37560
37562
37566
37572
37577
37581
37591
37598
37602
37607
37614
37623
37625
37629
37631
37633
37642
37643
37652
37667
37671
37675
37678
37684
37685
37686
37687
37692
37696
37697
37707
37711
37726
37734
37736
37739
37743
37757
37758
37760
37764
37767
37773
37787
37788
37793
37796
37802
37807
37817
37821
37825
37834
37841
37845
37861
37878
37879
37881
37889
37891
37897
37901
37906
37911
37914
37917
37931
37936
37944
37949
37956
37957
37961
37962
37972
37973
37974
37976
37980
37984
37992
37998
37999
38014
38020
38041
38051
38062
38078
38081
38102
38109
38118
38133
38160
38163
38175
38177
38208
38215
38243
38248
38255
38258
38284
38299
38307
38326
38351
38369
38395
38400
38416
38418
38420
38447
38450
38468
38516
38584
38612
38614
38624
38625
38638
38648
38662
38664
38680
38686
38687
38705
38707
38713
38847
38902
39147
39154
39182
39185
39202
39212
39215
39217
39242
39246
39247
39260
39270
39315
39320
39351
39354
39372
39393
39400
39404
39425
39432
39441
39479
39505
39508
39530
39556
39564
39566
39574
39582
39597
39600
39628
39635
39639
39641
39655
39656
39658
39661
39672
39676
39678
39725
39728
39745
39755
39774
39786
39803
39807
39861
39864
39915
39937
39946
39955
39959
40044
40048
40054
40057
40070
40103
40112
40126
40152
40153
40169
40215
40219
40223
40227
40231
40250
40254
40260
40287
40311
40315
40318
40323
40329
40337
40344
40351
40367
40371
40397
40398
40401
40405
40411
40413
40421
40443
40444
40446
40448
40456
40459
40462
40465
40478
40485
40487
40496
40500
40508
40518
40524
40530
40543
40545
40549
40551
40592
40611
40631
40645
40650
40661
40676
40693
40694
40699
40703
40709
40710
40716
40718
40722
40724
40726
40742
40751
40754
40762
40769
40784
40788
40794
40806
40813
40825
40833
40862
40877
40890
40894
40899
40905
40911
40924
40933
40936
40941
40951
40955
40956
40967
40983
40990
40998
41006
41022
41026
41039
41040
41044
41051
41053
41073
41108
41114
41118
41120
41123
41125
41156
41160
41162
41175
41177
41184
41192
41193
41195
41200
41201
41202
41209
41215
41216
41218
41222
41235
41236
41242
41246
41249
41256
41260
41264
41266
41270
41271
41277
41280
41284
41286
41287
41288
41290
41298
41300
41305
41309
41311
41319
41322
41325
41332
41334
41337
41342
41343
41351
41356
41357
41365
41371
41373
41375
41376
41379
41382
41387
41391
41396
41406
41407
41409
41410
41412
41432
41435
41441
41447
41454
41459
41462
41467
41474
41475
41487
41488
41493
41506
41512
41516
41522
41530
41531
41543
41545
41547
41548
41551
41553
41562
41573
41577
41584
41589
41590
41593
41596
41611
41612
41614
41626
41627
41629
41637
41638
41641
41645
41647
41648
41650
41657
41661
41663
41665
41674
41677
41689
41691
41693
41694
41695
41701
41702
41707
41712
41714
41720
41724
41725
41726
41736
41740
41751
41753
41758
41759
41769
41771
41773
41776
41789
41790
41792
41797
41802
41810
41814
41816
41817
41821
41825
41830
41832
41834
41835
41838
41839
41841
41845
41849
41850
41865
41871
41873
41878
41879
41883
41884
41888
41899
41905
41919
41920
41922
41925
41926
41932
41937
41940
41950
41956
41958
41965
41968
41971
41975
41979
41981
41991
41992
41993
41998
42004
42021
42031
42039
42045
42054
42056
42057
42061
42069
42075
42081
42086
42090
42099
42104
42106
42110
42123
42129
42130
42132
42140
42143
42148
42156
42162
42166
42167
42169
42172
42178
42181
42202
42204
42215
42222
42224
42233
42235
42239
42243
42254
42287
42294
42303
42304
42329
42331
42333
42336
42341
42343
42346
42347
42353
42356
42367
42371
42374
42384
42387
42395
42398
42404
42409
42413
42418
42419
42433
42452
42455
42462
42467
42471
42472
42480
42482
42490
42493
42499
42507
42515
42518
42524
42527
42542
42548
42553
42555
42583
42596
42629
42633
42663
42671
42673
42683
42696
42722
42724
42725
42730
42740
42757
42767
42771
42772
42779
42780
42782
42786
42792
42799
42814
42820
42825
42832
42840
42843
42845
42863
42880
42892
42896
42898
42912
42920
42921
42930
42940
42946
42958
42961
42966
42982
42983
42986
42987
42992
42994
42995
43003
43006
43007
43011
43013
43016
43019
43020
43032
43035
43042
43046
43047
43049
43054
43061
43064
43067
43074
43077
43079
43090
43091
43092
43098
43103
43111
43112
43115
43118
43120
43121
43124
43139
43140
43141
43151
43153
43160
43170
43171
43172
43186
43188
43194
43195
43200
43205
43211
43233
43237
43243
43288
43290
43301
43304
43309
43316
43322
43324
43327
43328
43345
43348
43350
43353
43355
43375
43394
43396
43400
43403
43411
43416
43423
43425
43429
43433
43440
43448
43458
43474
43492
43493
43496
43498
43501
43503
43510
43527
43540
43543
43548
43556
43559
43566
43572
43578
43583
43584
43585
43589
43595
43600
43601
43613
43614
43616
43621
43626
43627
43642
43646
43650
43659
43663
43668
43679
43683
43685
43694
43697
43703
43707
43712
43716
43734
43742
43763
43767
43782
43791
43799
43808
43822
43829
43849
43862
43863
43873
43874
43877
43898
43929
43948
43956
43963
43967
43984
43990
43991
43996
44004
44012
44019
44032
44036
44048
44052
44056
44069
44071
44072
44078
44080
44084
44086
44097
44102
44103
44109
44111
44114
44129
44148
44151
44156
44162
44164
44169
44170
44175
44181
44182
44186
44187
44201
44203
44207
44219
44227
44234
44235
44238
44240
44250
44256
44260
44261
44264
44267
44269
44279
44296
44297
44306
44310
44317
44330
44331
44332
44369
44371
44387
44433
44439
44448
44454
44455
44467
44471
44475
44482
44484
44488
44490
44505
44507
44534
44561
44579
44594
44599
44604
44608
44614
44631
44635
48843
48849
48851
48872
48878
48905
48914
48917
48920
48950
48956
48963
48979
48982
48984
48988
48992
48998
49001
49003
49008
49021
49023
49034
49036
49041
49044
49045
49046
49052
49068
49075
49087
49095
49101
49103
49106
49107
49124
49135
49140
49145
49157
49168
49171
49193
49201
49219
49233
49243
49256
49257
49258
49269
49272
49283
49285
49287
49291
49294
49308
49323
49327
49332
49334
49335
49345
49347
49350
49354
49360
49369
49372
49376
49378
49382
49385
49391
49392
49415
49422
49428
49434
49436
49446
49447
49450
49451
49455
49458
49459
49465
49471
49474
49475
49485
49494
49497
49519
49565
49582
49596
49597
49621
49628
49642
49668
49669
49673
49682
49691
49693
49706
49715
49728
49735
49744
49751
49759
49763
49785
49795
49799
49830
49846
49850
49855
49872
49875
49883
49885
49892
49913
49976
49984
49986
50032
50036
50046
50063
50071
50072
50076
50099
50100
50116
50126
50133
50153
50160
50185
50204
50207
50233
50245
50263
50281
50283
50286
50305
50330
50372
50376
50393
50394
50409
50417
50419
50421
50432
50469
50539
50545
50549
50683
50697
50700
50771
50792
50797
50815
50827
50863
50875
50879
50884
50947
50987
51020
51066
51122
51159
51207
51245
51293
51321
51335
51377
51384
51393
51527
51542
51557
51558
51575
51632
51633
51689
51736
51764
51788
51814
51822
51827
51828
51831
52632
52656
52669
52687
52701
52708
52724
52738
52771
52774
52806
52837
52847
52871
52889
52932
52944
52970
52989
53012
53039
53079
53124
53169
53182
53242
53245
53283
53286
53301
53318
53339
53349
53350
53363
53368
53370
53372
53374
53381
53398
53407
53413
53423
53424
53427
53436
53438
53442
53443
53447
53450
53451
53456
53457
53462
53467
53476
53480
53481
53482
53483
53486
53490
53492
53495
53498
53499
53500
53504
53511
53514
53516
53523
53524
53526
53528
53529
53532
53534
53538
53541
53542
53550
53552
53558
53559
53563
53568
53572
53575
53578
53579
53580
53582
53583
53584
53587
53589
53591
53600
53607
53608
53614
53619
53622
53630
53632
53634
53635
53638
53639
53641
53642
53644
53648
53650
53651
53656
53661
53662
53670
53671
53674
53681
53686
53688
53689
53692
53695
53699
53705
53707
53708
53710
53711
53716
53717
53718
53721
53724
53726
53727
53729
53730
53733
53738
53739
53742
53745
53746
53750
53752
53754
53755
53758
53764
53769
53772
53773
53776
53783
53785
53789
53795
53798
53799
53807
53809
53811
53814
53816
53818
53820
53821
53823
53824
53825
53826
53828
53835
53836
53842
53847
53850
53852
53853
53854
53865
53870
53871
53876
53879
53888
53890
53896
53910
53915
53916
53923
53953
53954
53961
53968
53974
53995
54002
54025
54029
54045
54061
54066
54072
54085
54104
54108
54110
54124
54129
54133
54146
54152
54163
54177
54231
54238
54239
54241
54243
54252
54264
54266
54269
54270
54272
54323
54387
54392
54400
54413
54417
54423
54428
54447
54448
54466
54467
54480
54483
54488
54493
54498
54508
54521
54527
54535
54541
54554
54555
54596
54597
54600
54605
54610
54611
54612
54613
54618
54628
54636
54641
54650
54669
54675
54682
54684
54685
54689
54700
54705
54711
54714
54726
54742
54777
54800
54821
54834
54843
54851
54868
54879
54894
54909
54923
54926
54932
54949
54981
54988
54996
54999
55000
55010
55018
55036
55056
55060
55061
55062
55068
55071
55077
55096
55113
55117
55129
55136
55139
55145
55151
55153
55158
55169
55176
55213
55243
55247
55271
55309
55320
55321
55327
55341
55351
55368
55377
55400
55406
55418
55421
55428
55441
55467
55486
55489
55508
55518
55528
55565
55572
55578
55592
55596
55607
55613
55623
55625
55637
55642
55649
55697
55734
55747
55749
55752
55755
55781
55792
55796
55803
55809
55818
55829
55835
55839
55851
55858
55861
55863
55876
55877
55902
55946
55948
55981
56012
56017
56028
56052
56058
56065
56070
56087
56098
56103
56111
56114
56116
56130
56153
56157
56161
56175
56179
56186
56191
56196
56200
56208
56227
56248
56252
56261
56303
56310
56314
56319
56325
56328
56331
56337
56340
56342
56346
56357
56360
56361
56368
56379
56383
56391
56398
56411
56420
56423
56430
56439
56448
56457
56460
56462
56470
56489
56498
56505
56511
56518
56519
56522
56530
56534
56544
56547
56558
56561
56569
56574
56575
56589
56590
56610
56622
56640
56657
56668
56697
56736
56758
56767
56792
56799
56805
56815
56827
56831
56835
56842
56845
56854
56855
56862
56873
56875
56884
56885
56886
56905
56914
56915
56917
56921
56922
56923
56925
56934
56938
56939
56950
56951
56953
56962
56968
56984
56988
57004
57045
57069
57071
57096
57102
57103
57108
57117
57132
57134
57137
57155
57161
57162
57164
57165
57173
57180
57183
57187
57191
57195
57204
57205
57209
57217
57218
57222
57223
57229
57231
57234
57239
57242
57245
57246
57250
57256
57258
57260
57263
57265
57271
57283
57293
57305
57319
57333
57341
57348
57352
57357
57362
57363
57372
57377
57393
57398
57401
57409
57426
57434
57439
57445
57447
57451
57455
57462
57470
57474
57480
57486
57493
57503
57507
57516
57525
57529
57533
57538
57539
57543
57554
57558
57577
57578
57585
57590
57593
57597
57599
57602
57606
57614
57617
57621
57627
57628
57637
57638
57639
57641
57648
57651
57665
57669
57674
57679
57680
57683
57684
57686
57690
57697
57698
57699
57711
57713
57716
57722
57728
57730
57734
57737
57741
57745
57751
57753
57755
57756
57760
57771
57773
57776
57780
57785
57796
57801
57802
57804
57812
57815
57819
57823
57832
57840
57841
57842
57852
57855
57860
57861
57867
57868
57870
57875
57878
57880
57889
57890
57900
57905
57907
57908
57911
57916
57917
57922
57924
57931
57934
57935
57943
57954
57959
57964
57965
57969
57977
57982
57989
57991
57992
58001
58003
58009
58010
58033
58038
58048
58057
58061
58063
58069
58077
58090
58092
58097
58115
58119
58122
58125
58134
58149
58150
58153
58156
58157
58161
58163
58165
58169
58171
58172
58173
58174
58176
58177
58180
58188
58195
58196
58199
58202
58203
58225
58226
58234
58255
58264
58265
58268
58278
58282
58288
58290
58296
58317
58321
58323
58329
58332
58337
58338
58342
58348
58353
58354
58361
58364
58370
58373
58380
58382
58384
58386
58387
58393
58401
58404
58412
58414
58420
58421
58428
58430
58436
58438
58439
58443
58444
58446
58455
58457
58462
58464
58469
58479
58480
58481
58483
58489
58495
58500
58506
58507
58509
58514
58515
58517
58520
58525
58526
58527
58529
58536
58537
58539
58540
58541
58542
58545
58546
58547
58556
58561
58564
58565
58568
58574
58576
58577
58582
58586
58594
58595
58597
58599
58602
58603
58605
58608
58611
58612
58626
58628
58634
58636
58641
58642
58644
58649
58658
58660
58663
58665
58666
58667
58669
58670
58674
58679
58682
58684
58689
58701
58707
58709
58711
58714
58715
58718
58719
58720
58721
58726
58728
58730
58732
58733
58735
58738
58740
58742
58744
58753
58756
58768
58776
58778
58783
58785
58789
58796
58807
58812
58815
58817
58821
58825
58826
58828
58829
58830
58835
58842
58844
58848
58853
58855
58856
58858
58860
58861
58864
58865
58867
58868
58869
58873
58875
58876
58890
58893
58896
58903
58910
58911
58917
58960
58978
58999
59012
59015
59030
59055
59064
59071
59075
59079
59085
59086
59089
59092
59105
59106
59107
59108
59114
59116
59119
59124
59126
59138
59143
59157
59165
59179
59181
59182
59188
59201
59211
59217
59224
59228
59232
59236
59239
59262
59263
59267
59269
59274
59276
59279
59287
59288
59289
59290
59296
59301
59306
59308
59323
59327
59335
59338
59346
59348
59361
59362
59363
59398
59418
59437
59456
59459
