15954
11847
59092
9536
9531
9395
9370
9342
58495
9207
58337
57577
7988
7986
7972
7966
7963
7881
56988
56917
7759
7736
7684
56815
56736
56640
56574
56561
55036
55018
54988
54926
54685
54612
54596
3387
3371
3357
3302
3238
49458
49455
49447
49372
49354
49294
49233
49201
49157
49140
49046
49034
48914
48849
43288
43067
42555
42515
42507
42472
41663
41596
41512
41475
41387
41382
41373
41286
41216
41160
40941
16184
39937
37221
37168
11826
59106
9533
9510
58667
9456
9325
9307
58386
55176
54682
29912
28498
28391
27840
25377
24747
48851
48843
22833
22788
19470
19382
19317
19279
19146
19088
19076
19068
18999
18997
18903
18772
18720
18701
18661
18566
18495
18465
18008
18005
17949
41611
41543
41530
41506
41125
16052
39755
13391
13382
13251
13160
13142
59124
59116
59114
59108
59105
59085
59079
59075
59071
59064
59055
58911
58903
58890
58876
58869
58864
58860
58858
58856
58842
58835
58830
58789
58756
58742
58738
58735
58728
58726
9561
58718
58715
58711
58707
58701
58684
58679
9517
58674
9512
58669
58665
9505
58660
58658
58636
58628
9469
9454
58611
58597
9437
9429
58586
58576
58568
58547
9386
9357
9349
9323
58480
58420
9257
58414
9227
58384
58382
58361
58353
58342
9166
58321
58199
58172
58171
58169
57908
57907
57889
57875
57860
57841
57751
57745
57728
57585
8060
8031
8025
8005
7994
8011
7979
7947
7975
7960
7980
7951
7847
56968
56962
56953
7794
56951
56939
56934
56923
56922
56885
7728
56914
7719
7697
56854
56842
7645
56831
56827
7638
56767
56758
56697
56668
56544
56534
56519
56511
56498
56457
56430
56411
56368
56357
56303
56328
7139
7129
6971
6930
6908
6884
55062
55000
54999
54996
54932
54923
54711
54628
29635
29484
29473
29430
29299
29295
29276
29272
29236
29157
29118
29066
29058
29044
4250
4264
28776
4171
28762
4123
4116
3946
28406
28286
3375
3366
3381
3347
27933
27894
27818
25355
25100
24988
49485
49451
49446
49459
49428
49385
49376
49350
49332
24730
49287
24692
49087
49052
49044
48998
48992
48979
48963
48956
48950
48920
48917
48905
48878
48872
20553
20530
19463
56342
19397
56252
19354
19189
19148
18855
43403
43355
43172
43115
43079
43077
43047
42992
42986
42982
42912
55158
42840
42843
42814
42786
55071
55068
55061
55056
42722
42671
42663
18024
17995
42548
17941
42518
42499
42490
42455
17843
17814
17763
42356
42346
42331
17719
42304
17710
42243
29900
42202
17573
42166
42143
42140
42106
42057
42021
17407
17360
41932
41922
41873
41845
41839
29534
29431
41647
41627
41589
29260
29249
41548
41522
41493
29183
29146
29128
41412
28945
41201
41195
41184
41156
41123
41114
41022
40933
28094
3284
39959
39861
39774
39745
39725
37999
37984
13398
13369
37936
13325
37897
37889
37878
37845
37841
13224
37817
37773
37764
13196
37787
37758
37736
37711
37707
37697
37687
37678
13081
37671
13042
37598
37581
37562
37298
37229
37227
37215
37214
37211
49471
49422
49327
49334
24712
49258
49135
49106
11813
11406
59086
58817
58783
9568
58721
9564
9514
9428
9427
58602
9407
9353
9387
9329
58443
9213
58370
8699
57819
56862
56845
56873
56423
56319
6973
18847
18682
43098
43064
43006
42995
42961
55169
42683
42596
17960
42553
17811
42404
54705
54689
42371
54675
42353
54684
54636
42347
29909
42178
17574
42090
42086
42075
29677
41981
29667
29652
29637
29608
29587
29567
29547
29545
29538
29515
29527
29513
29505
29498
29495
29469
29466
29461
29449
29448
29415
29428
29405
29418
29409
41674
29385
29384
29381
29378
29375
29373
29363
41641
29339
29333
29317
29329
29328
41614
29318
29312
41584
29278
29293
29280
29246
41547
29258
29242
29248
29247
29230
29221
29229
29228
29222
29217
29216
29190
29186
29200
29199
29171
29175
29173
29160
29136
29132
41409
29135
29113
29095
29110
29105
29104
29088
29097
29093
29085
29083
29080
29062
29050
29045
29075
41342
29053
29052
29013
29043
29028
29018
28973
28941
28956
28935
28934
28905
41209
41192
28903
4293
41120
4216
28786
28782
28768
28728
4145
28693
4129
4130
28678
28686
40955
40951
28657
4035
4015
3998
4028
28585
28577
28557
28555
3960
28551
3970
28536
28525
16216
28483
28461
28454
28451
28431
28424
28409
28398
28327
28333
28330
28321
15959
15952
3353
27931
27925
3293
27828
27826
27776
37998
13350
13321
13365
25379
13079
25366
25387
25105
37320
24999
24994
24966
24957
24946
49494
49475
49474
49465
49436
49391
24763
24715
24728
24721
24720
24719
24708
24693
49168
11378
23317
29195
29192
29188
29179
29137
29151
29098
41334
29007
28993
41266
28977
22837
28950
22799
28947
28873
4258
28836
41108
28804
4149
4173
28715
4112
28672
28590
28366
58768
9611
58812
9597
58720
9563
27904
3325
3368
27903
9463
27896
58642
27801
9123
9138
58156
8633
20622
20606
20572
20561
20537
20506
20460
20445
20457
20443
20438
20431
20426
20424
20409
20406
8022
8044
7926
7884
7802
56984
56915
56835
7662
56792
56610
56439
37974
56379
37931
56337
19420
7128
19418
56314
19417
19413
19381
19364
19361
19360
19358
19352
19343
19312
19300
19245
6912
19205
19165
19111
6794
19083
19031
19007
19003
18934
18937
18926
18899
18913
18905
18904
18897
18888
18882
25026
18863
18857
24983
18818
18804
18766
43348
18739
43327
18728
18678
43237
49382
18621
18633
24741
24756
18605
43160
18582
18574
18547
18546
49269
24691
43118
43103
43090
18512
18506
43054
18462
18459
43013
43011
42987
42966
42920
18320
18304
18268
42832
42825
18244
42792
42780
18197
18192
18209
42757
42799
42730
42724
42696
18068
18040
42633
18055
18012
18011
17972
17965
17931
17929
17909
42493
17894
17904
42480
54714
54700
17833
42395
17783
17798
54650
42341
17740
54618
54613
17746
54600
17733
17712
17691
17687
17658
42224
17637
17636
17616
17614
17427
17423
17409
17402
17384
17380
17377
17369
41925
17287
29542
29517
29359
29372
29356
29369
41577
29177
29144
29131
41435
41407
29029
41218
41193
4165
4147
40967
28355
28335
28279
28282
28268
28274
16024
28255
58825
58796
9384
27790
27805
39946
39864
9139
39803
57543
7937
29425
7909
7944
7886
29388
7740
7711
56799
13439
13416
37992
37976
13373
37956
56383
13344
13370
13324
37917
37961
13339
56340
13335
4119
28703
13322
19452
13314
37881
13303
13286
13301
19406
13218
13212
13205
37757
16219
13140
13058
25357
13055
13028
6857
37560
12995
37543
28249
18911
18864
24972
58288
55010
42527
42542
54669
54641
17697
17704
42254
17676
11404
20556
17412
20419
29589
17300
29570
29585
17271
17212
29490
23306
7936
29304
56925
7756
41305
41298
28983
56622
13451
22674
13351
4121
56325
19428
13290
4017
28532
37734
28515
16221
28489
16190
13051
13022
19109
19091
58960
18917
58844
18892
58848
18887
58821
9608
9588
9582
3383
9534
9520
3359
9504
9480
9470
9467
9439
9412
9402
9394
27834
9381
58536
9365
9364
9383
27793
9335
9351
9319
9316
9309
9299
58436
9250
9144
9151
9173
17881
57855
42413
17820
54554
17672
17643
29896
17610
17552
20611
20600
20585
20578
20515
20468
8026
8002
29456
7957
7893
7923
7755
7727
56884
29253
56875
56805
39915
7621
42898
56657
58188
28964
58165
37980
19487
4142
37911
13333
19430
57868
7137
7126
19409
19396
13223
37793
13202
6979
6974
16204
6950
6948
6940
6937
6902
19219
6922
6923
6918
13070
28382
28359
59089
6813
28245
6726
20482
18921
43416
9606
24980
18829
43394
24951
18821
18815
17266
29560
18800
58670
3335
49335
9317
49283
24705
7792
9278
58354
29036
9462
19446
57880
13302
7122
37807
57558
57529
11376
20577
19026
17433
28141
41919
42673
20412
18879
3386
9495
3337
29458
7932
29419
7904
7895
3266
29400
29386
3259
9418
7866
43186
7857
29351
29350
28574
7809
58509
43111
17767
9318
29256
58373
37554
6818
17570
29100
29040
17526
28999
41235
55060
42771
41175
17641
9560
18021
11848
37973
9518
3360
41026
23322
13334
29102
28673
7134
9392
28564
9293
18440
19246
28420
28407
41202
19334
43423
9539
3384
9535
18758
3314
3245
19132
9528
42336
29290
7954
7949
3323
58868
16229
29194
37825
37625
7652
41040
49103
58332
58719
56590
58525
43322
7983
29475
42233
3339
9347
13376
56589
42994
7680
19224
