25560
88670
88677
89629
53798
140959
25483
161168
161227
161180
116508
82139
116569
87360
121460
82093
82169
122113
88025
122186
52405
52367
122731
122635
88492
122612
122693
88584
52700
88598
24620
140298
140308
140139
24439
118781
118832
81671
24255
126269
126281
126332
54623
87913
87966
51958
121906
87883
121725
121741
87772
87536
87619
91225
126327
90697
90700
90792
119073
119089
119099
119140
57161
136724
29524
100729
100731
57150
136760
64214
100742
136733
98310
136706
29888
100130
61928
138095
100150
100209
136830
136743
136829
62010
61889
140985
61905
29886
63446
138357
100436
132629
31759
132892
132985
132899
132962
132909
94059
132963
94080
94038
93990
93941
54830
58068
58007
26886
129647
129573
93799
129474
129394
129385
26847
129429
93593
93616
25477
92462
55497
92530
128129
55471
55515
25692
128215
54530
92582
92592
128186
128182
25676
25686
25667
128109
127140
55024
56562
54483
127072
92419
128022
56527
54981
91606
127077
92376
54469
24670
127992
92344
127882
25529
56376
56401
82021
82023
44486
82022
82031
161310
44264
161443
160819
116652
82481
116672
161474
161448
46459
82071
161506
116630
56313
92321
54380
54304
138059
127844
24650
54396
92294
127829
138049
127833
24530
25191
25228
126957
54900
91440
118566
118542
118545
118505
118600
81478
118594
118598
126321
24280
116597
126373
126393
126387
126474
54794
54366
24565
126436
25262
127546
25561
56431
127581
54018
54029
127918
126825
92264
92238
91352
24567
91876
127902
54569
128168
92649
92675
54585
54659
128264
93506
128927
128421
57763
127699
128908
24985
128289
25834
56927
93489
127456
127429
92723
54655
128323
128278
128365
92668
128336
127284
91787
91714
55232
91815
55187
91850
127693
127664
55355
140976
92021
25587
25611
120141
25638
120168
92143
117826
92184
82901
82873
117804
117817
55219
25271
127723
55466
55472
25625
93423
127733
55170
120212
55516
92170
127770
127759
127832
127819
120262
55556
92216
127896
55293
127934
127847
55568
82934
92412
92405
25351
93546
55341
55363
93574
128023
25804
92229
55609
25696
55625
120360
127944
128395
19815
82967
45246
120335
55755
127954
92349
92356
55769
55653
88428
117858
45260
82993
83003
117899
47804
117886
83112
120477
19849
19845
120500
83044
161209
83025
83063
25608
45339
117994
47941
117926
47867
45278
9122
48400
75973
22502
136620
104490
76012
75938
9088
45248
9094
872
24583
9096
873
45267
106985
8968
9003
10628
125288
125239
3473
107322
3853
127308
107587
107105
9452
124844
107974
75915
136585
116571
136571
631
54278
9051
856
862
9058
22103
22117
9008
9028
75827
75874
104421
136556
22069
75811
22084
55379
45377
120563
83157
45352
19856
55857
120638
55924
55846
45446
45423
45064
48001
83831
22356
22366
136318
104207
118044
25386
45161
75732
45147
830
22052
104351
75632
75574
45117
814
22026
45133
45341
75688
118069
118062
83890
127776
48052
118106
127800
48076
136408
136413
48124
118139
140946
22449
55523
55546
25869
45470
126348
136573
136503
19909
45603
128181
118324
118332
48364
58229
58260
93989
56109
129773
84003
83988
55555
25577
93866
25589
92565
120803
56037
25957
25921
55542
75886
45507
92587
83217
118187
55648
129787
129808
26988
48209
48266
48241
118296
118279
118248
19902
45512
25966
120892
25978
56077
92658
45539
25616
45615
94010
120963
118437
45659
118396
45706
83556
92738
55780
129926
55783
128539
129936
25689
94053
129967
55446
25719
55848
130029
128474
121008
121010
56185
26075
121102
121108
92817
26153
56303
56279
56285
56367
121119
128560
83568
94173
55869
130056
55934
56904
27114
130174
130175
130212
26169
91614
121278
26188
26271
26207
26223
121183
121212
26184
128629
92884
25775
25758
128659
25790
128584
128674
25845
128695
121338
26325
121329
120721
130292
94372
161166
130324
94413
116272
46872
116285
161220
161169
121445
56686
94353
56026
56071
128780
25929
56641
93191
26332
153250
25967
80063
42698
45598
25949
56115
116267
110657
26369
56668
93265
110652
153309
55066
153281
46958
46978
46991
83434
80608
129712
80601
43125
116614
161337
116371
116356
116377
80122
80565
161338
43153
42786
42809
154301
153344
42783
153403
3465
107842
3478
6573
106981
124215
6507
5973
107694
107570
107022
107660
107377
136631
106619
5994
106774
106494
9052
3902
9266
24657
9150
3918
3504
9006
45309
45306
882
136699
136701
104541
104549
136727
76123
76059
84279
84253
45733
118466
128170
48474
48482
22553
121240
83675
64222
84381
118581
84419
45842
118633
19966
19983
19881
118595
19964
136793
137061
48579
57122
136833
45887
93697
83635
132878
83653
91844
121513
83790
83914
20012
118773
118725
20022
46027
83670
48644
84573
118793
48670
137138
118683
19937
118659
118891
118868
118829
83814
46063
46079
118878
118882
48645
110667
39031
128076
39028
39079
39309
39316
141391
141367
141386
92457
141344
99598
141392
131411
39312
58829
99645
58861
58818
74966
74954
39516
39559
74946
74922
111388
111392
39461
39417
154250
154210
74792
154287
39491
39495
39441
141842
74129
110687
74128
110755
110753
104470
74716
154212
39409
39388
153428
141447
118810
99658
26117
99700
118618
39427
58939
99765
141662
141536
141589
99767
74721
142029
143453
143503
99802
58964
39468
58982
99887
99933
128798
99908
128757
99848
99950
119105
99954
141800
141900
141862
133364
56386
96704
133253
100812
60003
56530
26781
60112
100904
100092
26710
59163
59830
133210
100764
26750
100094
100096
100088
143608
128856
99983
26155
132142
26376
26336
95686
96562
95784
95557
122164
131614
95538
131555
122216
131660
26191
131598
26314
59064
59055
59084
99600
59063
59056
59025
26296
59073
39542
59053
45299
95598
131902
95616
95670
131866
131824
131850
95589
28784
28740
19875
48785
84719
22635
28730
58634
48882
95396
95365
147651
128359
147620
106318
656
3485
76141
74763
9205
9180
22232
45330
22216
22259
90851
664
105928
662
104463
9160
9200
45438
136972
104709
137049
137037
45386
55839
76169
45418
45400
730
76415
45506
22314
22327
9296
940
91848
22351
22287
9259
76398
6014
105824
26301
105773
105889
704
680
9254
95440
105052
9265
25530
105151
124151
104487
44467
104389
121419
4052
128905
6080
6091
6101
105086
55270
153467
105174
54920
104886
5762
3607
128351
5637
58993
5763
121539
3924
123195
3938
123096
6015
105607
25914
105441
3958
3548
8832
122397
3556
3990
26200
3560
3978
8734
3563
8762
105047
121945
8390
106295
4004
122047
8531
6060
106406
106170
105850
6031
1201
6051
45962
105874
6054
6048
5916
105749
105328
6056
6058
25793
105358
92137
1223
5888
5793
6076
5927
43524
63256
83380
43375
43340
92172
1245
158486
6438
6450
183867
154265
183862
455
68427
127869
68313
68253
4955
127528
88230
92757
1556
100022
157978
158264
157864
157731
157846
4206
4217
43154
1250
2912
32321
184016
3520
187103
183965
183944
105983
183937
183919
32139
121512
31713
9251
183979
2929
96533
183909
3524
87872
8388
88228
88020
69009
1406
88047
1500
1368
4232
157654
6519
413
9222
9250
68843
68879
39425
68935
4940
1513
91666
111301
31566
104790
5614
3613
5583
6130
6122
6124
104801
121326
5519
121230
52454
7814
120105
120694
140912
140756
140815
140973
157017
141277
138448
157288
141310
156893
157153
157494
42908
1257
82286
1265
1266
6141
6143
104386
1919
5327
6959
30311
55077
95412
85167
161318
1803
161377
1837
88517
5256
5272
48144
5304
98194
7762
119057
6149
119330
7669
1750
5277
5281
4114
9312
736
4145
4126
5467
127809
5262
7955
72793
136428
4124
9494
802
9511
138477
147635
104911
76669
76754
137376
76686
83126
52609
52654
141693
131954
52663
111778
9481
9468
92036
22488
1049
61916
22496
45748
1018
1046
946
45522
956
183906
76532
25161
104864
76569
76603
104827
55656
45587
137248
102551
102140
779
101653
101944
9340
9324
9374
983
9395
9400
776
22456
9446
42771
102761
22433
30723
80147
61812
30674
30670
129125
61521
54824
93917
54825
53753
72883
92943
92922
127949
127972
140183
130256
140147
393
140500
127011
4658
5308
127936
5362
1431
99617
98412
4660
99554
99051
99514
84930
6991
84864
18
6998
90125
29507
25
7009
30024
140136
29292
7036
28336
7080
7079
83396
1982
88876
5421
127998
48287
5410
74409
1925
5448
75945
1918
76388
1128
5383
99377
1182
118538
99389
97233
1212
132626
103425
4560
89601
89395
1097
89467
89504
89607
89447
7077
88990
914
7026
89853
7030
89995
2003
89182
22446
1137
7073
25120
9484
2930
4474
4481
102774
102742
97367
4723
103802
4441
22375
1088
103747
103711
103822
2979
4448
104795
2901
1035
118455
88964
63463
83588
2103
83401
1986
1992
1995
58011
5014
5015
469
5024
47780
5026
67616
67820
183809
6325
45821
183717
31505
30980
7018
31095
2964
2963
104620
9289
74909
9297
5075
139725
139912
29078
5028
9284
3491
501
58064
5064
9300
67120
9311
2970
9305
54596
9298
66962
492
139772
120193
493
495
116659
66690
4682
137329
136602
594
5035
92824
32519
184120
32502
32515
2893
2895
9178
69187
69241
2874
9410
54798
2900
137310
137231
9391
64498
64693
593
95530
64979
65007
84779
9364
564
572
553
64851
120366
580
137047
27058
137174
137199
2118
7210
5155
5206
5179
137772
5140
127675
137909
2069
128166
138331
138809
27807
27899
26761
26999
7189
885
7181
21991
7186
95325
101558
101377
4574
101342
88434
5188
2371
5194
2321
101334
5172
85737
86884
2147
7243
7234
2136
2133
26772
86537
490
86167
533
101123
101126
4559
4552
93906
77296
2297
4627
4626
100792
4630
100724
101629
120928
101583
2267
2078
2521
5234
5222
5233
4695
78040
5231
5167
2501
84097
133396
2465
77895
26327
2260
77876
81752
22195
81779
140641
81762
51692
91551
81706
950
81704
91717
81856
81805
6396
109898
127553
78553
78794
98573
5116
78831
5157
78161
51635
94975
26372
54906
95213
104641
2788
50917
26350
78607
88549
88209
2243
78134
2792
75568
2428
93455
2389
94060
2388
74996
83326
93391
24966
9383
2845
46050
26515
2590
93569
88418
26846
88456
26872
3006
51585
26853
51636
104717
2833
81421
81467
51728
2403
2406
26712
26598
26683
72157
76427
81493
160825
92662
26708
76207
76291
70904
71999
81931
71721
72373
2460
70459
69748
84079
2458
22442
131133
71897
2536
71809
52611
32509
27227
27230
7213
91438
2875
91713
2516
90307
89701
90635
90416
5620
32546
58751
32659
130067
90745
51316
877
81544
81601
51535
51502
2950
2969
25129
2936
89325
70314
8960
2560
2549
157848
89476
22037
51376
51473
26795
104919
2996
128450
58906
89133
26654
91731
91652
90016
26802
91697
32690
2985
25151
2947
48769
58899
52726
32629
128382
58837
58648
128341
58799
118307
58638
48408
58587
52754
27250
58656
89952
89802
95801
95704
147857
147788
68806
58813
128330
58791
157299
58814
83406
122049
111956
93494
83426
111979
43455
83464
122584
52759
5537
58667
118533
58857
147935
147949
5904
147931
112041
112048
118019
118046
5313
118015
118094
58878
128296
28973
58958
28950
156361
156313
28980
33925
28993
33938
156483
34164
83702
142567
103508
58981
19942
58984
19922
58962
96581
59048
128603
59074
59060
118501
68822
58827
29044
59096
58836
29052
69072
59068
184008
96674
118148
118113
118109
128075
118216
89975
118237
142904
142919
56008
65685
53991
33973
142708
133186
142787
143319
103531
65669
94505
34274
32708
155820
156399
156456
156494
5137
107933
107938
5068
107849
106652
106611
66318
128116
68572
66339
67131
66921
4569
67174
66958
65548
65553
66940
143235
143211
143201
34240
65774
65825
65782
103580
56170
65834
65842
102417
65761
103615
102421
104138
143083
143097
2129
103613
67100
82849
32562
67089
87379
66996
67075
107268
67327
31367
32516
32631
66897
92850
32542
32535
34223
156536
65722
89868
136486
106493
66290
66246
116365
66293
65507
66170
66227
66177
66243
66222
31414
66228
32004
66167
102613
141218
141193
141261
31395
31404
31391
141276
55752
65448
55824
65514
65509
45693
65496
65478
34066
65493
45639
65437
102519
102526
118193
118269
5455
118209
87659
155767
155919
155916
131436
102445
102433
102536
102579
102454
102552
131446
102455
140940
140892
32049
141135
140920
140902
141159
140899
141095
31272
31301
33804
128240
28916
118379
156192
141040
22515
141012
140984
156242
156223
33725
65213
102252
33710
102329
65207
127224
156042
141125
102343
121478
130992
140799
65131
65272
27078
106535
149690
149798
149816
106524
106155
106153
66095
86155
65818
106526
106081
106082
149716
106107
106109
65784
149769
140847
31935
120999
31237
31989
102214
141418
102195
91730
140731
102291
141469
140831
31715
140837
51659
31653
65753
65719
76738
66085
66072
109742
81607
156010
118382
156141
155993
118417
102203
33609
33660
141436
156150
109718
106040
105921
65659
80141
64071
121130
149596
149613
54340
104392
44469
105991
149636
81698
149652
44500
149659
106018
109626
109643
110072
102605
141387
141400
141329
106595
27135
25632
144276
27130
144369
125964
56482
144457
141376
105939
3533
65580
145007
915
31361
149587
27120
65680
101391
140164
101400
32552
32473
2482
63990
64027
64063
132036
132402
32480
132412
93640
32607
56444
54539
9252
54525
105927
54379
54439
92603
54510
127603
127742
127557
127566
127757
127727
127740
2146
109977
27091
56375
144772
76145
144677
96708
56388
27069
101279
101315
141906
8114
132198
101211
101276
101195
63802
101262
32295
63948
32392
92715
42776
131800
93416
32316
131791
131828
131803
72501
32327
63926
63943
132116
144800
127475
54331
23098
127506
63334
93522
127449
23087
83428
93496
54035
87915
127220
22964
92333
92338
94524
54280
24321
54050
127423
92472
109812
144503
109818
109825
109886
144618
144815
26965
56200
56163
56167
92299
111809
92228
141189
92271
127169
23048
144573
144645
26403
154302
26454
94126
129997
101162
30682
101156
139163
84063
94162
111905
131455
131426
93151
131532
63682
32177
63643
93830
63637
131767
92580
131673
131679
63728
32258
101173
131730
141351
131564
63769
93316
131664
51073
154316
26462
101325
81096
120873
81370
27044
4111
26970
1369
92415
90038
139336
109832
131761
22988
23022
22984
54107
104230
54158
93285
53947
53980
144168
127310
26901
92359
127299
127289
126991
51106
109559
55996
26881
22864
2442
53914
22802
126909
2445
94152
54979
94163
93117
55978
127024
126918
137210
126935
28828
128144
128081
102896
92869
94333
2821
154281
26434
50993
94649
77441
56135
26398
55903
55876
51864
91984
92907
92047
126855
128154
55927
81238
26868
144079
109524
26860
7005
51062
56761
92910
51010
81265
109508
144042
26424
95912
95826
26283
26305
51846
109391
50825
81259
110262
27335
120522
81016
145283
56690
116382
56662
92775
92783
141635
92805
120042
110139
110240
56413
145284
51789
136290
76932
5204
5243
68616
79182
96073
2204
95959
96090
96146
9293
2781
687
87705
87980
4516
4520
88181
4537
121658
102174
2622
58839
79398
79462
87918
87785
26915
4507
5038
102426
79644
4495
91199
807
88583
88513
2607
147815
79599
104719
104647
4821
127256
4815
2602
147964
79745
79950
70763
50778
91780
126661
126689
126746
22748
126735
109325
109348
104854
143842
55804
140807
31694
91820
91862
54802
143770
145217
92734
3580
26231
96750
96793
43670
2162
26219
2144
2149
3529
26158
2750
97417
97291
143747
95071
143740
116247
26758
143713
26107
80890
50670
26141
6020
109258
90728
611
130052
50701
26069
26083
26090
50638
120320
50570
109237
80761
63436
58597
138294
100354
138430
29015
138445
139315
100495
138338
138339
138328
138279
138329
138410
82878
92904
132903
2167
53503
46937
126640
92313
22711
100479
63276
63294
63289
100351
128285
138407
130856
63198
53595
92802
121344
130871
130890
31613
130911
131089
131096
161160
122600
93015
92970
53666
71833
82026
131071
63221
109206
80772
143577
26697
55639
126527
143524
130869
91676
25832
55559
143550
126552
80731
55558
26632
55527
143394
55490
143455
119627
119614
156919
119547
118389
88902
30008
119552
88925
57590
57604
117968
138048
87798
57619
57651
138079
5567
79264
88895
48548
88894
4679
57560
300
30247
110021
30327
88920
88870
119504
65034
137911
137734
129431
30224
137773
47907
137872
137882
137795
63410
30897
64947
64931
64929
65025
32560
101483
63443
63427
101461
761
101484
101599
100800
139586
81419
140352
101579
101591
64913
139608
63315
110681
101348
139396
139398
139563
101489
841
101615
101613
7097
101606
101646
101630
32420
131897
32512
5058
137783
64891
64895
64905
92673
32401
25463
64959
141861
94664
94654
94651
94592
156805
68602
157072
156686
156679
156759
156758
119595
127870
156774
88481
58268
156648
156658
156680
38648
38611
38644
64184
94598
54460
141891
137908
38632
156785
5123
38575
32291
63791
93988
93994
2336
93982
63784
142781
93981
63817
127443
4969
156293
38389
38395
156475
156538
121676
121718
51909
121696
22468
121670
22465
121664
4479
155477
122256
121732
127749
156635
156551
156559
5187
156598
156609
156616
64009
94251
94223
94213
156463
38542
122328
83923
94001
63815
94012
53766
63804
103915
33760
94029
63828
63870
63839
156539
121596
140957
121657
154826
57835
36884
26931
36889
4083
36897
36949
57836
154678
156173
57839
154824
32024
121840
121717
121875
155125
122297
102322
121827
154868
57937
127492
5003
57999
57997
57980
154916
154895
155097
155062
36999
57916
57896
57860
57948
57993
57955
57974
57877
93925
154726
22540
121752
27028
154962
121758
140830
121515
154988
36976
154704
154934
154955
37023
136383
154860
133385
63957
94158
141256
122013
122092
122078
122048
155346
122043
155348
38530
58076
38516
122004
38469
127523
67911
38463
121908
94120
74187
63942
63904
58017
37226
56914
37143
155306
155299
22735
122009
121887
155224
57935
37050
116633
37205
136730
155219
155165
116673
155182
155015
37215
155230
58006
37228
94146
141505
102721
122302
64844
120866
791
81362
101525
4649
57514
88856
119439
119493
88839
57505
88843
137824
4958
137674
67975
137806
137821
139402
30219
137778
156406
156486
156409
156479
47896
78649
156508
156515
156400
137849
156490
137886
156533
119422
156410
137663
88514
57171
64791
64832
787
101518
101523
57472
30162
127421
137673
57474
88773
88791
88784
5044
156395
119397
119376
119391
12
119336
88781
137631
57909
137655
137646
57451
57442
119319
118979
119282
119292
57952
156294
156359
79768
118999
88527
128078
88754
127817
5269
88534
29613
126530
136779
136764
31597
57873
137624
137572
127295
137552
4584
57426
29641
88746
29636
30083
57393
57413
57834
137593
139598
100815
24560
64255
139603
100819
62030
7580
62048
6177
100227
156822
138128
136813
137504
136808
64771
51056
101496
101502
101499
64802
64262
32340
101433
137468
42707
32371
64744
32334
64739
138238
101321
101322
130154
101297
139256
139253
83353
63230
136880
120452
30735
98387
136852
136853
100311
63142
63162
66894
136869
128004
138198
100296
5397
138177
100297
31494
130802
130846
63139
83268
63137
121800
62009
98415
98467
100289
1040
31651
62073
102342
62055
92735
31449
130765
121200
7269
130747
123285
53539
93794
53551
92750
22081
130725
92711
30854
130708
31612
130730
22655
30816
62018
62042
30862
62037
50819
30851
129396
92670
82150
92053
53528
149629
91507
126428
126414
22645
126318
53440
91490
91510
121535
91868
121702
92039
129411
66508
126280
22548
126294
102288
22561
22541
53187
93452
8376
53195
91998
64256
143323
55406
91372
3232
55405
26564
91782
126232
22508
53042
4154
126249
53110
140789
91801
91816
91293
126242
126245
91240
7099
51210
91268
126264
126229
30518
61369
30482
61386
22458
126176
91701
81781
91637
91627
26976
126209
91584
22448
26934
126163
61497
31489
91592
22158
121258
91595
777
61060
61040
30452
128928
52939
161339
52946
52957
128869
100011
128881
91408
22395
126126
126137
128634
128637
22381
128851
91096
128615
128609
111397
22292
128564
52613
125767
82855
32569
52666
91069
125843
56408
125896
52696
125808
22344
91286
52818
26732
125961
130207
90901
126003
54935
143554
54560
54598
90466
54690
108209
90426
90401
141929
90596
125706
56271
125761
90746
76623
125804
90763
65570
26151
26140
142033
142054
142071
2905
54806
45768
26170
54848
3592
26247
54881
107275
141024
107533
150277
141231
107508
92273
141192
131488
141270
102550
141331
4763
107453
118826
186358
79662
48609
147625
48684
156097
107555
48562
79252
88885
48533
137603
4883
107626
78327
107613
147947
79727
79710
118144
108303
142117
74791
44621
24744
8637
93812
2210
24858
111572
2222
74924
152793
24863
147862
49007
24993
5785
48900
128535
48867
108992
49026
59023
48904
108161
2185
83759
2227
2802
74956
24890
25326
2230
74923
9304
24862
99836
79761
161789
113184
132885
2154
113264
112469
111483
51310
91386
111065
82035
140894
42068
111533
2199
23053
112274
118827
49030
79633
20044
48987
138848
11725
79791
186406
118933
109099
49134
79811
157607
48993
84589
114291
24738
9192
2724
6603
80673
6633
80719
470
50390
26043
3394
25934
26042
2055
142371
2059
142376
26514
9037
104316
143283
108888
46032
3769
26499
104254
143212
50294
80609
50344
167765
50236
100738
363
50170
389
21072
80525
50209
90256
21036
80496
25849
90935
744
6950
91033
60996
91060
144132
183010
55198
6995
91095
8553
161823
142480
26321
80237
43734
142596
128242
108541
55034
2177
142713
142746
49817
110015
100709
90214
80452
118563
108729
26448
3715
26420
144107
55172
6560
100884
109584
49671
100292
2620
3290
25798
50144
101029
859
110995
11523
89255
186344
5838
48996
128843
79854
79847
79861
5933
49158
3008
25269
2426
49222
25254
79841
8958
104191
103500
25381
94149
133346
2443
103619
2435
103600
25390
9685
25411
2451
94052
2383
103927
2377
63923
8834
2441
181723
103988
108380
49398
49412
109349
49401
28782
88768
108403
28101
107701
28816
138305
108441
100102
6118
79948
128939
40018
79930
79939
129577
158667
80480
45268
144162
25523
3170
25582
9695
25426
43246
1876
41986
1062
102047
121454
1051
102024
1891
25593
101815
25453
102624
55159
45207
25445
55174
45222
153379
25460
95509
25467
183007
25482
8846
74182
2449
9154
104458
94067
113623
2393
122437
102849
9699
25432
1869
106116
86423
67590
87926
78236
87933
93260
1850
61015
21746
101479
1914
21561
101286
424
120058
80583
108287
8541
2115
4455
97557
4437
97532
15360
2100
63434
2081
103530
2062
127760
98726
146552
98091
1973
73685
83623
93467
1984
100084
8885
2479
99501
23687
2022
98888
4568
102251
111684
156484
5113
138074
5302
112763
128027
108327
48192
5342
118073
5357
127938
5363
2171
113426
43851
113484
58003
88196
133007
113382
48360
118202
5452
83255
43262
1883
8270
112830
103174
112736
5396
90571
6913
91040
41033
6711
80833
137652
4938
144767
105656
4781
96083
3472
130218
50877
81129
4791
102011
91774
6825
6861
52855
83059
1764
4356
4335
126974
117145
4634
4618
8691
83819
84873
26949
4091
4100
4172
86855
116430
126181
97044
4095
98302
4907
110362
3535
85934
663
149144
110619
4603
4570
37612
4502
4278
4673
4198
4678
4668
4661
127290
4836
4175
4142
106462
97108
4149
106425
116445
4110
26972
184337
4112
110254
108282
184188
106274
3726
98081
4751
1048
71700
81912
4865
6810
8074
1732
93051
2139
3904
3811
42710
82635
136354
4067
103003
4732
56569
3980
120395
30685
90672
6741
2561
126310
184440
4210
4203
4255
49224
94751
4080
4088
96883
3982
3991
3027
75458
9661
3055
92771
102814
112295
111511
6488
97109
3432
3954
55651
3380
96925
96018
96819
3788
96608
129768
100922
6584
3445
96155
6596
120189
6616
110331
6651
139774
6643
129861
6645
104413
94625
6715
494
110276
6618
9308
94912
139024
98280
4886
8695
142692
27460
30689
53084
1905
2038
30805
93324
1892
139589
21088
400
4895
543
101482
41400
31047
32269
45378
144292
32855
1805
180499
1613
1642
1658
75177
34929
93179
1796
82986
1717
6414
349
6461
112424
1640
7947
42874
1610
33621
9320
114428
24880
69569
32831
129418
80337
139393
6393
139569
6494
105361
6523
36722
6557
148926
100997
148891
66908
37471
1565
66115
96775
36624
122480
1620
80174
119573
148408
127044
107307
37951
92737
1541
87499
4551
149088
6814
149115
37755
37594
148258
186142
147576
118102
147277
147752
88634
147260
127328
4862
83054
8109
1760
146833
146351
4659
146544
97995
4707
145993
145792
79923
148134
89590
49393
6140
148205
148236
186632
20617
139166
82
223
74109
2405
118499
79383
1572
57554
78011
4675
4690
47246
97854
107215
4558
44532
9148
26919
4066
184288
184249
85888
183586
3505
7303
91536
7272
97155
4185
184590
136529
106533
46591
77184
184437
132621
73474
1999
93533
33208
33162
3498
9381
2843
9116
63946
33914
2825
24481
9022
74502
34242
121455
22305
7392
56973
4296
184547
137509
98172
4807
4831
71875
50527
70512
101330
70843
7345
111318
71606
92659
102723
72591
70506
51178
71177
4779
145199
145099
103990
8819
74142
3084
25423
139368
90072
252
54341
24596
84446
74620
2468
74223
93067
141865
52752
72926
139374
6386
258
117265
4713
4745
134342
75153
9039
9055
30966
70945
93690
73691
75685
25201
75275
75298
86279
76588
31039
61011
71022
65809
3705
76459
44559
152591
74717
7157
129896
90564
3488
90095
738
6934
1279
92248
61644
111378
91748
178525
971
91604
91404
20425
109406
49464
148254
54782
75111
182594
81659
7190
182292
6628
90590
90503
119081
79830
182389
4533
1485
92632
92553
92506
4370
92314
92003
1070
91832
89779
9023
125733
135876
76553
43370
8365
8643
43742
53481
103641
43654
187138
106582
97120
116488
4156
159017
17965
4170
110498
159117
128435
48761
2492
8897
44162
43460
142315
1930
8319
53118
8314
58625
5509
128247
88897
8258
1875
86892
4199
1963
8362
5347
38876
48199
88615
378
497
187221
43843
5542
133261
43984
63962
94192
142981
44110
2396
2404
43348
73396
1948
8348
4183
5953
38559
107897
79898
6012
27672
4607
155817
47305
77990
79942
128844
89529
79855
40
2720
4709
4735
117296
38056
38403
143409
2699
2710
80442
64011
34002
33964
74236
8881
44149
8890
127818
5270
78836
78663
79031
63634
8648
43751
79067
156668
78798
5207
78762
79052
4698
78139
123681
84094
8869
74193
162320
8853
8874
24218
8854
74817
2754
94189
8865
44584
2722
8868
49186
79757
99434
48778
79496
186199
43258
32988
156385
38468
38897
9211
44605
2734
57894
38331
49327
79884
152638
74761
2730
2737
9201
2729
2739
133968
2736
38816
117988
38807
67164
37741
9206
2732
34990
3501
76172
3387
76001
9004
46875
77517
77629
138
183
80166
89909
139
171
25290
3016
139295
192
6092
103231
1868
43235
93288
6059
100106
119267
6120
119277
6125
110316
521
55821
3492
183556
83662
142525
2156
108345
93838
55596
183356
177303
6146
182861
54934
95250
67230
185051
185046
94535
94340
122272
7815
102528
7705
183563
111899
7666
2909
54819
2911
9492
25131
114656
2938
5866
5928
147963
79744
79681
5881
183646
65738
3664
183939
45677
3470
26258
55991
135603
183721
183697
186386
5899
144539
3384
25924
3359
185208
4702
185193
87996
107589
47583
185356
185235
47284
185121
54614
2789
35294
45652
35869
124307
74914
2785
117196
185148
78278
102
9256
24786
54504
74804
2748
128108
79129
54033
24303
8913
78577
36581
93399
1938
8334
45328
65065
95632
2116
93674
8542
131938
7958
46091
183963
55932
65611
96233
3494
96124
74077
63855
24102
2386
8784
2130
8560
3308
144434
135131
3303
52783
1715
4976
98391
185459
185441
185374
46550
37024
116726
37328
107869
38532
185557
127512
185499
48182
118042
185817
3316
3970
36729
110490
2796
117939
185736
160048
2784
44783
44738
130797
159905
126328
4225
71854
1114
159731
41590
159692
1149
90917
159310
4150
83373
1968
93457
63265
8380
23615
1979
133608
8987
44345
1179
136437
4136
6981
21743
159459
77046
4101
75089
95060
9380
44833
2175
22362
81991
4107
71835
1102
131022
1075
160121
128741
5940
89494
83305
1920
8309
43263
8271
1884
63133
1894
8282
23516
122903
8295
89202
89654
8248
129423
80342
55036
45115
3026
187403
9249
44655
624
139977
101227
187431
182379
44710
103883
2346
2381
2357
3012
65418
3423
130157
6840
187508
107270
4656
18515
137290
117181
18518
107679
1793
93177
18835
108478
5525
103859
2331
43216
8230
46720
77328
27211
46740
97335
13638
106602
97270
97554
14848
155352
4412
97487
66336
184279
184378
187204
32665
180598
14700
136841
87245
97478
13896
98305
89638
16068
187315
94135
15575
4220
77200
46607
126319
184450
3075
97884
15409
18435
55058
3037
158634
182893
3042
101120
187335
100534
90053
109848
240
3049
94318
34072
2531
8943
147732
5741
134235
2850
5737
54804
2904
184482
44267
8961
5764
108872
5786
19830
5668
5672
128518
39463
108821
79532
118565
5692
143025
24275
8894
5679
74241
2480
8886
5667
24323
74310
8923
44203
39369
79439
5685
2896
128486
5731
7555
77628
184824
186365
99695
44381
99732
184621
97334
184565
46824
184654
99498
118477
5632
100671
326
20955
80415
45189
25424
9693
126427
4300
102335
126924
77881
185052
6011
39875
99936
46951
184798
9644
129693
100849
3812
183981
183994
96238
86345
96651
9620
110275
148875
18963
48675
5854
2920
591
184245
136258
84214
8944
147706
5717
94294
24325
8925
85047
45040
21905
6239
86
75252
44999
9516
2955
54938
95255
45035
55097
75465
55079
75448
91416
21940
126001
136187
3937
145385
91355
21959
56503
136167
1037
71683
22283
136118
47817
81440
21878
8918
548
44304
94400
24334
64055
8933
109577
24288
8903
6648
527
108133
3448
3370
25910
125181
3347
130002
80907
6744
3458
88550
108127
126358
61886
102187
116636
126411
66276
46371
126098
64838
182855
25304
12345
157975
128888
109329
49377
11874
3801
37984
4788
185295
14588
123960
9030
5845
5858
5900
21894
7084
13012
6767
57879
78372
127372
102237
14017
66918
77593
131530
160628
66974
126697
81442
3744
26529
801
3770
139752
110296
49536
109465
132897
2163
73741
15433
7125
287
109911
91382
7179
7347
34181
24430
143199
8992
5799
89339
79700
7199
30843
101296
110615
111270
7310
13169
53603
2234
5513
108462
3743
110609
5789
99704
147899
186289
5771
83807
93877
2258
73892
39139
186067
39477
186279
53576
2215
58682
186085
58662
39138
102375
19906
101225
117766
19079
102116
19530
101335
137830
19049
104820
2917
134351
9464
139189
119517
80117
54842
2924
44941
9441
2883
119505
89845
104780
9426
85544
3274
185630
78655
67980
19035
75067
134258
2863
134333
9450
186644
95
80108
89903
139230
100240
41
9430
81
80098
99
109642
44883
9418
4987
57976
18964
19378
64754
9534
35016
9503
2945
95582
9701
100708
102068
19515
127
100383
44291
59002
19954
103684
93778
8547
78899
19313
54797
25059
2899
187012
80467
100747
9033
143276
19948
2957
5320
48170
19314
47997
20804
49927
2837
9375
47531
47800
9608
134421
2952
119618
177
104947
9586
103034
32617
72882
8009
88810
48444
94377
49130
8008
5840
49054
2956
93954
2315
83177
8202
90489
135280
45604
2277
90920
56268
145126
46052
51671
22297
126182
4096
4076
1927
83505
170904
161320
98371
103235
161428
4848
38279
23454
53001
1854
161399
22280
4081
2351
109102
5923
45032
2982
2986
9555
2913
2251
25125
9489
2933
85132
2984
45201
182968
54951
2990
9558
46288
91246
92369
26969
4108
131048
91881
8067
2238
2242
47051
116698
46793
46805
48441
47518
121411
1033
171618
74373
143130
113740
8861
2461
171645
122811
132345
1840
63248
170785
182837
172559
26103
173355
55905
173418
42051
1095
91895
3866
2611
31469
91568
4053
172925
94387
2581
140978
92023
2063
93601
2122
7933
2793
7700
102511
92401
3953
116283
3963
4013
3971
163771
118215
88751
165964
38662
165562
76193
3512
45781
46523
49530
49048
157809
5963
49211
164854
4036
149761
1006
154232
173631
76401
45907
21841
168681
6930
3691
45928
119709
49944
121307
988
6088
9292
2780
54642
44774
119272
49474
165113
108812
58850
79413
5662
186312
5562
186108
185902
58785
118452
186152
79535
48852
9286
9319
9327
7981
100124
49489
100241
49614
79911
6064
186497
49369
49333
100123
89665
49488
9306
904
51335
2094
137342
185179
97971
42764
82695
7853
186010
2152
58591
138288
176290
141722
32589
1641
42927
1649
23170
7993
1430
92527
32709
93043
73747
8588
142537
2168
23152
92888
42920
7990
161192
93054
44342
2610
94450
94697
3931
3911
184274
145348
3910
6544
25701
55428
3244
76862
3944
46286
96787
3908
80078
129121
167194
114268
94737
141534
32421
23010
92694
7850
96150
96020
24609
44485
49286
166875
106197
3927
166903
166796
9047
34287
2634
166838
168244
21580
168340
167839
139209
167279
168811
91581
169000
168547
102622
82551
56
25057
2897
44947
42694
1473
82618
75525
25450
90132
20909
119813
4523
131698
82608
274
50007
6430
119861
90137
30245
297
119816
160772
92595
82600
119881
32385
82648
3164
55291
2999
75325
63244
83365
185440
47629
117494
117564
54893
44984
9520
44991
19731
47423
103595
25726
3240
25685
3216
80644
139656
50337
966
141583
170150
32549
131936
122476
170256
118092
176127
110726
50937
858
50878
7128
106054
3820
97391
169643
170085
53086
923
176854
103176
93231
43172
8193
142064
103221
53018
6641
3336
120443
603
178467
3814
48119
176028
3805
113772
8882
54827
44931
106032
183970
76642
817
51160
71159
21850
46188
136063
86387
116121
136030
136075
184023
136026
161782
83582
57956
47708
21768
21790
91091
21752
743
44894
6138
2299
103938
137888
117800
120074
83500
117772
117745
156485
185584
117753
45157
8498
83544
4988
117609
57855
4891
57986
117614
1949
8350
113020
83441
27674
4610
102815
82755
117668
19776
127561
117695
55225
183035
45134
25354
45138
8205
117704
2372
103922
135941
56265
135900
57902
47663
47636
985
22196
161837
142495
83573
9328
44811
21699
21702
143636
2816
44837
152888
44828
21731
44815
43897
115834
3682
135726
135757
51458
149655
22113
135522
22163
53207
103393
83395
135859
74157
2434
113691
44051
21671
90958
21651
50929
21664
49497
44791
24775
2755
44687
2773
2803
134154
74959
135844
5729
5720
5723
186244
5705
5702
1502
112195
2456
58919
48788
63989
8888
484
85585
25811
467
186211
48730
8850
104165
2415
94113
8813
53861
2409
94108
24147
8809
25897
183382
416
90911
692
2365
8777
83964
63844
8780
706
70417
187144
443
94064
8787
132399
83230
8250
112806
21220
50410
449
90986
729
90367
436
21174
21168
8555
115252
55502
3278
110224
466
94081
8798
2401
104057
44050
63878
2408
8803
111018
126445
106682
7464
71272
111022
110930
20042
79630
5772
7462
3341
65321
55590
3340
140979
7487
128293
19741
128326
65750
17351
55478
16952
6464
110028
732
110737
101349
110682
111298
66311
26894
116376
106517
4195
116629
138300
186012
5494
126278
116513
2595
109002
79668
94429
9000
2573
8970
3258
75531
90152
25397
144040
9659
18486
783
21817
7108
110977
25333
9635
3719
111189
127015
18521
1103
7436
22495
111653
102746
7846
14523
92804
112332
3675
18919
9575
25289
9602
3239
117360
25406
9681
45383
3221
9276
80645
134973
55394
75742
3225
134579
95346
54929
2977
9541
183726
3610
43837
113468
54884
44976
9510
112918
74199
8857
19802
153074
9505
3167
108896
152312
113980
74133
63934
113709
119571
6292
49808
49313
9198
64202
114045
20086
153819
3392
3546
104227
118737
34279
81107
685
3590
76381
55981
36105
3594
134
139358
119734
129237
151
8543
83330
161539
160366
27220
106678
62019
160380
135999
161750
92155
160382
102244
82165
44690
116599
46671
160362
5037
78532
117706
161552
22545
141043
92099
27259
116696
160390
4257
27266
46797
106718
116705
961
46382
82437
102513
82453
46360
4012
61516
975
184264
46408
21551
116838
120929
7075
21864
82555
21873
66985
47003
21888
3021
134577
77764
82547
21545
133338
21543
1231
82223
9315
74938
119293
24898
119378
161784
116864
138118
185822
161790
2127
103610
161830
161829
1479
82625
123249
161874
126885
185022
116996
48356
2340
162134
92846
82823
82680
141355
112016
46996
116954
44722
100235
119396
114532
44861
119454
119469
43814
2263
8685
162022
162049
162080
111889
82379
72175
141173
1281
82318
4390
141240
102461
1330
82392
119423
92878
82853
117143
92864
131942
122481
82840
32555
122483
82842
103717
5403
138185
88684
142675
162020
82884
72917
1680
8027
92976
132041
82929
4589
117080
126901
117073
8733
2313
113512
162097
82957
112488
82945
2195
123474
162112
2309
162089
74714
94691
152635
74758
133952
759
21732
76511
118839
5867
9155
133890
46664
126424
66668
46723
22477
82121
126365
46657
92279
102415
1304
102423
31685
102041
7646
102429
133914
9107
9183
94717
133928
134259
106725
126493
46800
24825
134076
790
21802
104586
134051
121586
51803
71847
1111
71943
71876
102470
82472
102535
102545
67042
4503
116935
72363
102544
31748
71808
54719
9386
134236
155282
46846
9282
124404
134232
59604
89726
2891
25040
134299
91187
21824
9455
134338
7050
805
21832
155333
4402
46883
97506
46917
184904
92340
82397
46916
46931
21852
46935
136838
46886
164564
31874
92027
82126
22472
102191
92014
71940
6071
114501
134224
46663
141075
22566
169536
71941
155579
37675
77756
22883
102631
71975
102628
184936
44855
107118
57395
126866
102639
62000
72055
9537
134461
92564
32325
102652
92206
62062
72125
112095
82569
102646
92623
1482
102695
141464
102677
160806
42714
102705
2966
55033
114820
3035
124729
134616
45153
9658
134653
149454
21887
102791
153298
134652
216
80269
9667
134665
101466
21733
133847
166767
2678
24606
133820
796
110886
21734
44530
133875
92308
102439
133976
102392
9145
133872
71712
136314
26889
4035
140746
71672
117171
42726
4050
71696
121406
22269
91742
31632
71665
7802
32352
72537
117152
82672
122310
92664
72597
4647
102883
71865
102732
82666
7837
92716
7864
42777
71885
102130
71862
71877
42778
42852
131408
141198
92286
121940
102422
72173
116835
121913
141177
82322
72180
121841
72103
2011
43440
103432
43425
46842
4369
116753
82218
72067
126335
46624
100306
119475
134381
44874
121983
82388
82466
182627
2908
104918
2928
74259
142412
2084
83562
103553
8472
103514
3375
12942
135402
135468
47396
117292
138415
19717
32540
82825
117293
135631
88900
186115
128250
151980
162241
2425
8816
162261
107449
67538
117345
98107
117344
53939
63945
162319
117368
22
44899
9408
104793
2898
75128
44907
47261
47192
47328
57553
47324
83197
23397
141988
1811
83142
57479
47241
92980
82935
117393
81530
21952
56532
26784
136202
21986
91383
21978
135207
103335
103649
31255
21939
4650
155850
47340
87688
47288
47260
21950
31319
81581
149553
21998
63296
103416
21953
21958
125149
45525
25836
6609
153839
3406
135282
63302
23644
132620
103421
187355
55673
135266
103265
3311
135305
8384
103396
183462
135308
135295
6525
50286
125099
135088
50423
55693
183443
135228
101728
22023
107086
47120
116905
46946
78158
102876
7950
117371
83121
83095
4750
117320
4704
78055
57595
37996
117323
25660
134965
83161
73172
47746
127488
83169
103197
3115
3209
134940
134939
136112
21911
91324
21934
47087
25554
3155
55436
75781
135017
103224
12689
70265
135028
4906
103214
1770
103188
43209
103209
132365
103207
8537
73664
55494
65227
135076
15021
93315
112832
43254
103248
103241
8273
103260
1928
180968
8907
74360
6487
45460
135068
94332
44242
133527
74355
144395
135082
135060
8502
73609
8182
83156
19740
186262
44076
552
19769
88971
5627
44106
50382
21199
142296
8419
542
73797
83602
78863
129850
518
86799
136460
116484
2776
10
119334
24026
8724
599
21452
101351
110694
90796
21527
140006
641
43462
8442
101289
660
95983
115444
101020
21286
103838
2312
123514
63810
43927
21253
118253
5482
108416
2203
8638
2246
53620
73895
109104
182215
84431
74598
94590
44462
34264
74522
2624
74612
2252
83856
43846
24272
108160
8459
83579
8520
73719
141181
72185
21305
6652
21319
110375
21340
45564
3358
21329
8906
44216
2009
43438
3500
140088
110658
21519
8708
55899
617
21508
44431
84380
54266
109152
49197
186425
34300
54287
44415
74557
139971
21491
44097
113735
5649
118504
133399
80195
2944
134574
91834
51724
44515
1187
51944
4263
889
51315
81589
101712
71344
1020
149788
51507
97715
87498
87407
4496
49209
24642
24114
2397
133268
24132
53976
63976
133407
86745
26945
4089
81967
102077
5616
186148
101516
41454
71093
3803
106029
71180
4130
91886
22376
71812
102121
49630
69686
20566
92504
1421
82530
52326
72422
174907
4541
52428
102725
122340
102751
72951
93008
42951
131559
22812
112009
72387
8965
133562
94362
44221
573
96122
21412
569
82177
9110
44476
2676
5980
89470
99643
8991
44314
44364
84222
24355
8947
5746
24345
54083
2534
128586
89219
44281
64212
44383
21363
11502
44300
115531
21368
101131
6724
21381
570
140884
102109
104317
9002
44330
34236
44355
5999
186467
20292
44645
2731
5998
9212
143511
44644
49332
9244
44647
118897
89349
44404
2623
104356
44424
24686
9172
133916
44566
113340
2205
103800
33561
103748
43782
96044
35861
581
21402
578
21398
23787
43584
129924
555
21385
3404
21384
44564
9143
44567
32484
102823
112609
1761
43067
20641
2967
118
40355
143
20697
141765
32628
42955
7678
97690
184951
7694
72308
134610
122
6274
141
20692
186758
119632
20654
55051
114839
132
25126
134388
9490
80115
20642
131
126
9506
54866
2940
119640
89835
6245
158672
259
45226
186872
265
45052
129227
20700
186642
80107
20577
111
69930
9583
45071
119566
129220
20694
142
25286
109745
172
30223
6399
280
20768
198
40429
129248
161
25280
40434
139265
80199
167
139273
174
186982
20982
20556
9538
6356
220
119688
137090
87491
4542
18480
117122
97890
155784
72558
187467
549
139882
21400
53211
1985
43394
20872
88026
4871
23368
8155
43124
8134
93185
8162
43135
57893
4923
1903
43282
83275
1871
43242
6334
20762
1843
127580
107853
117702
43227
6422
100645
50071
144176
95574
186912
20906
90099
272
20935
286
50093
129470
20925
20946
43470
20968
103522
8478
43554
2060
48126
8524
43572
50737
598
43506
72826
93588
117945
14881
137814
185558
43170
5031
142094
1879
103302
43303
73361
43317
98489
38487
3320
21283
1867
43284
92764
42815
72698
30285
325
45148
186818
20809
8277
73294
43237
55061
25347
45176
95447
75486
100514
30146
6361
20816
2142
2165
23856
1961
78736
47390
103450
2013
161655
23671
48045
5228
78785
3352
96027
80923
139925
8545
181293
63298
8397
43453
83541
117935
78814
103478
113063
2457
89027
19814
166485
79467
34229
2614
44350
2617
74498
127943
48230
43430
123036
112860
1906
1945
113070
123076
2555
15696
54123
44270
24382
99610
24376
123089
43490
78852
7679
82411
1343
136981
47020
82455
102515
126655
46952
52712
1656
8025
23219
116230
86503
106209
8071
72988
82952
92984
23227
2962
20664
114
42716
1458
109965
20943
78157
4295
126462
46775
1052
189
20758
179
49857
6319
119608
169
1504
1795
43127
8158
161348
1824
43159
137756
127514
103284
1908
8298
93335
43278
1900
112935
1953
103357
73404
54853
9485
20638
57452
4599
72579
42723
122291
1497
127059
1073
32476
72705
92792
42747
1509
102760
7857
1518
117063
4578
1467
100550
9584
182826
16475
134698
9042
133715
1029
1038
185686
8293
127667
93570
23716
23676
106636
121697
102207
76845
944
71457
21612
4238
131108
13904
1123
82167
102247
24252
99534
74368
34177
133611
2522
113996
133659
57005
111752
62016
102308
6102
89626
100080
20400
149585
91448
46195
47018
131516
122063
42520
45163
85190
2830
134206
100024
119180
20358
70062
129364
139345
20827
235
83091
141956
103126
117527
9280
20380
4786
32711
1728
43021
23234
82961
8044
90054
241
134690
25409
3119
45247
95532
246
9316
2794
20436
6378
250
7808
72547
42630
116338
66263
31497
51508
128552
59015
48891
104290
133677
57547
37939
1534
107339
78045
91997
22462
155121
46700
2824
89784
119438
119460
139151
26378
105839
3688
3764
105948
56241
105956
55004
145
45235
95519
183001
20761
78107
117289
78061
52707
82899
7934
1598
78144
9559
134502
182785
124
186687
139218
90041
20822
127194
78125
3798
106022
112010
1396
180
72746
4640
141579
23049
92760
42812
23057
8892
54103
104178
104118
74299
44193
3913
922
1578
23082
22359
1080
128788
71555
945
58705
128236
2951
134416
9509
97
4553
117135
1439
96994
958
107699
117554
135184
932
102236
1185
111677
4286
87023
46667
43110
8113
92218
22632
136775
4363
106879
105233
139601
6510
115139
3218
105349
106699
136823
106807
73127
103054
1755
8941
103025
1733
9301
24855
89674
99871
89454
8081
1740
112570
43032
82964
1701
114068
99769
186399
54286
133741
1719
8061
14776
43045
103103
1710
43055
132173
1756
4512
93201
1808
21909
91379
28939
48569
5544
1888
88336
88663
90005
104989
47739
76047
105491
56022
105761
105515
2918
2937
25130
104904
116476
106459
127885
108185
118311
108465
98647
175858
107978
108062
3899
154711
106270
106521
73142
1759
55257
20948
82914
1661
72888
7953
1614
2715
6046
49344
89550
100469
6332
90074
8142
83096
1725
8064
1723
59121
39618
89287
43115
103120
52789
1721
87336
106943
42501
102507
106955
4469
46990
102557
82474
141269
42485
9402
80083
89810
2914
9461
44929
89849
119536
89875
186956
6434
21043
90263
285
90116
89789
20997
90219
6460
80456
296
90228
95756
25730
25821
55545
105375
6526
21208
90434
8016
23210
1671
187153
90286
334
156185
1660
4119
106542
43056
1673
7939
57650
107460
30579
528
101065
21327
90727
90788
101480
91079
21770
91119
90832
30829
13075
645
6964
91049
21517
118007
78880
159423
120671
90955
30884
21601
90971
103088
43087
100958
90455
107687
43163
139254
20711
100597
109914
131849
107260
25133
109573
119624
109757
119736
2320
2448
162309
8749
2332
84168
2509
152170
133451
2303
48530
123485
2333
94063
24106
2390
74083
48528
53794
103916
83853
8710
8703
103796
2280
97994
102871
23108
92828
1537
8893
133431
43841
2286
129389
90073
254
40641
109992
108561
2306
2327
2902
25063
9440
44928
25085
8075
8132
73080
112728
107704
7663
122106
1395
112008
109338
128898
20363
111986
3877
897
51395
121288
111271
18796
1747
73016
43042
1709
42768
92644
1496
91244
101594
31184
122105
102563
4494
87404
107103
164861
1345
112042
38303
107722
52970
1835
112746
107929
43306
93404
8338
83459
2016
113041
98592
8288
1889
93454
112965
42938
107597
2229
118273
88794
151897
113523
7232
26723
66128
3905
26774
46283
7222
916
116323
8495
113132
9127
94635
143379
44399
51618
1021
106614
155122
4277
116627
920
71477
56653
116375
22236
1010
116604
106623
4276
77304
97294
4294
116641
63202
1935
103331
78601
98545
8243
122949
1940
8336
112916
154261
3710
135778
185855
103578
8455
2028
9087
24572
44352
24454
49015
24473
103406
1991
98896
78935
8452
93541
2025
84411
64249
24555
118890
186188
2324
99269
118427
87208
126465
4329
116795
102584
1409
116748
4426
116834
116785
5506
2400
113635
2307
8727
40375
119
4572
92591
1463
119534
108
92576
82586
1455
1445
122267
131716
1480
153427
25514
124879
92529
7769
1432
185197
155810
127013
117184
1468
25328
3030
139320
129335
217
32514
1595
23102
25615
115103
43338
23571
43388
73441
83307
53113
23544
1922
55970
115691
117412
103008
122497
72827
1629
185066
87611
102637
92549
1441
65092
134917
40633
16804
115085
135008
55335
55402
105271
115160
23
84928
6712
120454
101207
96103
90715
98163
107517
117414
2095
103565
2093
116948
116590
44232
1002
116478
117375
118039
48181
38855
2143
161846
43640
108272
2106
45940
3700
96565
125744
105965
156834
118072
48211
2119
2114
2076
1829
161935
43542
93620
2075
8465
43484
2036
2082
24256
53981
74235
104065
94218
8880
19821
99376
118529
5663
54038
2506
24309
24293
8905
54010
2493
24312
93912
2279
2503
74379
54062
24331
6757
3536
55904
105650
78753
185687
8286
1897
127863
48149
8475
2050
2134
73700
103617
8480
48168
48167
88590
138058
28538
48121
88625
8521
123380
43609
48163
103460
2018
5678
34035
44195
124525
25111
48849
104198
143145
74390
81776
51538
34027
44188
74338
84204
64015
24291
54021
94226
24262
53090
1910
8299
8269
93301
1878
3796
136102
125930
113724
94232
44146
24245
48456
53669
151791
2276
5631
186168
24033
1790
43143
1809
83926
24063
24047
74045
24077
90160
6421
313
139560
380
110078
165661
83360
53172
8358
1958
187349
579
83530
43522
161738
20439
122195
582
63245
8361
1971
80357
21001
351
187005
312
119843
44748
24868
134249
109449
89688
102446
42427
4097
121564
120096
116964
87439
1348
119209
54521
9246
44651
128925
119217
20565
2878
9422
4466
1351
92727
42784
78037
117239
83170
122798
93234
8196
117694
42753
1490
7821
4670
57544
117200
67121
117002
82585
117068
2105
117150
117151
38631
98722
117900
117906
117758
160744
122213
102654
82577
90882
140079
101324
21594
5441
118184
88123
185518
21335
110367
85728
135277
43152
1815
5052
117680
117812
93275
43219
117696
117769
116683
4327
46770
121633
179685
82073
1134
1135
2692
94656
44523
1079
37224
4299
1177
136043
101621
71219
51334
121087
47004
4440
80138
143974
9600
182836
104890
92332
1328
1338
7699
82446
169792
1248
72199
1188
143940
64797
85072
134522
3023
182856
1390
132975
8640
2212
118275
4501
102601
42604
87637
117130
9603
124691
117189
92611
1469
30194
20863
115003
124882
136728
126485
116703
140949
22452
121647
1141
106814
1127
4404
184727
1157
1085
102183
71933
106872
82330
72189
150220
22516
1183
56929
121585
102119
1110
46767
22492
1165
139236
72176
1282
95955
125225
125163
73239
83215
1855
73226
141971
1801
56235
3766
26595
135987
96653
56371
3840
125864
125986
3935
126111
126093
51805
1113
184767
2065
161904
666
101300
21501
117953
156710
88532
93577
43496
127237
98164
131970
42905
32578
1632
1147
29553
79817
5995
9240
124224
44640
34550
9237
44634
9322
54632
134145
74844
44669
9134
44509
5929
74737
147994
5968
74803
93349
73324
32744
4818
161292
8150
83107
103121
79806
20202
44555
141102
102321
94679
9156
9217
74783
74793
74765
44534
2697
44578
105443
161404
73231
9196
100008
84635
74833
44479
9106
44549
74705
161324
1806
73134
72912
103082
132208
1628
132169
1754
4767
8073
72991
47424
112473
102966
185449
52880
103096
8055
93135
103093
187130
6444
20965
8112
73050
43040
73088
103099
117783
112950
8329
1936
73375
4806
117510
18799
83072
103102
67666
4849
185354
117387
18643
141706
32577
23153
1686
122709
139379
262
156260
47679
8147
90584
43120
8151
8144
1787
119916
268
55156
25440
12454
266
103073
25462
275
115061
6405
21089
120011
20986
122503
1633
187116
304
55284
3124
100690
6448
20974
134979
183180
6416
100740
6412
20914
298
141762
72891
183075
72885
187119
153430
25518
20953
158653
30332
21003
2980
9543
128
20739
103015
52683
1637
115007
3132
95668
20991
72935
43635
55327
134905
3185
120092
110190
186945
20939
55245
115084
161184
43019
21007
100711
20920
73049
122682
1664
103050
2091
2170
43681
352
21032
186973
338
2268
142686
142527
8584
2158
8621
43720
346
100735
360
12611
6473
21027
21040
55205
3118
95531
139384
20868
40623
158603
6435
110099
119998
51629
108955
48916
161268
1778
116348
58754
108587
19701
84010
24144
63900
44036
53865
74119
2413
63883
24139
117850
63272
73445
127662
28355
47935
63309
73484
46068
105992
7103
120970
19402
43749
112936
43292
53634
43806
110061
370
21037
118203
108367
186029
80559
30335
357
187189
52837
8102
78378
21051
73756
2173
5367
43735
139568
110087
318
25633
40719
371
32704
1724
161294
43119
103124
368
53036
8256
4978
38404
93217
1823
112723
8183
80625
120101
4935
117535
1730
85498
21034
19081
83435
38609
117796
35743
3335
93274
8232
83162
122812
142032
8209
142931
24181
116396
126142
83201
142044
93262
83192
1782
56712
46449
97030
126170
128660
76798
3922
31386
101762
927
74489
44293
149688
965
71627
121271
973
79767
29525
109190
126275
4184
121530
1081
8949
5750
34150
44288
963
91649
51555
101846
962
1036
185101
92484
141365
1408
97774
89586
186552
136811
4385
97442
109143
99830
960
992
99373
9415
2880
119603
186734
182788
7236
130697
71399
25626
95665
16838
374
100772
381
1261
84046
133340
2440
970
126216
91626
982
21636
120771
110756
91021
2032
48143
96289
3518
8799
138472
99353
55005
182834
6228
20610
2981
114728
44422
5822
102017
111291
71574
993
111399
91770
4103
131039
42031
91871
121536
91869
160099
111367
91736
1600
93632
103555
108119
99842
5954
109151
5706
108753
48551
44025
94109
162196
43969
63871
8801
108684
54832
84929
28
139086
6167
92306
92552
37543
4513
184918
116959
4438
110416
24057
8761
8757
2338
140555
936
104603
9275
44696
49386
44697
8320
38584
113029
8328
93479
8315
161540
8333
129894
546
120294
6679
21355
127756
98723
117919
8284
25090
2916
2932
25123
48
102419
4349
7605
1263
764
125794
86198
65855
3765
105949
106000
56289
3785
135930
154394
125774
1269
24230
156303
4977
137877
185619
1836
43299
26017
26127
125391
154722
116318
106281
22374
51771
143475
124164
123924
88938
118372
39180
2342
2430
118570
108734
123772
1921
93367
119492
25014
89945
100425
139252
186718
2921
85029
114749
9433
44900
9417
25027
3436
2019
43456
63240
1960
53185
8368
43797
2020
78829
3574
96264
21524
120626
625
73611
127746
88465
8661
143553
44693
181656
43813
125014
25665
35497
43465
8377
144522
3372
26063
135397
21346
6750
55917
125434
109301
6049
94931
104692
124363
20351
42358
32010
4333
31966
1209
2232
113526
99124
92117
1208
96357
39171
101668
3776
81423
101582
7071
121780
92121
1211
43178
85687
95986
21395
45761
96198
49580
139156
22673
102403
42316
1221
3365
48198
118117
127971
108274
43642
65821
56153
96458
2206
142757
186074
96379
121768
42234
38853
108191
2048
56133
96434
43736
101459
21726
56157
2296
142727
43853
103815
128118
99100
44671
46306
96861
7581
102337
79850
2708
133978
143361
114156
9113
986
84610
9235
1198
87375
167220
119410
12113
100247
20323
4316
51954
1192
54022
84145
2497
1032
31633
130839
987
4262
94068
24110
154813
121267
39565
59076
108935
113880
2533
84298
15616
56677
4058
131015
91840
140825
121508
31021
110778
1389
6201
53
6176
20531
129134
100305
42933
253
92519
102612
4476
72414
111864
1303
214
55154
72358
7676
82351
4364
34902
9442
25064
2997
182794
156473
5104
117869
52671
117421
22578
1229
93688
73688
86049
183755
613
96590
101249
90783
635
3636
3724
125673
26329
154173
21559
44603
770
91110
81217
6929
183786
3661
138324
99139
183776
65726
125563
45807
21583
83472
2023
55979
3591
76295
21563
90740
618
25342
205
419
187112
119973
110734
669
81074
101304
6787
30867
101317
110649
6198
148278
20430
184897
4388
41725
22121
96951
5597
9075
97162
99369
28959
5590
74722
114234
8807
5591
54099
186315
58855
39340
5666
93093
180674
8104
55518
3287
4951
127502
38446
156357
78502
47727
1814
98468
15576
2334
93979
8754
116164
5351
19341
8656
113376
63772
2329
99255
113662
120513
637
50759
115671
186346
3836
121032
51276
7150
144607
115465
158922
94203
63970
8872
104147
5656
6429
45458
55485
139575
6496
6509
24622
114171
89243
147758
5765
4042
91804
51697
6505
4875
4953
78415
93241
103185
73334
151239
107591
112603
22055
130701
51396
71403
41698
3886
186151
5617
42970
141933
112648
3091
30232
20897
288
119812
90131
186914
6408
137609
98281
57729
42974
44166
5629
141878
1638
108737
19767
5626
4260
109145
5950
99948
4841
52817
1744
107689
100901
45481
115260
48816
5730
49433
9389
152909
2818
74570
82011
169299
1004
1911
137895
98621
161243
1766
52856
8115
73043
1758
107947
98610
6075
29766
109439
100141
34824
2865
6171
6044
99985
110503
158753
80566
135046
4805
158864
510
3284
8007
100783
388
40701
20983
44879
84816
9387
24
89729
20520
2862
9397
4799
47527
95630
3112
8528
1258
99204
8508
5414
98985
165891
63449
8516
5343
78926
67422
78063
1545
213
14586
87460
4525
184942
7695
1354
82436
121932
72200
1294
7648
47967
11001
139790
536
115499
54381
44508
9272
134060
9267
54543
124257
9086
24571
11572
12164
53021
1863
112924
58929
79484
5601
153815
137743
38443
98441
81695
51452
3873
118431
5603
79493
184223
106131
3874
893
2484
104076
5607
89814
100303
45185
64927
25417
6428
30273
100653
98989
118154
8895
44114
5630
109905
283
20891
6401
83478
142321
83446
113025
28480
185726
98655
117859
110704
149215
103723
161959
132978
53573
8642
151703
8395
98418
185479
117807
98620
51414
26614
106073
138286
108419
33705
162126
911
149581
98292
4898
185394
82987
156163
1615
112377
102872
1529
350
12595
127327
88013
103085
38202
4267
142845
162195
113554
149532
9674
25396
139356
129372
6376
90893
21602
13310
81394
139297
195
6145
3
45242
153398
75
48713
186202
39176
90139
20915
299
110069
88795
48427
48418
39070
104228
94394
2583
186374
118860
83709
8620
38971
92641
1494
1511
155291
4358
126517
2719
18847
4950
117556
44038
19721
39252
107395
146503
92791
72727
131688
72526
1464
20574
6206
40219
102656
4498
47131
102467
7674
116854
4439
4436
145177
106028
3728
105988
86282
21709
135627
73597
98817
117982
19879
186246
766
93950
118308
28847
108474
83793
2249
8672
108678
118599
39411
186249
27368
46884
1326
102451
62052
1253
94115
44031
54057
186328
106069
147443
48340
9457
2922
75176
25104
16289
34111
54109
186426
33961
2472
4113
86780
97069
5468
8779
133239
8595
883
149533
99239
108563
39381
186233
53946
63951
133377
128362
88942
118426
5598
186258
94248
74265
19959
186291
5432
763
128854
79863
74824
8559
98966
108332
118173
128899
119187
4204
104440
74679
74586
2650
9277
54565
44699
109485
49557
186562
9074
2644
39698
3817
2359
8774
114340
87683
4648
57512
117166
25253
182801
129249
20719
167346
25527
178064
45325
85375
183103
90248
187028
3078
40582
75482
40492
65251
3288
9100
54337
8730
83455
8424
151406
39553
142874
8713
427
12746
1810
149012
506
73476
161493
15062
1256
82265
79793
49236
94659
9144
5946
39767
120221
187333
120226
90515
786
106047
116079
53877
162253
90829
151620
64147
2596
143355
9109
152505
101871
31277
7158
114071
143290
54200
84320
53934
74186
133366
94114
2423
84021
96269
105713
6754
41139
1978
117845
38651
151909
64031
24310
143196
84288
8728
44841
29866
129074
186593
100242
93999
151890
95056
2871
16226
4488
47026
66952
4456
3713
8663
101454
91048
748
34117
94355
2558
88802
79156
48402
79099
127994
118138
5405
46134
583
6077
79905
89610
49418
100059
49430
109377
2683
41026
539
187059
284
20892
251
9673
115663
99326
804
2995
85059
6180
25045
9500
44964
85012
37774
82580
7788
144086
64935
114924
87237
4401
767
4450
23887
8593
8573
89987
20763
193
49954
6352
40455
20797
25283
64819
9598
115035
92961
9634
55089
9660
40538
28735
5446
108353
8590
634
4457
116870
4535
4571
67182
57408
4499
104133
34088
64076
152217
133523
111268
41753
111362
22203
149740
41851
1067
91823
121465
71725
91740
22267
126202
46482
140512
41685
21793
26494
56237
56301
106013
116040
5345
2155
43660
8581
101271
53537
103685
145339
3900
912
22135
41784
118377
5563
51472
41772
141654
23109
32522
42863
89941
139261
160
40377
4491
5429
48321
8624
128038
185930
98921
8517
2092
93654
53411
2102
8532
1017
109010
2582
742
135881
145058
96512
118201
58537
5450
185949
80365
45015
186674
113
20663
8645
185876
83603
2580
142013
43173
3238
186633
102448
89843
186646
43255
83247
25683
3235
55391
3223
45405
95718
3237
128826
79840
9162
6103
186611
134255
6042
79865
2758
74826
9190
27179
4288
4284
1160
186637
44776
9330
2801
100308
186625
161819
83619
118056
58284
93928
103812
118153
5417
108439
8654
55443
135022
25658
85447
52772
56512
3936
91498
931
48894
99606
44217
81876
4059
46422
97048
117687
38555
117834
63122
1882
83344
101318
178626
65634
3570
21611
153295
99298
31531
179379
5229
38730
2049
43502
30837
110613
45685
3476
149572
3782
84769
119221
20390
3373
6199
182798
1251
7809
37850
42720
7827
44215
29303
186339
150613
689
101336
50861
50658
50443
155264
77449
46802
77358
155173
4315
9221
8585
26755
86517
36674
56462
3898
118698
99538
79562
5775
186394
51063
77615
102497
31000
101436
21710
751
91052
41375
24363
133540
108771
66916
136893
4433
798
51131
46888
4373
2790
40075
9239
83077
131431
82369
7654
141216
136784
46839
44691
100342
186653
51206
155054
97224
22382
82016
51783
2051
93235
103179
52967
32531
52629
182882
45003
44878
155922
117283
67310
117163
40289
1391
186440
33644
2289
106139
52483
112192
233
30261
100641
155949
92781
52582
20756
141480
1481
98038
3734
74603
7358
1016
22370
97241
95383
75418
55180
182992
4489
111987
102543
7714
26885
96965
3528
56024
115748
143244
15762
9010
20035
34194
2600
1972
97780
117465
47108
92593
102672
155538
4508
32253
102568
1398
54870
2942
104850
25142
4511
83753
8653
87942
117405
98151
46148
47096
107060
116990
4461
98031
14325
54722
2852
9390
2961
6271
119690
9654
153296
147
20703
97976
119926
64939
9698
4744
132050
32644
52742
134472
85073
72397
1401
4515
4577
8822
24166
3848
90000
6341
100400
20695
116143
3706
12152
67
143968
182829
9331
139123
9228
23820
53453
9080
51820
102134
104345
5807
64186
44356
5767
92492
82518
2292
3839
26728
96788
24392
2570
44325
186397
20893
52646
32545
23131
9687
112584
1574
9672
26807
126031
3966
4015
55976
3976
5245
98757
566
127850
78862
185780
43429
137913
38637
43417
8375
101328
5115
88414
5201
117876
89925
54856
9488
134540
54698
9373
4622
165085
97970
1317
97692
155584
7668
97991
100214
20524
2836
7685
121610
1120
95920
3220
98609
66887
184757
4304
1181
49567
100253
186654
186565
25714
135019
139513
6463
22638
82291
92212
72132
27251
4332
46828
54327
94585
9095
2828
22145
31479
7289
55261
25546
3150
6565
167869
36411
183904
3749
106091
154504
2150
8578
143151
8967
20002
99588
48937
186388
54086
48522
186091
53645
90980
3568
19329
53514
3761
81343
782
118355
28889
108511
5469
44185
86590
91456
917
128628
79643
45861
3644
74814
44639
104514
133960
9209
3415
55772
156864
5371
65746
3671
55652
3730
31687
22321
1059
9337
182453
3134
100781
40746
109995
59984
256
84394
54281
152431
3551
25410
134691
182997
155092
97264
30121
20786
131706
22938
1471
99315
118467
21837
2266
8688
122495
72825
92790
1579
356
148678
9678
32497
1581
87748
97962
117228
4685
106088
138228
19456
2225
8655
154614
186230
105970
3702
4662
117191
97924
122169
7764
4529
134547
2939
9493
106912
97528
158322
30014
129
182799
4519
45252
55212
9165
152829
6057
54603
100234
37
91202
808
3774
61402
159824
65985
3808
101636
21917
3825
36503
835
1202
3564
127952
28637
5372
118222
3617
56073
8722
56012
3618
101473
21741
51026
7204
92830
82809
7938
7999
132003
82894
23283
103031
183109
129370
244
4543
1435
9513
19760
58917
128458
8802
85269
9665
144878
36150
56095
105822
76440
183840
3599
55984
8928
64089
54101
74364
44249
121519
4010
51584
22004
49545
2809
2189
138173
5392
108362
151799
116474
4143
157
21695
3652
47153
4534
4566
1486
42712
3656
3659
140719
51616
7363
51667
2630
104329
9046
4642
4721
117277
18516
30198
100567
187
186959
90006
20785
9588
899
51398
26677
66082
56425
7136
868
3044
6374
55149
183102
111007
5964
106690
54378
79876
29644
109319
89566
99922
11768
4297
182511
2574
3787
26992
4131
183850
3703
1491
7822
117201
125
95347
47114
5665
48722
499
1045
4116
97368
115286
20988
122671
93095
73037
1447
137123
4561
1452
92597
131690
7805
136234
81570
891
25495
294
129524
20969
2259
8682
3888
145314
106146
51224
5476
113587
2187
2576
94378
79552
58873
5677
39403
361
55371
969
86830
1001
149754
31568
130863
22221
4005
92834
42868
156013
75345
20788
4645
127045
47332
92784
42831
56598
4003
1011
71618
2067
118076
43206
8221
5184
117857
120238
21292
105119
25487
3096
42493
111849
121926
1291
7860
32504
82786
97982
120774
3499
101142
21321
4460
170067
112057
42612
100337
105862
21672
3632
21677
99312
19750
133323
8824
24190
880
21459
46907
97496
4163
56807
9585
59949
30156
234
129478
100642
100221
31
9414
66988
4478
85992
115752
22720
4407
127167
107439
1582
47393
143996
3025
4775
137568
98234
180749
75324
2998
100427
165
139353
100538
125936
3892
96133
115564
179509
7286
3974
133476
74303
101919
121074
892
3928
43147
52938
1812
184459
31596
1014
154834
4071
102114
4121
136484
56817
3525
135485
83210
8229
103441
43325
1934
5191
117865
99821
47705
103237
8169
101129
103353
25959
105472
8145
5120
43397
41160
120556
30833
101287
4600
81314
41421
126931
4602
185059
9302
34000
84140
127061
117233
21078
83155
117709
6793
36010
101354
140117
8312
113464
83604
8535
3689
120907
38543
117733
18972
479
3297
127510
137751
18981
18805
106984
87399
89613
100062
89603
74729
58001
98435
18928
1931
42373
102492
22750
38573
5121
185117
4280
102650
95640
55322
65032
25550
43030
7240
51399
128531
33796
8789
31271
21955
3827
41217
119327
106743
66651
4282
3807
119529
105
79750
54343
44473
66698
106681
54346
22498
82143
9128
155731
22455
140950
51867
83443
1397
9655
134650
100506
109749
139274
25127
186622
6224
3872
145289
106129
91144
6970
21729
109
80131
9456
129110
6216
4485
6187
183608
55731
130254
120678
122992
43385
110504
156507
78648
98589
391
40804
18817
128284
5592
45372
55374
186666
68561
19529
142694
8696
19512
5454
41173
4309
48155
103623
73707
108148
2027
8454
116994
104802
2906
44915
6181
182984
82449
7649
186830
141364
160671
102414
7637
1297
49022
44378
94617
44484
1117
42085
92402
22768
42508
25643
95682
627
127784
117925
38747
132695
43478
8456
50946
144989
115861
66362
86730
81787
22201
3437
97549
106916
72095
27217
46746
4312
186122
118329
6018
9233
11613
99772
20170
118948
25988
3428
3151
948
126463
27243
184602
92000
91825
31697
22332
141265
8577
38946
37778
170172
131652
1448
22014
26794
66191
116274
149610
71410
74046
8771
121044
21961
93515
103448
8420
117065
875
7159
91358
21962
117119
131740
92647
117001
9283
72975
46116
26482
3756
43668
183951
115960
7014
101507
120836
51039
21750
108381
118220
79098
5404
117153
4617
87631
54957
9564
139251
6298
152
119620
20737
52308
1402
14387
102663
1386
80150
7738
3032
119839
139269
170
8743
103692
33399
1584
102839
9139
119104
106039
26254
115711
83683
103587
8539
100138
20460
104672
2805
186828
231
119858
4980
78458
141963
8157
102494
57176
43
109823
119697
51484
111225
51419
26891
116373
57
120961
159637
3698
92499
1417
83657
2085
3572
119242
124326
143562
44702
119252
100093
44554
46713
113708
2446
19748
9278
24823
134200
84654
9268
4391
57165
100458
119661
186851
765
5437
58218
44490
22331
1068
1583
18589
3620
26279
135626
13064
3648
73097
128072
88748
118212
1341
9392
101404
21681
74354
8946
82926
57676
139528
119941
126501
4347
72168
141087
82222
1230
51529
48819
54072
24982
44866
134144
24753
2746
9229
23079
107239
9474
25109
25078
92400
1362
100100
92507
112047
97667
104670
16104
110743
90997
3581
149313
117581
139607
6515
45043
119535
110
90108
129428
100592
130215
81125
30900
6871
55069
35185
119679
6346
52698
82888
117348
98088
47291
122324
1512
5722
8929
93955
2317
9092
141460
1465
71815
97200
4223
106555
38194
82063
102144
78590
54385
9686
25412
9573
136041
799
54184
113990
2166
8596
118339
119560
49791
119510
6251
68949
5735
46178
2316
8752
136
6295
78294
32653
8031
150951
73006
148823
110181
45295
55271
85342
4352
88816
218
6908
101486
3638
98695
9045
9149
133878
44557
152587
141813
1706
50455
8622
48319
43752
113405
2244
157063
79157
118321
121
100386
6281
1472
87593
18447
125717
3753
9551
4125
116589
155083
1060
102044
22298
71704
97164
154992
46974
4454
116444
978
99969
79857
2713
99991
82277
116790
73712
103524
2058
91018
44945
168647
86133
3479
135559
101192
600
101388
41206
8317
154664
3296
444
21159
73900
103811
63733
113483
86199
102327
7572
4471
87358
54661
88630
38889
2255
88664
105932
183908
144939
56079
101387
45787
3555
19986
48915
128567
44219
51550
155010
117374
72875
64925
25415
20873
117987
138065
58356
24035
162119
118263
20619
82164
1418
185043
4480
155856
186408
152432
1392
161999
127926
48212
154414
2047
118189
65689
90885
21597
37390
102436
54246
44374
9007
3273
2035
154356
105744
154122
1974
4328
71352
104060
112937
18973
83293
3137
66197
3957
8896
74340
58887
5689
8915
24307
949
106100
63863
162211
68590
48431
5426
30824
41207
8866
187379
129914
101085
55661
95961
2507
44191
93847
8662
139227
80156
9475
44977
8657
115613
5714
99452
1627
122593
102999
132900
53500
46849
126543
4376
9528
30236
186905
97851
117147
47193
1449
98791
648
187484
105587
135436
76080
26014
55751
74561
1066
64946
25442
6514
144482
85638
53700
8721
91725
111355
113966
55624
95927
46542
97177
86894
20990
941
1428
176
186939
103571
93653
58312
56342
3822
8737
134183
100095
187365
3293
186869
151836
30548
3301
125647
41323
101602
71198
101625
6306
1042
79787
99875
19936
89213
94201
2466
41660
128062
5451
55326
25540
3147
2064
26221
45798
3532
89966
181
6327
186221
49170
9099
2433
24175
136207
26645
3851
128141
28824
39092
26352
3673
43799
2181
138161
5381
73220
43142
42866
117316
72807
56066
65735
144924
105800
45795
3567
116915
155363
4417
9498
9336
54723
75049
83642
2068
138050
11096
153537
8425
186981
88704
6366
100301
100154
139043
74993
186604
23585
25990
105495
3429
595
41101
136797
4377
55501
186771
3280
79641
44332
116385
4049
91687
7348
9260
134039
9220
84591
92010
1150
129002
49519
32
109512
54680
44809
57992
137730
185483
392
4159
44483
74634
34297
9057
40098
109180
49226
9129
2686
79781
89762
7635
154259
3709
25295
26854
4008
71626
166651
99734
186383
32375
82636
54903
9522
2960
139328
4265
92122
10328
46287
22072
39848
128102
185989
92190
22612
7582
22603
1247
84646
20037
11520
41011
187304
105388
107646
127362
57865
117502
1705
35623
55613
45560
125192
21086
8215
63241
43362
83363
1711
3183
132105
1714
141660
7940
31954
102270
141048
121766
14052
4406
96814
7626
2090
113300
45211
3095
134443
20570
3611
697
42579
25037
136541
27083
116547
100913
139582
396
139602
6511
44447
4867
93281
151159
7594
5908
9089
104894
45024
45090
124692
120757
66984
77651
52212
54237
9025
42067
102599
1420
9515
54891
2954
77800
7732
55831
100359
183092
73051
3123
94568
44392
51748
4311
165072
18490
78000
110085
187057
46812
111820
2826
49457
9288
54638
45457
153758
135
119592
20715
25128
4314
155353
73370
186735
12768
3231
43479
113075
150428
106643
4292
130723
933
99707
4759
1654
186677
24747
79882
9210
129962
574
3430
25641
3211
125949
116206
101209
156474
137836
5105
77036
3987
185869
8467
21809
778
119205
6085
24846
2783
9295
119346
11789
106795
54377
9130
21336
187210
6483
153842
115188
20366
26007
568
109213
5839
9024
118615
48856
186275
74153
142921
2431
127103
47389
54319
9085
154886
158520
271
153368
9707
3663
76384
105802
63330
103451
8422
89277
10105
42345
8471
26210
671
21582
1215
8341
104758
44870
186678
43071