3
10
22
23
31
37
40
41
43
48
53
56
57
67
75
81
82
86
95
97
99
102
105
108
109
110
111
113
114
118
119
121
122
124
125
126
127
128
129
131
132
134
135
136
138
139
141
142
143
145
147
151
152
157
160
161
165
167
169
170
171
172
174
176
177
179
180
181
183
187
189
192
193
195
198
205
213
214
216
217
218
220
223
231
233
234
235
240
241
244
246
250
251
252
253
254
256
258
259
262
265
266
268
271
272
274
275
280
283
284
285
286
287
288
294
296
297
298
299
304
312
313
318
325
326
334
338
346
349
350
351
352
356
357
360
361
363
368
370
371
374
378
380
381
388
389
391
392
396
400
413
416
419
424
427
436
443
444
449
455
466
467
469
470
479
484
492
493
494
495
497
499
501
506
510
518
521
527
528
536
539
542
543
546
548
549
552
553
555
564
566
568
569
570
572
573
574
578
579
580
581
582
583
591
593
594
595
598
600
613
617
618
625
627
634
635
641
645
660
685
692
697
706
729
732
738
742
743
748
763
764
765
766
767
770
778
782
783
786
790
799
801
804
805
807
808
814
818
819
820
822
823
828
835
837
838
845
847
848
850
851
853
858
859
860
861
863
865
868
880
883
891
892
893
897
898
899
900
911
912
916
917
920
922
923
927
931
932
933
936
941
944
945
948
949
958
960
961
962
963
965
966
969
970
971
973
975
978
982
985
986
987
988
992
993
1002
1004
1006
1010
1014
1016
1017
1020
1021
1029
1032
1033
1036
1038
1042
1045
1048
1052
1059
1062
1066
1067
1068
1070
1073
1075
1079
1080
1081
1085
1086
1087
1089
1090
1093
1095
1098
1099
1102
1103
1108
1110
1111
1112
1113
1114
1118
1120
1123
1126
1127
1132
1133
1134
1135
1139
1140
1141
1142
1144
1146
1147
1149
1150
1152
1155
1157
1158
1160
1163
1164
1165
1170
1173
1175
1177
1178
1179
1181
1183
1185
1187
1188
1189
1191
1192
1196
1198
1201
1202
1204
1205
1207
1208
1209
1211
1214
1215
1216
1218
1219
1221
1223
1228
1229
1230
1231
1232
1233
1235
1243
1245
1247
1248
1250
1251
1252
1253
1256
1258
1260
1261
1263
1264
1268
1269
1271
1272
1279
1281
1282
1291
1292
1294
1296
1297
1298
1303
1304
1305
1307
1308
1313
1314
1317
1319
1322
1326
1328
1330
1337
1338
1341
1343
1345
1348
1351
1353
1354
1362
1368
1386
1389
1390
1391
1392
1395
1396
1397
1398
1401
1402
1406
1408
1409
1417
1418
1420
1421
1428
1430
1432
1435
1439
1441
1445
1447
1448
1449
1452
1455
1458
1463
1464
1465
1467
1468
1469
1471
1472
1473
1479
1480
1481
1482
1485
1486
1490
1491
1494
1496
1497
1500
1502
1504
1509
1511
1512
1513
1518
1529
1531
1532
1534
1537
1539
1541
1544
1545
1546
1549
1556
1557
1563
1565
1567
1569
1572
1574
1578
1579
1581
1582
1583
1584
1586
1595
1596
1598
1600
1601
1610
1613
1614
1615
1620
1627
1628
1629
1632
1633
1637
1638
1640
1641
1642
1649
1651
1652
1654
1656
1658
1660
1661
1664
1671
1673
1678
1680
1681
1686
1694
1701
1705
1706
1708
1709
1710
1711
1714
1715
1717
1719
1721
1723
1724
1725
1728
1730
1731
1732
1733
1740
1744
1747
1754
1755
1756
1758
1759
1760
1761
1764
1770
1778
1782
1787
1790
1795
1796
1801
1805
1806
1808
1809
1810
1811
1812
1814
1815
1823
1824
1829
1835
1836
1840
1843
1850
1854
1855
1863
1867
1868
1869
1871
1875
1876
1878
1879
1882
1883
1884
1888
1889
1891
1892
1894
1897
1900
1903
1905
1906
1908
1910
1911
1914
1920
1922
1927
1928
1930
1931
1934
1935
1938
1940
1945
1948
1949
1953
1958
1960
1961
1968
1971
1972
1973
1974
1978
1979
1984
1985
1991
1999
2011
2013
2016
2018
2019
2020
2022
2023
2025
2027
2028
2032
2035
2036
2038
2047
2048
2049
2050
2051
2055
2058
2059
2060
2062
2063
2064
2065
2067
2068
2069
2075
2076
2081
2082
2084
2085
2090
2091
2092
2093
2094
2095
2100
2102
2105
2106
2114
2115
2119
2122
2130
2139
2142
2143
2144
2149
2150
2152
2154
2155
2156
2158
2162
2163
2166
2168
2170
2171
2173
2175
2177
2181
2185
2187
2189
2195
2199
2203
2205
2206
2210
2212
2215
2222
2227
2229
2230
2232
2234
2238
2242
2244
2246
2251
2252
2255
2258
2259
2263
2268
2276
2277
2279
2280
2286
2289
2292
2299
2303
2306
2312
2313
2315
2316
2317
2320
2324
2327
2329
2331
2332
2333
2338
2340
2342
2346
2351
2357
2359
2365
2372
2377
2381
2383
2386
2390
2393
2396
2397
2400
2401
2404
2405
2408
2409
2415
2423
2425
2426
2430
2431
2434
2435
2440
2441
2443
2446
2448
2449
2451
2456
2457
2461
2466
2472
2479
2484
2493
2497
2503
2522
2531
2533
2534
2555
2558
2561
2570
2574
2580
2581
2582
2583
2595
2596
2600
2610
2611
2614
2617
2620
2623
2624
2630
2634
2644
2650
2676
2678
2683
2686
2697
2699
2708
2710
2713
2715
2719
2720
2722
2724
2729
2730
2731
2732
2734
2736
2737
2739
2746
2748
2750
2754
2755
2773
2776
2780
2784
2785
2789
2790
2793
2794
2796
2801
2802
2803
2805
2809
2816
2818
2824
2825
2826
2828
2830
2836
2837
2843
2850
2863
2865
2874
2878
2880
2883
2893
2895
2896
2897
2898
2899
2900
2904
2908
2909
2911
2912
2913
2914
2916
2917
2918
2920
2921
2924
2928
2929
2933
2937
2938
2939
2940
2942
2944
2945
2951
2952
2954
2955
2956
2957
2960
2961
2962
2963
2964
2966
2967
2970
2977
2980
2982
2984
2990
2997
2998
3008
3012
3016
3021
3025
3026
3027
3030
3032
3035
3037
3042
3044
3049
3055
3075
3078
3084
3091
3095
3096
3112
3115
3118
3123
3124
3132
3134
3137
3147
3150
3151
3155
3164
3167
3170
3183
3185
3209
3211
3216
3218
3220
3221
3223
3225
3231
3232
3235
3237
3238
3239
3240
3244
3258
3273
3274
3278
3280
3284
3287
3288
3290
3293
3296
3297
3301
3303
3308
3311
3316
3320
3335
3336
3340
3341
3347
3352
3358
3359
3365
3370
3372
3373
3375
3380
3384
3387
3392
3394
3404
3406
3415
3423
3428
3429
3430
3432
3436
3437
3445
3448
3458
3465
3470
3472
3473
3476
3478
3479
3485
3488
3491
3492
3494
3498
3499
3500
3501
3504
3505
3512
3518
3520
3524
3525
3528
3529
3532
3533
3535
3536
3546
3548
3551
3552
3554
3555
3556
3560
3564
3567
3568
3570
3572
3575
3577
3580
3581
3590
3591
3594
3599
3610
3611
3617
3618
3632
3636
3638
3644
3648
3652
3656
3659
3661
3664
3671
3673
3675
3682
3688
3689
3691
3698
3700
3702
3703
3705
3706
3709
3710
3713
3715
3719
3724
3726
3728
3730
3734
3743
3744
3749
3753
3756
3761
3764
3765
3766
3769
3770
3774
3776
3782
3785
3787
3788
3796
3798
3801
3803
3805
3807
3808
3811
3812
3814
3817
3820
3822
3825
3827
3836
3839
3848
3851
3866
3873
3874
3877
3886
3892
3898
3899
3900
3904
3905
3908
3910
3911
3913
3922
3927
3928
3931
3935
3936
3937
3953
3954
3957
3963
3966
3970
3971
3974
3976
3980
3982
3987
3991
4003
4005
4008
4010
4012
4013
4015
4035
4036
4042
4049
4050
4053
4058
4067
4071
4076
4080
4081
4088
4089
4091
4095
4096
4097
4100
4101
4103
4107
4108
4110
4112
4116
4119
4121
4125
4130
4131
4136
4142
4143
4149
4150
4156
4159
4163
4170
4172
4175
4183
4184
4185
4195
4198
4199
4203
4204
4206
4210
4217
4220
4223
4225
4232
4238
4255
4257
4260
4262
4263
4265
4267
4276
4277
4278
4280
4282
4284
4286
4288
4292
4294
4295
4296
4297
4299
4300
4304
4309
4311
4312
4314
4315
4316
4327
4328
4329
4332
4333
4335
4347
4349
4352
4356
4358
4363
4364
4369
4370
4373
4376
4377
4385
4388
4390
4391
4401
4402
4404
4406
4407
4412
4417
4426
4433
4436
4438
4439
4440
4450
4454
4455
4456
4457
4460
4461
4466
4469
4476
4478
4480
4485
4488
4489
4491
4494
4495
4496
4498
4499
4501
4502
4503
4508
4511
4512
4513
4515
4519
4523
4525
4529
4533
4534
4535
4541
4542
4543
4551
4553
4558
4561
4566
4568
4570
4572
4577
4578
4589
4599
4600
4603
4607
4610
4618
4622
4634
4640
4642
4645
4647
4650
4659
4661
4668
4673
4675
4678
4685
4690
4698
4702
4707
4709
4713
4732
4735
4744
4745
4750
4751
4759
4763
4767
4775
4779
4781
4786
4788
4791
4799
4805
4806
4807
4815
4818
4821
4831
4836
4841
4848
4849
4862
4865
4867
4871
4875
4883
4886
4891
4895
4898
4906
4907
4923
4935
4938
4940
4950
4951
4953
4955
4958
4976
4977
4987
5014
5015
5024
5026
5028
5031
5035
5044
5052
5058
5064
5068
5075
5104
5105
5113
5115
5120
5121
5137
5140
5155
5179
5191
5201
5206
5229
5245
5302
5342
5345
5351
5357
5363
5367
5371
5372
5381
5392
5396
5404
5405
5417
5426
5432
5437
5441
5446
5451
5452
5454
5468
5469
5476
5494
5506
5509
5513
5525
5542
5544
5562
5563
5590
5591
5592
5597
5598
5601
5603
5607
5616
5617
5626
5627
5629
5630
5631
5632
5649
5656
5662
5663
5666
5667
5668
5672
5677
5678
5679
5685
5689
5692
5702
5705
5706
5717
5720
5722
5723
5729
5730
5731
5735
5737
5741
5746
5750
5764
5765
5767
5771
5772
5775
5785
5786
5789
5799
5807
5822
5838
5839
5840
5845
5854
5858
5866
5867
5881
5888
5899
5900
5904
5908
5916
5923
5927
5928
5929
5933
5940
5946
5950
5953
5954
5963
5964
5968
5973
5980
5994
5995
5998
5999
6011
6012
6014
6015
6018
6020
6031
6042
6044
6046
6048
6049
6051
6054
6056
6057
6058
6059
6060
6064
6071
6075
6076
6077
6080
6085
6088
6091
6092
6102
6103
6118
6120
6125
6138
6140
6145
6146
6167
6171
6176
6177
6180
6181
6187
6198
6199
6201
6206
6216
6224
6228
6239
6245
6251
6271
6274
6281
6292
6295
6298
6306
6319
6325
6327
6332
6334
6341
6346
6352
6356
6361
6366
6374
6376
6378
6386
6393
6396
6399
6401
6405
6408
6412
6414
6416
6421
6422
6428
6429
6430
6434
6435
6438
6442
6444
6448
6450
6460
6461
6463
6464
6473
6483
6487
6488
6494
6496
6505
6507
6509
6510
6511
6514
6515
6519
6523
6525
6526
6544
6557
6560
6565
6573
6584
6596
6603
6609
6616
6618
6628
6633
6641
6643
6645
6648
6651
6652
6679
6711
6712
6715
6724
6741
6744
6750
6754
6757
6767
6787
6793
6810
6814
6825
6840
6861
6871
6908
6913
6929
6930
6934
6950
6995
7071
7084
7125
7128
7136
7150
7157
7158
7159
7179
7181
7190
7199
7204
7232
7272
7286
7289
7303
7310
7345
7347
7348
7358
7363
7392
7436
7462
7464
7487
7555
7572
7581
7582
7594
7605
7626
7635
7637
7646
7648
7649
7654
7663
7666
7668
7674
7676
7678
7679
7685
7694
7699
7700
7705
7714
7732
7738
7764
7769
7788
7802
7805
7808
7809
7815
7821
7822
7827
7837
7846
7850
7853
7857
7860
7864
7933
7934
7938
7939
7940
7947
7950
7953
7958
7981
7990
7993
8007
8008
8009
8016
8025
8027
8031
8044
8055
8061
8064
8067
8071
8073
8074
8075
8081
8102
8104
8109
8112
8113
8115
8132
8134
8144
8145
8147
8150
8151
8155
8157
8158
8162
8169
8182
8183
8193
8196
8202
8205
8209
8215
8221
8229
8230
8232
8243
8248
8250
8256
8258
8269
8270
8271
8273
8277
8282
8284
8286
8288
8293
8295
8298
8299
8309
8312
8314
8315
8317
8319
8320
8328
8333
8334
8336
8338
8341
8348
8350
8358
8361
8362
8365
8368
8375
8376
8377
8380
8384
8388
8395
8397
8419
8420
8422
8424
8425
8442
8452
8454
8455
8456
8459
8465
8467
8471
8472
8475
8478
8480
8495
8498
8502
8508
8516
8517
8520
8521
8524
8528
8532
8535
8537
8539
8541
8542
8543
8545
8547
8553
8555
8559
8560
8573
8577
8578
8581
8584
8585
8588
8590
8593
8595
8596
8620
8621
8622
8624
8637
8638
8640
8642
8643
8645
8648
8653
8654
8655
8656
8657
8661
8662
8663
8672
8682
8685
8688
8691
8695
8696
8703
8708
8710
8713
8721
8722
8724
8727
8728
8730
8733
8737
8743
8749
8752
8754
8757
8761
8771
8774
8777
8780
8784
8787
8789
8798
8799
8801
8802
8803
8807
8809
8813
8816
8819
8822
8824
8834
8846
8850
8853
8854
8857
8861
8865
8866
8868
8869
8872
8874
8880
8881
8882
8885
8886
8888
8890
8892
8893
8894
8895
8896
8897
8903
8905
8906
8907
8913
8918
8923
8925
8928
8929
8933
8941
8943
8944
8946
8947
8949
8958
8961
8965
8967
8968
8970
8987
8991
8992
9000
9002
9003
9004
9007
9008
9010
9023
9024
9025
9030
9033
9037
9039
9045
9046
9055
9057
9075
9080
9085
9087
9089
9092
9095
9099
9106
9107
9109
9113
9116
9128
9130
9134
9139
9143
9144
9148
9154
9155
9156
9162
9165
9172
9178
9183
9190
9196
9198
9201
9206
9209
9210
9211
9212
9217
9220
9221
9222
9228
9229
9233
9235
9237
9239
9244
9249
9250
9251
9252
9256
9260
9267
9268
9275
9276
9277
9280
9282
9283
9284
9286
9288
9289
9293
9295
9297
9298
9300
9301
9302
9304
9305
9306
9308
9311
9315
9316
9319
9320
9322
9327
9328
9330
9331
9336
9364
9373
9375
9380
9381
9383
9386
9387
9389
9390
9391
9392
9397
9402
9408
9410
9414
9418
9422
9426
9430
9440
9441
9442
9450
9455
9456
9457
9461
9464
9475
9485
9488
9489
9490
9493
9498
9503
9505
9506
9509
9510
9513
9516
9520
9528
9534
9537
9538
9541
9543
9546
9548
9551
9555
9558
9559
9564
9573
9575
9582
9583
9584
9585
9586
9588
9590
9593
9598
9599
9600
9602
9603
9605
9608
9610
9612
9615
9620
9622
9624
9625
9629
9632
9634
9635
9644
9654
9655
9658
9659
9660
9661
9665
9667
9672
9673
9674
9678
9681
9683
9685
9686
9687
9688
9689
9690
9693
9695
9696
9697
9698
9699
9701
9703
9707
10105
10328
10628
11001
11096
11502
11520
11523
11572
11613
11725
11768
11789
11874
12113
12127
12128
12147
12148
12149
12150
12151
12152
12164
12345
12386
12390
12391
12397
12401
12427
12436
12446
12448
12454
12456
12462
12472
12474
12478
12479
12487
12507
12595
12611
12689
12746
12768
12942
13012
13018
13031
13040
13043
13064
13075
13169
13289
13310
13313
13638
13896
13904
14017
14052
14325
14387
14467
14476
14484
14489
14502
14505
14523
14535
14538
14542
14544
14545
14548
14549
14554
14556
14557
14586
14588
14700
14704
14739
14744
14748
14749
14755
14757
14765
14773
14774
14775
14776
14786
14787
14810
14817
14821
14832
14841
14848
14849
14881
14883
14884
14892
14901
14911
14913
14917
14922
14923
14929
14954
14956
14961
15021
15062
15360
15409
15433
15575
15576
15616
15696
15762
16068
16070
16104
16226
16289
16475
16804
16838
16952
17351
17494
17499
17507
17520
17521
17528
17538
17545
17549
17552
17555
17556
17557
17559
17568
17578
17579
17589
17607
17617
17627
17642
17647
17653
17673
17676
17678
17685
17693
17694
17698
17965
18125
18126
18136
18141
18142
18143
18144
18147
18154
18155
18165
18166
18174
18175
18176
18435
18447
18480
18486
18490
18515
18516
18518
18521
18589
18643
18796
18799
18805
18817
18835
18847
18919
18928
18963
18964
18972
18973
18981
19035
19049
19079
19081
19313
19314
19329
19341
19378
19402
19456
19512
19515
19529
19530
19701
19717
19721
19731
19740
19741
19748
19750
19760
19767
19769
19776
19802
19814
19815
19821
19830
19845
19849
19906
19936
19948
19954
20035
20042
20044
20086
20170
20202
20292
20301
20302
20303
20306
20307
20310
20311
20323
20351
20358
20363
20366
20380
20390
20400
20425
20430
20436
20439
20460
20520
20524
20531
20556
20565
20566
20570
20574
20577
20610
20617
20619
20638
20641
20642
20654
20663
20664
20692
20694
20695
20697
20700
20703
20711
20715
20719
20720
20723
20726
20731
20734
20737
20739
20740
20742
20747
20756
20758
20761
20762
20763
20764
20767
20768
20775
20785
20786
20788
20791
20793
20797
20804
20809
20816
20822
20823
20824
20827
20861
20863
20868
20872
20873
20891
20892
20893
20897
20906
20909
20914
20915
20918
20920
20924
20925
20935
20939
20943
20946
20948
20953
20955
20965
20968
20969
20974
20982
20983
20986
20988
20990
20991
20997
21001
21003
21007
21027
21032
21034
21036
21037
21040
21043
21051
21072
21078
21086
21088
21089
21108
21120
21126
21134
21145
21151
21159
21163
21165
21168
21174
21177
21182
21192
21199
21204
21205
21208
21212
21220
21226
21230
21231
21234
21235
21239
21240
21247
21252
21253
21256
21258
21259
21267
21268
21272
21273
21280
21281
21283
21286
21291
21292
21295
21297
21299
21302
21305
21307
21308
21313
21314
21319
21321
21324
21326
21327
21329
21334
21335
21336
21339
21340
21342
21344
21346
21351
21353
21354
21355
21363
21368
21370
21381
21382
21384
21385
21388
21392
21395
21398
21400
21402
21403
21406
21412
21452
21459
21491
21495
21498
21501
21508
21517
21519
21524
21527
21543
21545
21551
21559
21561
21563
21580
21582
21583
21594
21597
21601
21602
21611
21612
21636
21651
21664
21671
21672
21677
21681
21684
21695
21699
21702
21705
21708
21709
21710
21726
21727
21728
21729
21731
21732
21733
21734
21741
21743
21746
21750
21751
21752
21762
21768
21770
21771
21772
21789
21790
21793
21795
21802
21809
21817
21824
21832
21837
21841
21850
21852
21864
21873
21878
21887
21888
21894
21905
21909
21911
21917
21934
21939
21940
21950
21952
21953
21955
21958
21959
21961
21962
21978
21986
21991
21998
22004
22014
22023
22028
22072
22080
22088
22096
22100
22109
22113
22121
22133
22146
22150
22163
22170
22173
22174
22179
22182
22187
22188
22192
22194
22196
22197
22201
22221
22267
22280
22283
22292
22297
22305
22321
22331
22332
22344
22356
22370
22381
22395
22448
22458
22462
22565
22573
22574
22587
22592
22593
22595
22598
22604
22607
22610
22613
22614
22616
22619
22631
22632
22634
22644
22646
22648
22649
22652
22674
22679
22686
22690
22694
22707
22717
22720
22737
22741
22750
22759
22766
22818
22857
22859
22861
22862
22870
22872
22875
22876
22884
22890
22891
22893
22897
22898
22902
22906
22917
22918
22919
22920
22922
22923
22926
22932
22939
22941
22942
22943
22944
22947
22951
22953
22960
22961
22963
22969
22978
22986
22987
22993
23006
23007
23009
23049
23051
23053
23057
23061
23079
23082
23102
23105
23108
23111
23112
23120
23122
23131
23153
23170
23210
23219
23227
23234
23248
23250
23253
23254
23257
23258
23269
23286
23294
23297
23299
23300
23301
23310
23313
23316
23317
23319
23321
23324
23327
23329
23334
23338
23339
23342
23346
23354
23356
23360
23366
23372
23380
23381
23383
23389
23395
23420
23421
23425
23433
23435
23442
23444
23448
23451
23453
23456
23458
23463
23467
23472
23476
23480
23482
23484
23516
23544
23571
23576
23583
23585
23588
23595
23596
23615
23639
23644
23645
23658
23660
23662
23668
23671
23676
23681
23687
23690
23699
23705
23707
23710
23716
23717
23720
23721
23723
23725
23731
23735
23739
23740
23743
23750
23752
23755
23757
23764
23765
23780
23785
23787
23788
23789
23796
23800
23802
23806
23810
23811
23813
23820
23849
23856
23861
23872
23874
23887
23894
23897
23901
23922
23928
23944
23947
23949
23953
24026
24033
24035
24047
24057
24063
24077
24102
24106
24110
24114
24132
24139
24144
24147
24166
24175
24181
24190
24218
24230
24245
24252
24262
24272
24275
24288
24291
24293
24294
24303
24307
24309
24310
24312
24323
24325
24331
24334
24355
24363
24376
24382
24392
24430
24439
24454
24473
24481
24521
24530
24533
24551
24555
24560
24565
24567
24571
24572
24581
24583
24584
24595
24596
24606
24609
24620
24622
24642
24650
24657
24670
24686
24710
24713
24720
24726
24738
24744
24746
24747
24752
24753
24774
24775
24780
24786
24823
24825
24846
24855
24858
24862
24863
24868
24880
24890
24898
24966
24982
24985
24993
25014
25027
25037
25040
25045
25057
25059
25063
25064
25078
25085
25090
25104
25109
25111
25120
25123
25125
25126
25127
25128
25129
25130
25131
25133
25142
25151
25161
25191
25201
25228
25254
25269
25280
25286
25295
25304
25326
25328
25333
25342
25347
25354
25381
25390
25396
25397
25406
25409
25411
25412
25415
25417
25423
25424
25426
25432
25440
25442
25445
25450
25453
25460
25462
25467
25482
25483
25487
25495
25514
25518
25523
25526
25527
25537
25550
25560
25582
25585
25586
25587
25593
25611
25625
25626
25633
25638
25641
25658
25660
25665
25685
25726
25730
25747
25757
25767
25782
25792
25798
25810
25811
25823
25836
25849
25852
25867
25871
25890
25894
25904
25910
25918
25922
25924
25927
25934
25938
25988
26007
26017
26042
26043
26069
26083
26090
26107
26140
26151
26170
26210
26221
26247
26321
26420
26448
26499
26514
26529
26564
27368
27460
27672
27674
27807
27899
28101
28897
28985
29018
29030
29292
29990
30058
30070
30097
30548
30689
30805
30867
30966
30980
31047
31095
31184
31505
31531
31566
31633
31685
31713
31954
32010
32024
32049
32139
32269
32321
32502
32515
32519
32540
32704
32744
32831
32988
33162
33208
33399
33621
33796
33914
34002
34177
34242
34279
34550
34824
34902
34929
34990
35016
35185
35294
35497
35623
35743
35861
35869
36010
36105
36150
36411
36503
36581
36624
36674
36722
36729
37024
37328
37390
37471
37543
37594
37612
37675
37741
37755
37774
37778
37850
37939
37951
37984
37996
38056
38194
38202
38279
38303
38331
38403
38404
38468
38487
38555
38584
38631
38637
38651
38662
38730
38747
38807
38816
38855
38889
38897
38946
38971
39070
39092
39138
39139
39171
39176
39180
39252
39403
39411
39463
39477
39553
39618
39698
39767
39848
39875
40018
40075
40098
40219
40289
40355
40375
40377
40429
40434
40455
40492
40538
40582
40623
40633
40641
40701
40719
40746
40804
41011
41026
41033
41101
41139
41160
41173
41206
41207
41217
41323
41375
41400
41421
41454
41590
41660
41685
41698
41725
41753
41772
41784
41851
41986
42031
42051
42067
42068
42085
42201
42202
42215
42216
42219
42221
42234
42238
42249
42316
42345
42358
42373
42427
42485
42493
42501
42508
42520
42579
42604
42612
42630
42712
42714
42716
42723
42726
42747
42753
42768
42777
42778
42784
42815
42831
42852
42863
42866
42868
42874
42920
42927
42933
42938
42951
42955
42970
42974
43019
43021
43030
43032
43040
43042
43045
43055
43056
43067
43071
43087
43110
43119
43120
43124
43127
43135
43142
43152
43154
43159
43163
43170
43172
43173
43178
43206
43209
43216
43219
43227
43235
43237
43242
43246
43254
43255
43258
43262
43263
43278
43282
43284
43292
43299
43303
43306
43317
43325
43338
43340
43348
43362
43370
43375
43385
43388
43394
43397
43417
43425
43429
43430
43438
43440
43453
43455
43456
43460
43462
43465
43470
43478
43479
43484
43490
43496
43502
43506
43522
43524
43542
43554
43572
43584
43609
43635
43640
43642
43654
43660
43668
43670
43681
43720
43734
43735
43736
43742
43749
43751
43752
43782
43797
43799
43806
43813
43814
43837
43841
43843
43846
43851
43853
43897
43927
43969
43984
44025
44031
44036
44038
44050
44051
44076
44097
44106
44110
44114
44146
44149
44151
44162
44166
44169
44179
44185
44188
44191
44193
44195
44203
44213
44215
44216
44217
44219
44221
44232
44234
44242
44249
44264
44267
44270
44281
44286
44287
44288
44289
44291
44293
44300
44304
44314
44325
44330
44331
44332
44342
44345
44350
44352
44354
44355
44356
44364
44374
44378
44381
44382
44383
44392
44399
44404
44412
44415
44422
44424
44430
44431
44447
44462
44467
44473
44479
44483
44484
44485
44486
44490
44508
44509
44515
44523
44530
44532
44534
44549
44554
44555
44557
44559
44564
44566
44567
44578
44584
44603
44605
44621
44634
44639
44640
44644
44645
44647
44651
44655
44669
44671
44687
44690
44691
44693
44696
44697
44699
44702
44710
44722
44738
44748
44774
44776
44783
44791
44809
44811
44815
44828
44833
44837
44841
44855
44861
44866
44870
44874
44878
44879
44883
44894
44899
44900
44907
44915
44928
44929
44931
44941
44945
44947
44964
44976
44977
44984
44991
44999
45003
45015
45024
45032
45035
45040
45043
45052
45064
45071
45090
45115
45117
45134
45138
45148
45153
45157
45176
45201
45207
45222
45226
45246
45247
45252
45260
45268
45383
45457
45460
45546
45567
45580
45581
45583
45593
45595
45600
45604
45606
45616
45626
45634
45637
45645
45654
45660
45663
45722
45727
45728
45732
45734
45740
45749
45754
45758
45759
45762
45777
45781
45786
45790
45792
45798
45803
45807
45813
45820
45828
45838
45848
45854
45856
45857
45858
45863
45870
45871
45874
45876
45880
45895
45907
45909
45911
45916
45917
45924
45925
45928
45929
45932
45933
45943
45945
45947
45951
45953
45954
45957
45960
45964
45972
45974
45978
45980
45982
45985
45986
45990
45993
45999
46002
46004
46006
46013
46016
46017
46021
46022
46023
46042
46045
46052
46053
46054
46055
46056
46065
46070
46072
46116
46130
46134
46137
46148
46178
46188
46195
46248
46251
46254
46283
46286
46287
46288
46306
46360
46371
46382
46408
46422
46437
46449
46457
46458
46459
46460
46461
46465
46469
46482
46523
46542
46550
46591
46607
46624
46657
46663
46664
46667
46671
46700
46713
46720
46723
46740
46746
46767
46770
46775
46793
46797
46800
46802
46805
46812
46824
46828
46839
46842
46846
46875
46883
46884
46886
46888
46916
46917
46931
46935
46946
46951
46952
46990
46996
47003
47004
47018
47020
47026
47051
47083
47087
47096
47108
47114
47120
47131
47153
47160
47172
47192
47193
47194
47197
47199
47227
47241
47243
47246
47260
47261
47272
47284
47288
47291
47299
47305
47307
47317
47324
47328
47332
47340
47341
47359
47389
47390
47393
47396
47423
47424
47518
47527
47531
47582
47583
47589
47591
47623
47629
47630
47633
47636
47660
47663
47664
47679
47686
47693
47696
47705
47708
47719
47721
47727
47730
47733
47739
47746
47755
47761
47766
47780
47800
47804
47807
47815
47817
47830
47844
47854
47867
47870
47874
47879
47883
47896
47897
47906
47907
47910
47913
47925
47933
47935
47936
47941
47960
47966
47967
47980
47986
47997
48012
48014
48021
48030
48119
48121
48126
48143
48149
48155
48157
48163
48167
48168
48170
48181
48191
48198
48199
48200
48203
48211
48212
48215
48218
48230
48271
48279
48281
48314
48319
48321
48340
48342
48356
48401
48402
48427
48429
48431
48441
48444
48456
48459
48478
48481
48493
48528
48530
48533
48551
48562
48569
48609
48675
48684
48722
48730
48761
48778
48788
48819
48849
48852
48867
48891
48894
48900
48904
48916
48937
48987
48993
48996
49007
49015
49022
49026
49030
49048
49054
49130
49134
49158
49170
49186
49197
49209
49211
49222
49224
49226
49236
49286
49313
49327
49332
49333
49344
49369
49377
49386
49393
49398
49401
49412
49418
49430
49433
49457
49464
49474
49488
49489
49497
49519
49528
49530
49535
49536
49545
49557
49564
49567
49571
49576
49580
49596
49600
49604
49606
49611
49614
49615
49616
49617
49620
49624
49625
49630
49657
49665
49671
49675
49681
49685
49686
49688
49693
49696
49698
49700
49711
49714
49717
49718
49719
49720
49722
49728
49741
49743
49791
49808
49817
49857
49873
49875
49879
49882
49887
49893
49897
49899
49905
49910
49919
49927
49932
49934
49939
49944
49954
50007
50040
50041
50048
50055
50056
50059
50071
50093
50144
50170
50209
50236
50286
50294
50337
50344
50382
50390
50410
50423
50443
50455
50527
50547
50551
50570
50658
50737
50759
50861
50878
50929
50937
50946
51026
51027
51049
51051
51052
51055
51058
51063
51064
51067
51072
51081
51086
51088
51131
51152
51159
51162
51175
51179
51180
51195
51201
51205
51206
51208
51211
51213
51216
51217
51220
51224
51225
51236
51237
51241
51244
51245
51246
51251
51252
51276
51315
51334
51335
51395
51396
51398
51399
51414
51419
51452
51472
51507
51508
51529
51538
51550
51555
51571
51584
51616
51629
51667
51697
51724
51748
51771
51780
51781
51783
51785
51795
51798
51803
51804
51805
51819
51828
51836
51839
51845
51853
51855
51860
51864
51867
51887
51895
51901
51908
51909
51921
51926
51931
51932
51935
51939
51944
51954
51956
51958
51964
51985
51993
52005
52011
52018
52068
52073
52076
52079
52095
52099
52212
52308
52326
52367
52405
52428
52451
52454
52483
52582
52590
52597
52600
52601
52603
52604
52612
52613
52615
52624
52626
52629
52630
52633
52640
52666
52671
52696
52700
52707
52712
52726
52731
52739
52742
52743
52769
52772
52775
52778
52789
52790
52792
52795
52800
52808
52817
52818
52837
52855
52856
52880
52938
52939
52946
52957
52967
52970
53001
53018
53021
53084
53086
53090
53411
53453
53500
53514
53576
53620
53645
53794
53798
53819
53833
53836
53844
53861
53865
53900
53908
53922
53930
53953
53987
54000
54021
54026
54027
54057
54072
54086
54099
54103
54109
54113
54115
54118
54121
54138
54156
54165
54170
54180
54186
54189
54196
54198
54213
54230
54235
54239
54241
54255
54266
54267
54269
54270
54272
54278
54281
54286
54295
54298
54299
54304
54314
54318
54319
54326
54327
54330
54332
54337
54341
54343
54346
54349
54360
54366
54377
54378
54380
54381
54385
54386
54388
54392
54396
54401
54405
54412
54413
54460
54469
54483
54495
54504
54511
54521
54530
54543
54554
54560
54565
54569
54585
54596
54598
54603
54614
54616
54626
54629
54632
54638
54642
54655
54659
54661
54680
54690
54698
54719
54722
54723
54782
54794
54797
54802
54804
54806
54819
54827
54832
54842
54848
54853
54856
54866
54881
54884
54891
54900
54920
54929
54934
54935
54938
54981
55004
55005
55024
55033
55034
55036
55058
55061
55066
55079
55089
55097
55149
55154
55159
55172
55187
55198
55212
55225
55232
55245
55257
55270
55271
55284
55291
55322
55326
55327
55335
55355
55371
55374
55394
55405
55406
55428
55443
55466
55472
55478
55485
55494
55501
55502
55516
55518
55542
55556
55651
55652
55693
55731
55751
55772
55831
55899
55905
55917
55976
55984
56073
56079
56157
56237
56265
56425
56653
56807
56817
56929
56973
57005
57165
57176
57408
57452
57650
57676
57729
58218
58284
58312
58356
59367
59374
59416
59424
60440
60457
60468
60531
60933
64498
64693
64754
64851
64979
65007
65032
65689
65855
66263
66508
66690
66962
66985
67042
67120
67121
67230
67422
67538
67590
67616
67666
67820
67911
67975
67980
68253
68313
68427
68602
68806
68822
68843
68879
68935
68949
69009
69072
69187
69241
69569
69686
69930
70062
70265
70417
70506
70512
70718
70722
70743
70813
70814
70815
70826
70828
70843
70850
70860
70863
70864
70883
70934
70945
70948
71022
71093
71177
71180
71198
71219
71344
71352
71399
71403
71410
71457
71477
71555
71606
71618
71626
71627
71665
71672
71683
71696
71700
71704
71712
71725
71808
71812
71815
71835
71847
71854
71862
71865
71875
71876
71877
71885
71933
71940
71941
71943
71975
72055
72067
72095
72103
72125
72132
72168
72173
72176
72180
72185
72189
72199
72200
72308
72358
72363
72387
72397
72414
72422
72526
72537
72547
72558
72579
72591
72597
72698
72705
72727
72746
72807
72825
72826
72827
72875
72882
72885
72888
72891
72912
72917
72926
72935
72951
72975
72988
72991
73006
73016
73037
73043
73049
73050
73051
73080
73088
73097
73127
73134
73142
73172
73220
73226
73231
73239
73294
73324
73334
73361
73370
73375
73396
73404
73441
73445
73474
73476
73484
73597
73609
73611
73664
73685
73688
73691
73700
73707
73712
73719
73741
73747
73756
73797
73892
73895
73900
74083
74109
74133
74142
74182
74193
74199
74223
74236
74259
74265
74299
74303
74310
74338
74340
74355
74360
74364
74368
74373
74379
74390
74489
74498
74502
74522
74557
74561
74570
74586
74598
74603
74612
74620
74634
74679
74705
74714
74717
74729
74737
74758
74761
74765
74783
74791
74793
74803
74804
74817
74824
74826
74833
74914
74938
74956
74959
74993
75049
75067
75089
75111
75128
75153
75176
75177
75252
75275
75298
75325
75345
75418
75448
75465
75482
75486
75525
75531
75574
75685
75742
76001
76172
76295
76381
76459
76511
76553
76588
76642
76845
76862
76901
76915
76940
76951
76957
77009
77036
77047
77053
77087
77093
77100
77105
77106
77184
77304
77328
77449
77517
77593
77615
77629
77651
77687
77693
77702
77756
77764
77800
77881
77990
78000
78011
78045
78061
78063
78107
78125
78139
78144
78157
78158
78278
78294
78327
78372
78378
78415
78458
78502
78532
78577
78584
78590
78601
78620
78636
78644
78648
78655
78663
78736
78753
78762
78785
78798
78814
78829
78836
78852
78863
78880
78899
78926
78935
78964
79004
79025
79031
79037
79052
79067
79077
79098
79099
79129
79143
79156
79157
79176
79204
79220
79224
79248
79275
79313
79328
79334
79345
79348
79354
79356
79357
79364
79377
79382
79383
79385
79391
79399
79402
79421
79467
79484
79493
79496
79532
79535
79552
79573
79578
79590
79594
79597
79607
79616
79619
79630
79633
79641
79643
79662
79668
79681
79700
79710
79727
79744
79750
79757
79761
79767
79781
79791
79806
79811
79817
79830
79840
79841
79847
79850
79854
79855
79857
79861
79863
79865
79876
79882
79884
79898
79905
79911
79923
79930
79939
79942
79948
79953
79955
79959
79969
79971
79973
79978
79983
80000
80001
80002
80011
80018
80019
80023
80026
80034
80045
80050
80053
80098
80107
80108
80115
80117
80131
80138
80150
80156
80195
80199
80237
80269
80337
80342
80357
80365
80415
80442
80452
80456
80467
80480
80496
80525
80559
80566
80583
80609
80644
80645
80673
80719
80731
80761
80772
80833
81074
81129
81369
81384
81393
81394
81402
81410
81416
81419
81422
81423
81425
81432
81439
81440
81442
81443
81448
81459
81462
81463
81478
81480
81496
81501
81510
81513
81517
81519
81520
81525
81527
81530
81535
81538
81602
81611
81612
81620
81621
81625
81632
81649
81653
81657
81659
81660
81662
81667
81671
81684
81689
81714
81715
81718
81730
81731
81732
81743
81745
81747
81749
81750
81753
81754
81759
81763
81765
81771
81772
81775
81776
81780
81783
81791
81799
81802
81826
81828
81834
81842
81852
81854
81867
81871
81876
81891
81901
81904
81907
81912
81916
81920
81924
81929
81939
81941
81945
81949
81950
81951
81954
81960
81967
81969
81976
81979
81985
81988
81991
82011
82021
82022
82023
82031
82035
82071
82073
82093
82121
82126
82139
82143
82150
82164
82165
82167
82169
82177
82218
82222
82223
82265
82277
82286
82291
82318
82322
82330
82351
82369
82379
82388
82392
82397
82411
82436
82437
82446
82449
82453
82455
82466
82472
82474
82481
82518
82530
82547
82551
82555
82569
82577
82580
82585
82586
82600
82608
82618
82625
82635
82636
82648
82666
82672
82680
82695
82755
82786
82809
82823
82825
82840
82842
82849
82853
82855
82873
82878
82884
82888
82894
82899
82901
82914
82926
82929
82934
82935
82945
82952
82957
82961
82964
82967
82986
82987
82993
83003
83059
83072
83077
83091
83095
83096
83107
83121
83142
83155
83156
83161
83162
83169
83192
83197
83215
83230
83247
83275
83293
83344
83363
83365
83395
83435
83441
83443
83500
83505
83541
83544
83562
83573
83579
83582
83602
83603
83604
83619
83623
83642
83657
83662
83683
83702
83709
83759
83793
83807
83819
83853
84021
84094
84140
84204
84214
84288
84298
84320
84394
84431
84591
84610
84646
84769
84873
84928
84929
85012
85029
85059
85072
85073
85132
85190
85269
85342
85371
85375
85402
85406
85411
85415
85419
85430
85440
85445
85447
85454
85455
85498
85544
85638
85687
85728
85888
85934
85992
86049
86133
86198
86199
86282
86387
86423
86472
86503
86504
86590
86730
86799
86830
86855
86894
87023
87208
87237
87245
87336
87358
87360
87375
87379
87399
87404
87407
87427
87439
87468
87491
87498
87499
87520
87536
87611
87619
87631
87637
87659
87683
87688
87748
87772
87798
87872
87883
87913
87915
87926
87933
87942
87966
87996
88013
88020
88025
88026
88047
88123
88181
88196
88228
88230
88336
88414
88428
88434
88465
88492
88513
88517
88532
88575
88581
88583
88584
88590
88598
88615
88625
88630
88634
88663
88664
88670
88677
88684
88686
88692
88693
88699
88700
88704
88706
88710
88716
88719
88720
88722
88725
88733
88735
88738
88742
88743
88768
88794
88816
88897
88938
89104
89117
89202
89213
89219
89241
89243
89255
89256
89259
89277
89287
89339
89349
89454
89470
89494
89529
89550
89566
89586
89603
89629
89638
89654
89665
89674
89676
89678
89682
89686
89688
89707
89709
89711
89726
89728
89729
89730
89743
89749
89761
89762
89766
89767
89768
89769
89770
89773
89776
89777
89779
89780
89782
89787
89789
89790
89791
89792
89793
89810
89811
89813
89817
89820
89825
89829
89837
89842
89845
89846
89847
89849
89856
89875
89892
89897
89898
89900
89910
89912
89915
89920
89921
89925
89931
89935
89939
89942
89951
89956
89958
89964
89968
89978
89991
89993
90005
90008
90013
90014
90024
90026
90034
90035
90040
90045
90046
90052
90055
90056
90061
90063
90068
90072
90073
90074
90077
90095
90106
90107
90116
90119
90123
90152
90214
90219
90228
90229
90235
90244
90254
90256
90258
90263
90266
90276
90280
90286
90315
90321
90326
90344
90348
90356
90361
90364
90369
90380
90382
90401
90414
90426
90434
90455
90466
90489
90503
90515
90564
90571
90584
90590
90596
90697
90715
90727
90740
90746
90763
90783
90788
90792
90796
90829
90832
90851
90882
90885
90893
90901
90911
90917
90920
90935
90955
90958
90959
90971
90973
90980
90986
90997
91018
91021
91033
91040
91048
91049
91052
91060
91069
91079
91095
91096
91104
91110
91119
91144
91187
91240
91246
91268
91286
91293
91324
91352
91358
91379
91382
91404
91408
91416
91440
91448
91456
91498
91551
91568
91592
91604
91606
91614
91649
91666
91714
91736
91740
91748
91770
91774
91787
91804
91815
91823
91832
91848
91850
91869
91871
91881
91886
91895
92000
92003
92021
92023
92036
92099
92117
92122
92137
92143
92170
92172
92184
92212
92248
92306
92308
92314
92321
92344
92369
92400
92401
92402
92419
92506
92507
92527
92529
92552
92553
92564
92576
92582
92591
92592
92593
92595
92611
92632
92647
92649
92664
92668
92675
92694
92723
92737
92764
92792
92828
92888
92961
92976
92980
93008
93043
93051
93054
93067
93177
93231
93260
93262
93288
93315
93367
93404
93467
93479
93588
93601
93632
93653
93654
93778
93812
93838
93950
94109
94226
94340
94362
94377
94378
94400
94450
94535
94568
94625
94679
94691
94697
94717
94737
94751
94912
94931
95060
95250
95346
95347
95447
95531
95532
95574
95582
95630
95632
95668
95682
95920
95927
95955
95961
95983
95986
96018
96020
96027
96044
96083
96103
96122
96124
96133
96150
96155
96198
96233
96238
96264
96269
96289
96357
96379
96434
96458
96512
96590
96608
96651
96653
96775
96787
96788
96814
96819
96861
96883
96925
96951
96965
96994
97030
97044
97048
97069
97108
97109
97155
97162
97164
97200
97224
97241
97264
97270
97291
97294
97334
97335
97368
97391
97417
97442
97478
97487
97496
97506
97528
97532
97549
97554
97557
97667
97690
97715
97774
97780
97851
97854
97884
97890
97924
97962
97970
97971
97976
97982
97991
97994
97995
98031
98038
98081
98088
98091
98107
98151
98164
98172
98234
98280
98281
98305
98371
98435
98441
98468
98489
98545
98589
98592
98609
98610
98620
98621
98647
98655
98695
98722
98723
98726
98757
98791
98888
98896
98921
98966
98985
98989
99100
99124
99139
99204
99239
99255
99298
99312
99315
99326
99353
99369
99373
99434
99452
99498
99501
99534
99588
99606
99610
99643
99695
99704
99707
99732
99772
99821
99830
99836
99875
99922
99936
99948
99985
99991
100008
100059
100062
100080
100084
100093
100095
100100
100106
100123
100141
100241
100242
100247
100253
100292
100301
100303
100305
100306
100337
100359
100383
100425
100458
100506
100538
100550
100567
100592
100597
100641
100642
100645
100653
100690
100708
100709
100711
100740
100747
100781
100849
100884
100901
100913
100922
100958
100997
101020
101029
101065
101085
101129
101142
101192
101207
101209
101225
101227
101271
101286
101287
101296
101300
101304
101317
101328
101335
101351
101387
101388
101479
101486
101625
101668
101762
101799
101800
101811
101815
101824
101826
101830
101834
101835
101839
101840
101859
101861
101864
101865
101871
101873
101875
101879
101881
101890
101891
101919
101958
101969
101983
101986
101987
101990
101992
101996
102001
102003
102007
102011
102014
102015
102017
102024
102041
102044
102047
102068
102077
102109
102114
102116
102119
102121
102130
102134
102144
102187
102207
102236
102237
102247
102251
102308
102321
102335
102337
102375
102392
102403
102415
102419
102422
102423
102429
102436
102439
102446
102448
102451
102461
102470
102494
102497
102507
102511
102515
102528
102535
102543
102544
102545
102550
102557
102563
102601
102612
102624
102628
102631
102639
102646
102650
102652
102656
102663
102672
102677
102695
102705
102723
102725
102746
102751
102791
102814
102823
102839
102849
102871
102872
102876
102883
102966
102999
103003
103008
103015
103025
103031
103034
103050
103054
103073
103082
103085
103093
103096
103099
103102
103103
103120
103121
103124
103126
103176
103179
103185
103188
103197
103207
103209
103214
103221
103224
103235
103237
103241
103248
103260
103265
103302
103331
103335
103353
103357
103393
103396
103416
103421
103432
103441
103448
103460
103500
103514
103522
103553
103555
103565
103578
103595
103600
103617
103619
103641
103649
103684
103685
103692
103717
103723
103748
103796
103800
103812
103815
103859
103883
103916
103922
103927
103938
103988
103990
104057
104060
104076
104133
104147
104165
104178
104191
104207
104227
104230
104254
104316
104317
104345
104458
104647
104719
104890
104904
104918
104947
104989
104990
105086
105119
105174
105233
105328
105349
105358
105361
105375
105388
105443
105472
105491
105515
105587
105650
105656
105713
105744
105749
105761
105800
105802
105822
105839
105850
105862
105874
105932
105948
105949
105956
105965
105970
105983
105992
106013
106022
106028
106029
106039
106047
106069
106073
106088
106100
106116
106129
106139
106146
106170
106197
106209
106270
106274
106281
106398
106404
106406
106407
106425
106459
106467
106475
106498
106521
106533
106542
106555
106582
106602
106614
106619
106636
106678
106681
106682
106690
106699
106718
106743
106763
106774
106777
106795
106807
106813
106814
106818
106824
106835
106872
106877
106879
106884
106901
106905
106906
106912
106916
106943
106955
106981
107001
107022
107029
107054
107058
107060
107103
107113
107118
107131
107139
107169
107178
107181
107215
107239
107260
107268
107270
107275
107307
107339
107357
107377
107382
107395
107403
107404
107409
107439
107449
107453
107460
107508
107517
107533
107555
107570
107589
107591
107597
107613
107626
107646
107660
107679
107687
107689
107694
107701
107704
107722
107739
107754
107764
107765
107773
107782
107788
107812
107818
107832
107838
107842
107848
107855
107861
107897
107903
107916
107929
107931
107937
107945
107947
107949
107954
107958
107978
107996
108000
108015
108024
108028
108041
108043
108048
108053
108062
108073
108075
108119
108127
108133
108148
108160
108161
108185
108191
108209
108272
108274
108282
108287
108303
108327
108332
108345
108353
108362
108367
108380
108381
108403
108416
108419
108439
108441
108462
108465
108474
108478
108511
108541
108561
108563
108587
108678
108684
108729
108734
108737
108753
108771
108812
108821
108872
108888
108896
108935
108955
108992
109002
109010
109099
109102
109104
109143
109145
109151
109152
109180
109190
109213
109329
109349
109377
109406
109465
109512
109573
109577
109584
109642
109749
109757
109848
109911
109914
109965
109992
109995
110028
110069
110078
110087
110099
110181
110190
110254
110275
110276
110296
110316
110331
110362
110367
110375
110416
110490
110498
110503
110504
110609
110613
110615
110619
110649
110658
110682
110694
110704
110734
110737
110778
110886
110930
110977
110995
111007
111018
111022
111065
111189
111225
111268
111271
111298
111318
111355
111362
111378
111483
111511
111533
111572
111653
111677
111684
111752
111820
111889
111899
111986
112008
112009
112016
112042
112047
112192
112195
112274
112295
112332
112377
112424
112469
112473
112488
112570
112584
112603
112609
112648
112723
112728
112736
112746
112763
112806
112830
112832
112860
112916
112918
112924
112935
112936
112937
112950
112965
113020
113025
113029
113041
113063
113070
113075
113132
113184
113264
113300
113340
113376
113382
113405
113426
113464
113468
113483
113484
113512
113523
113526
113554
113587
113623
113635
113662
113691
113708
113709
113724
113735
113740
113772
113880
113966
113980
113990
113996
114045
114068
114071
114156
114171
114234
114268
114291
114340
114428
114501
114532
114656
114728
114749
114820
114839
114924
115003
115007
115035
115061
115084
115085
115103
115139
115160
115188
115252
115260
115286
115444
115465
115499
115531
115564
115613
115663
115671
115691
115711
115739
115748
115752
115758
115764
115785
115786
115794
115795
115800
115814
115829
115832
115833
115834
115836
115861
115960
115977
115983
115992
116003
116011
116017
116029
116040
116079
116121
116143
116164
116168
116185
116192
116195
116206
116223
116229
116232
116238
116239
116241
116244
116252
116253
116269
116274
116276
116277
116278
116287
116292
116294
116317
116318
116319
116321
116323
116327
116331
116335
116336
116337
116340
116342
116345
116348
116349
116351
116354
116355
116373
116375
116376
116382
116384
116388
116390
116395
116396
116402
116406
116414
116416
116419
116421
116430
116444
116445
116474
116476
116478
116484
116488
116508
116513
116547
116569
116571
116583
116589
116590
116597
116599
116604
116627
116629
116630
116633
116641
116652
116659
116672
116673
116683
116696
116698
116703
116705
116726
116748
116753
116785
116790
116795
116834
116835
116838
116854
116864
116870
116905
116915
116935
116948
116954
116959
116964
116990
116994
116996
117001
117002
117063
117065
117068
117073
117080
117119
117122
117130
117135
117143
117145
117147
117150
117151
117152
117153
117163
117166
117171
117181
117184
117189
117191
117196
117200
117201
117228
117233
117239
117265
117277
117283
117289
117292
117293
117296
117316
117320
117323
117344
117345
117348
117360
117368
117371
117374
117375
117387
117393
117405
117412
117414
117421
117465
117494
117502
117510
117527
117535
117554
117556
117564
117581
117609
117614
117668
117680
117687
117694
117695
117696
117702
117704
117706
117709
117733
117745
117753
117758
117766
117769
117772
117783
117796
117800
117804
117807
117812
117817
117826
117834
117845
117850
117857
117858
117859
117865
117869
117876
117886
117899
117900
117906
117919
117925
117926
117935
117939
117945
117953
117982
118042
118056
118072
118076
118092
118144
118154
118173
118184
118189
118202
118203
118212
118220
118222
118263
118273
118275
118311
118321
118329
118339
118355
118426
118427
118467
118504
118505
118529
118533
118542
118545
118563
118565
118566
118570
118594
118598
118599
118600
118615
118737
118738
118745
118781
118796
118809
118826
118827
118832
118837
118843
118850
118859
118860
118861
118864
118890
118933
118948
118960
118973
118976
119073
119081
119089
119099
119104
119105
119140
119180
119187
119205
119209
119217
119221
119242
119252
119267
119277
119293
119327
119334
119346
119378
119396
119410
119423
119438
119454
119460
119469
119475
119492
119505
119517
119535
119569
119571
119573
119583
119598
119600
119601
119602
119604
119618
119624
119632
119640
119661
119688
119690
119697
119709
119734
119736
119813
119816
119839
119843
119858
119861
119881
119916
119926
119941
119973
119998
120011
120058
120074
120092
120096
120101
120141
120168
120189
120193
120212
120221
120226
120238
120262
120320
120335
120360
120366
120395
120454
120626
120678
120757
120771
120774
120836
120907
120970
121087
121264
121265
121267
121276
121281
121315
121343
121361
121367
121374
121408
121409
121460
121465
121479
121508
121517
121519
121535
121536
121561
121564
121593
121610
121620
121647
121658
121697
121725
121741
121780
121906
121932
121937
122024
122049
122063
122113
122164
122169
122175
122186
122195
122216
122291
122406
122437
122476
122584
122590
122593
122612
122626
122635
122644
122671
122682
122693
122709
122731
122811
122812
122858
122881
122884
122899
122903
122945
122958
122967
123036
123076
123089
123195
123380
123474
123485
123587
123610
123615
123626
123639
123657
123660
123668
123772
123924
124164
124224
124257
124307
124326
124363
124402
124411
124525
124554
124564
124578
124603
124614
124619
124620
124621
124633
124643
124653
124657
124658
124659
124664
124666
124667
124691
124692
124698
124699
124701
124702
124703
124729
124844
124856
124857
124868
124873
124879
124882
124883
124885
124893
124912
124921
124947
125014
125034
125036
125038
125042
125050
125052
125058
125078
125087
125093
125099
125149
125163
125181
125192
125225
125239
125288
125376
125387
125391
125396
125409
125416
125431
125432
125434
125445
125471
125474
125477
125480
125500
125501
125509
125512
125534
125537
125558
125560
125563
125573
125584
125588
125594
125600
125601
125606
125609
125610
125647
125673
125706
125717
125733
125744
125761
125767
125774
125794
125804
125808
125843
125864
125896
125930
125949
125961
125986
126001
126003
126031
126093
126098
126111
126126
126137
126142
126163
126170
126176
126181
126182
126202
126209
126216
126229
126232
126242
126245
126249
126319
126358
126365
126373
126393
126411
126436
126462
126463
126474
126485
126517
126697
126825
126866
126924
126931
126957
126974
127011
127015
127044
127045
127059
127072
127077
127082
127085
127090
127101
127106
127107
127128
127132
127136
127137
127140
127145
127151
127156
127194
127214
127224
127231
127237
127276
127284
127290
127308
127322
127327
127329
127337
127346
127361
127372
127400
127405
127420
127422
127426
127429
127456
127488
127492
127502
127514
127580
127662
127664
127667
127675
127693
127699
127715
127723
127732
127749
127756
127759
127938
128004
128038
128062
128075
128109
128118
128159
128168
128170
128181
128182
128186
128197
128215
128226
128236
128247
128250
128264
128278
128289
128293
128323
128326
128336
128362
128458
128479
128531
128564
128565
128567
128585
128609
128615
128634
128637
128660
128788
128844
128851
128869
128881
128888
129335
130041
130121
130143
130160
130164
130165
130191
130193
130214
130217
130734
130745
130806
130835
130983
130984
131152
131332
131379
131429
131467
131478
131493
131522
131523
131524
131849
131975
132104
132139
132144
132165
132167
132181
132185
132187
132188
132208
132215
132227
132243
132255
132266
132280
132285
132287
132289
132299
132300
132303
132330
132331
132344
132345
132349
132355
132357
132371
132375
132377
132384
132385
132466
132501
132503
132532
132538
132558
132560
132580
132584
132589
132601
132602
132617
132620
132640
132652
132661
132686
132689
132707
132713
132714
132715
132738
132750
132757
132773
132775
132793
132810
132820
132824
132832
132838
132843
132850
132852
132853
132857
132881
132883
132890
132902
132908
132918
132919
132922
132923
132940
132944
132945
132950
132952
132959
132984
132991
132992
133002
133011
133022
133033
133039
133058
133063
133070
133072
133075
133078
133093
133097
133098
133105
133109
133112
133113
133115
133239
133261
133268
133338
133340
133346
133366
133377
133399
133407
133431
133451
133476
133523
133527
133540
133562
133608
133611
133659
133677
133715
133741
133820
133847
133872
133875
133878
133890
133914
133916
133928
133952
133960
133968
133976
133978
134039
134051
134060
134076
134144
134145
134154
134183
134200
134206
134224
134232
134235
134236
134249
134255
134258
134259
134299
134333
134338
134342
134351
134381
134388
134416
134421
134443
134461
134472
134502
134522
134540
134547
134574
134577
134579
134610
134616
134650
134652
134653
134665
134690
134691
134698
134905
134917
134939
134940
134965
134973
134979
135008
135017
135019
135022
135028
135046
135060
135068
135076
135082
135088
135131
135184
135207
135228
135266
135277
135280
135282
135295
135305
135308
135397
135402
135436
135468
135485
135522
135559
135603
135626
135627
135631
135726
135757
135778
135844
135859
135876
135881
135900
135930
135941
135966
135987
135999
136005
136026
136030
136041
136043
136063
136075
136092
136102
136112
136118
136149
136167
136187
136202
136207
136234
136258
136282
136290
136314
136318
136320
136393
136446
136472
136497
136623
136705
136769
136771
137047
137084
137085
137086
137115
137116
137174
137199
137228
137269
137270
137290
137305
137309
137310
137323
137329
137395
137690
137697
137709
137714
137720
137725
137726
137727
137728
137772
137786
137800
137802
137811
137815
137833
137834
137838
137843
137847
137851
137909
138068
138082
138087
138088
138090
138094
138098
138110
138115
138125
138129
138130
138135
138137
138144
138145
138331
138809
138848
138903
138974
138979
138983
138987
139024
139043
139086
139123
139151
139156
139166
139189
139218
139230
139236
139274
139297
139328
139379
139393
139402
139513
139656
139772
139774
139790
139791
139806
139807
139882
139912
139925
139971
139977
140006
140079
140088
140117
140136
140139
140147
140164
140183
140203
140210
140215
140223
140235
140245
140248
140250
140255
140260
140298
140308
140346
140347
140348
140364
140374
140385
140405
140410
140512
140555
140641
140715
140804
140815
140818
140833
140912
140946
140949
140957
140959
140973
140976
140978
140985
141024
141066
141081
141105
141126
141134
141136
141137
141177
141181
141192
141198
141216
141231
141265
141270
141277
141310
141331
141355
141395
141404
141406
141410
141442
141461
141468
141492
141506
141526
141540
141547
141548
141550
141558
141562
141585
141596
141620
141636
141644
141653
141670
141677
141681
141690
141702
141714
141729
141734
141759
141764
141771
141784
141788
141789
141790
141797
141798
141801
141865
141878
141929
141956
141971
142013
142033
142054
142064
142071
142094
142117
142296
142315
142321
142371
142376
142412
142480
142495
142525
142537
142596
142675
142686
142692
142713
142746
142757
142874
142981
143025
143130
143199
143212
143276
143283
143290
143323
143355
143361
143379
143475
144132
144292
144878
145099
145199
145385
145792
145993
146351
146503
146544
146552
146833
147260
147277
147443
147576
147752
147899
148134
148205
148236
148254
148258
148278
148408
148678
148823
148875
148891
148926
149012
149088
149115
149144
149215
149313
149454
149532
149533
149553
149572
149581
149585
149788
150220
150277
150428
150613
150951
151159
151239
151406
151620
151703
151791
151799
151836
151890
151897
151909
151980
152170
152217
152312
152431
152432
152505
152587
152591
152635
152638
152793
152829
152888
152909
153074
153295
153296
153398
153537
153758
153815
153819
153839
153842
154122
154173
154232
154356
154394
154414
154504
154614
154664
154813
154886
154992
155010
155083
155291
155353
155584
155731
155784
155856
155949
156013
156163
156185
157017
157063
157153
157288
157299
157494
157607
157654
157731
157809
157846
157848
157864
157975
157978
158256
158264
158276
158322
158343
158346
158392
158394
158407
158473
158478
158486
158520
158536
158537
158538
158543
158603
158634
158653
158667
158672
158683
158687
158693
158711
158717
158741
158753
158779
158806
158814
158818
158821
158830
158857
158862
158863
158864
158922
158942
158943
158949
158961
159002
159006
159008
159010
159017
159117
159310
159423
159459
159637
159692
159731
159824
159905
160048
160099
160121
160362
160366
160380
160382
160390
160499
160519
160525
160531
160532
160537
160557
160585
160586
160592
160603
160613
160628
160647
160650
160654
160655
160659
160671
160708
160744
160772
160806
160819
160825
160858
160859
160862
160882
160887
160892
160894
160901
160931
160997
161032
161049
161065
161081
161086
161160
161168
161180
161184
161205
161209
161227
161230
161269
161272
161310
161318
161320
161338
161377
161399
161404
161428
161443
161448
161474
161493
161506
161539
161540
161552
161655
161738
161750
161782
161784
161789
161790
161823
161829
161830
161846
161874
161904
161935
161959
161999
162020
162022
162049
162080
162089
162097
162112
162119
162126
162134
162195
162196
162211
162241
162253
162261
162309
162319
162320
163771
164564
164854
164861
165072
165085
165113
165562
165661
165769
165891
165964
166485
166651
166767
166796
166838
166875
166903
167194
167220
167279
167346
167765
167839
167869
168244
168340
168547
168647
168681
168811
169000
169299
169536
169643
169792
170067
170085
170150
170172
170256
170785
170904
171618
171645
172559
172925
173355
173418
173631
174907
175858
176028
176127
176290
176854
177303
178064
178467
178525
178626
179379
179509
179685
180499
180598
180674
180749
180968
181293
181656
181723
182215
182292
182379
182389
182453
182511
182594
182627
182785
182788
182794
182798
182799
182801
182826
182829
182834
182836
182837
182855
182856
182861
182882
182893
182968
182984
182992
182997
183001
183007
183010
183035
183075
183092
183102
183103
183109
183180
183356
183382
183443
183462
183556
183563
183586
183608
183646
183697
183717
183721
183726
183755
183776
183786
183809
183840
183850
183862
183867
183878
183883
183896
183904
183906
183908
183909
183919
183937
183939
183944
183951
183963
183965
183970
183979
183981
183994
184008
184016
184023
184120
184188
184223
184245
184249
184264
184274
184279
184288
184337
184378
184437
184440
184450
184459
184482
184547
184565
184590
184602
184621
184654
184727
184757
184767
184798
184824
184897
184904
184918
184936
184942
184951
185022
185043
185046
185051
185052
185059
185066
185101
185117
185121
185148
185179
185193
185197
185208
185235
185295
185354
185356
185374
185394
185440
185441
185449
185459
185479
185483
185499
185518
185557
185558
185584
185619
185630
185686
185687
185726
185736
185780
185817
185822
185855
185869
185876
185902
185930
185949
185989
186010
186012
186029
186067
186074
186085
186091
186108
186115
186122
186142
186148
186151
186152
186168
186188
186199
186202
186211
186221
186230
186233
186244
186246
186249
186258
186262
186275
186279
186289
186291
186312
186315
186328
186339
186344
186346
186358
186365
186374
186383
186386
186388
186394
186397
186399
186406
186408
186425
186426
186440
186467
186497
186552
186562
186565
186593
186604
186611
186622
186625
186632
186633
186637
186642
186644
186646
186653
186654
186666
186674
186677
186678
186687
186718
186734
186735
186758
186771
186818
186828
186830
186851
186869
186872
186905
186912
186914
186939
186945
186956
186959
186973
186981
186982
187005
187012
187028
187057
187059
187103
187112
187116
187119
187130
187138
187144
187153
187189
187204
187210
187221
187304
187315
187333
187335
187349
187355
187365
187379
187403
187431
187467
187484
187508
