187059
187057
187028
187012
187005
186959
186945
186914
186905
186872
186869
186818
186771
186758
186734
186718
186687
186678
186674
186653
186644
186637
186633
186632
186622
186611
186593
186565
186562
186552
183102
183075
182997
182992
182984
182855
182837
182836
182829
182799
182798
182794
182788
182627
182453
180598
155353
155291
155083
154886
154664
154504
154394
154356
154173
153842
153839
153819
153537
153296
152829
152793
152431
152217
151836
151791
151239
150951
150220
149581
149572
149532
149313
186982
186981
186973
186956
186666
186654
186625
183103
182856
82987
126142
126093
125434
125181
125163
123924
24181
24035
24026
73006
121508
22632
120836
120771
120678
119697
119410
20520
20366
118565
118563
118321
118220
118212
118173
118154
118144
118092
118076
117935
117869
117857
117850
117709
117702
117556
117277
117233
117228
117163
117153
116990
116854
18516
116790
116726
116444
116079
115960
115834
115671
115613
115499
115286
114839
114749
114728
114291
113990
113662
15062
113376
113063
112936
112924
112603
112570
110694
110658
110649
110504
110503
12152
110416
110375
110331
11572
11502
109151
10105
9493
9392
9283
9209
8789
8655
8495
57650
155856
8368
8232
8221
7714
7699
7674
7626
154813
55693
6464
6346
55097
153295
5601
103448
152591
152432
4799
103015
152170
4525
102839
4489
4376
4349
4333
4332
4329
4299
4288
4276
3928
3836
102119
3803
3798
3765
3730
102011
3673
101919
101762
3301
3288
3280
3223
3185
3147
101287
101192
2809
101065
100913
100901
100711
100709
100690
100653
100425
100359
100337
100301
100253
1920
100141
1778
100059
100008
99991
99922
99875
1541
1512
1418
124257
99643
99588
1261
124164
1230
1211
1198
99353
99204
99124
786
99100
778
98757
381
98695
380
368
98621
98610
244
98468
98441
57
98172
97995
97991
97982
97976
97924
24175
97890
97854
97780
97774
97715
97549
97241
97162
97155
97108
97048
97030
96994
121267
96653
96590
96269
96198
96133
96044
95955
95682
95574
119505
119180
118615
44693
93315
117865
93231
117807
43814
43813
92961
43736
43660
43642
43635
92647
117145
92552
117065
43142
116488
42712
116373
42427
42234
42068
42067
115752
115564
41725
41207
41101
40746
40623
40429
40098
113772
39477
186939
186912
39403
186851
186828
113070
39252
112935
39092
87439
87399
87237
87023
86894
86830
86799
86730
86503
86387
86282
86198
86133
85992
85728
85638
85544
85447
85375
85190
85073
85072
85059
85029
85012
84928
183092
84769
84646
84610
84591
182893
182826
84431
84394
84320
84298
84214
84140
84094
84021
182215
83642
83604
83603
83579
9654
9588
9509
83230
82964
82446
82265
57452
81530
6405
103522
152635
54057
103008
102966
4501
4311
4267
126170
3211
125744
101129
124326
99704
99610
99326
99315
99298
73476
73396
73370
24166
24063
97690
73051
73050
73043
73016
72991
72951
72917
72891
72888
72885
72882
72875
72705
97264
96951
96458
120907
22332
21681
119438
21086
20292
43735
117421
115444
115252
115003
41206
41026
186830
38651
87358
110734
84204
182379
9678
9707
83344
9485
9422
83161
9320
9280
9302
9089
9037
9033
82569
8730
8728
8752
8696
82474
8685
156185
8703
8657
8656
8653
8682
8622
8528
8502
8454
8456
8397
8395
8361
8286
8315
8256
57408
8209
8196
8215
8158
8169
8134
8155
57176
57005
56973
7635
7363
56237
7071
56157
56079
56073
55984
55976
154232
55917
55905
55899
6679
6560
55731
6515
6511
6510
55651
6494
6523
6399
6341
6366
6332
6361
153815
55501
55485
6298
6327
6281
6306
6271
6224
6239
55371
6180
6206
6201
6181
55335
55322
5963
55058
55033
54853
54827
5629
153074
5603
5598
5627
5454
5469
54614
152888
5417
5446
54603
5441
152909
5437
54543
5367
5121
5105
103460
103353
103331
103302
54099
54086
54072
4898
4849
152312
4805
4763
4600
4535
4561
4480
151980
53620
4417
4460
4402
151890
53576
4364
4358
53453
4296
4297
4204
4131
102448
4015
3976
4005
3848
3873
102144
3827
3710
3698
3632
3661
3656
3617
3644
3568
3567
3572
3430
15616
3297
126111
3170
150613
3091
3021
101317
101304
101142
2828
2803
150277
2431
39180
100641
149788
100642
2263
2252
100592
2246
39070
1945
1935
1931
1900
100241
1894
1811
1534
1397
124224
1317
1269
1297
1247
1229
1258
1209
1202
1192
1095
99434
1020
927
893
98985
613
98896
25014
371
361
312
98655
297
98609
98545
48
67
98280
98234
98151
98107
73484
98038
73445
24245
24139
24114
24077
24057
97667
73037
72975
72935
97506
72912
97442
97200
96788
96787
22720
96379
120757
22370
95986
120454
22072
83363
95668
9583
9489
9397
21561
21559
21459
9085
20990
21032
8637
8638
20737
8384
8380
8288
20574
8273
20390
44697
44696
56929
44603
56817
118222
56653
93404
7348
117982
117945
117876
43806
43799
154414
43752
43749
43734
43720
43668
43640
43609
92664
55751
43299
6374
43235
92306
43110
6187
18447
43021
42933
42815
116547
55036
5822
42358
42316
5381
41986
41851
41784
41660
41454
41217
41173
41160
40701
3532
39618
14776
2472
186735
186677
112950
186642
39171
125099
100506
38971
38946
100305
1809
100123
38202
24110
11613
73049
85269
183010
11001
183007
109213
83443
9661
83293
9543
83247
9390
9386
58284
9099
9025
8643
8672
8642
8593
8585
8516
8455
8377
8358
82073
8250
8229
155731
8182
8183
57165
7700
7676
56807
7286
154614
7158
55831
55652
6496
6463
6378
6274
6245
6251
55394
6228
6198
5630
5626
5607
5563
54661
5451
54632
5426
5371
5345
54346
152638
152505
41772
54103
41753
4883
54021
4702
4685
53645
4488
4503
41375
4494
4478
4469
4457
4440
151897
4426
151909
4438
4407
4377
53500
151799
4328
53514
4309
4316
4282
4260
41139
4312
4263
151703
4172
16475
41033
41011
4116
4042
3987
3966
3957
3807
3753
3766
3706
3700
3555
15360
101351
150428
101271
125864
2830
100958
2582
2534
186646
149585
14325
1790
1814
100106
1787
1782
100095
100080
1598
99836
1464
99821
1449
1421
155010
1389
99707
38194
1304
1303
1282
93479
1253
1251
1215
1165
7289
1103
1113
99452
1081
978
99255
941
897
123772
804
765
763
770
748
13064
697
634
618
627
583
98921
546
539
497
506
12768
154122
427
12746
12689
391
360
287
98647
98589
275
254
98620
12595
213
195
6216
6171
55245
12113
98088
73441
97970
24218
73375
24147
24144
24106
24047
42501
11768
24033
5562
5372
54385
42031
72698
84929
121647
97069
115465
96965
121536
96861
96814
102871
41421
84288
4363
4304
96434
4071
22221
3785
22201
9598
3428
21837
126216
9440
3238
101625
9322
21583
21563
3132
119858
9095
9109
21321
9024
9010
9002
8816
119460
21078
21072
21040
21037
21036
21007
20988
21003
20991
8663
156163
20982
8624
8654
8645
8584
8553
57729
57676
119104
20715
8375
8284
8277
1883
20323
118329
7694
118355
7678
118339
118311
7663
7637
118263
7582
118203
118202
154992
1294
1279
899
916
18972
18928
18480
55212
92122
55154
103565
16289
9634
3183
3124
3095
3096
2790
2522
2448
113029
14586
8422
39139
13904
1066
1068
1002
1032
13310
917
960
911
880
732
13012
764
3764
389
98723
351
349
6460
12611
6444
6386
5351
9698
9699
9674
21961
9672
9667
9665
9673
21962
9660
9655
6526
374
9559
318
9551
9528
9534
83155
3235
3134
3164
3209
3151
3150
83077
3137
3123
9275
9229
9196
9165
9130
9134
101328
9092
12164
101209
9046
2805
21089
21051
2580
8721
2555
2570
2497
8590
20909
8620
8595
8577
8578
125391
100740
100781
8541
156013
8537
8532
8524
155949
8478
8508
8465
20758
8420
39176
8328
8338
100538
20617
155784
8271
8269
8243
125014
8162
20460
8145
8132
155584
1930
1836
100100
7685
7679
7646
7648
1490
7572
7358
117859
985
56265
799
494
55772
40355
6525
6505
313
299
6448
284
6435
9513
283
6434
288
256
6421
6422
280
98592
6401
6430
12454
55502
98489
18589
6167
3118
9201
6176
42831
125774
9007
153398
2836
2801
2802
73361
11789
5631
20997
8713
5597
2574
5616
2558
5617
8662
11725
2434
42373
54638
5432
5404
5405
54565
11520
20739
42085
115861
5104
152587
54109
11096
41698
41685
14052
41590
99985
7738
4640
7668
4577
41400
4529
4519
7594
4515
4513
1430
7581
4498
4491
4466
4461
4534
4450
4433
4404
4401
4385
1291
4369
1221
4295
4292
4286
53411
10328
151620
1004
986
1059
99373
7150
987
891
892
859
40804
16226
151406
3974
3892
3886
3817
22267
3808
3796
16104
3776
3774
3769
3761
3756
3715
3702
3749
3691
151159
3688
3703
3599
3564
9658
98791
363
98722
3415
3437
6509
126365
6514
356
9573
18805
6473
9538
304
253
9414
15576
6319
86199
53
3112
9233
58356
3035
58312
9155
39848
98281
9113
3008
9075
9080
41323
4456
9057
1362
58218
4439
4436
4406
2837
4388
125794
4373
2826
1256
1248
125673
96512
4280
7345
4277
4262
21159
73404
39553
97994
4163
4143
24132
21043
39463
7204
96357
21027
24102
21001
8661
20986
2533
971
8640
8588
8581
5468
8539
8535
8517
8498
8467
3839
8425
186604
125225
125192
43681
3728
3724
8333
8320
3709
3652
98966
3659
3648
42051
149533
3618
149553
54337
18981
5115
54266
3528
1910
1940
100242
1928
149454
370
18817
100247
352
6483
1868
1854
6416
6408
3293
21580
6199
55374
38404
1529
7654
1494
7649
124363
3025
1471
1465
125930
7605
1428
4499
21412
1392
6011
3638
4412
1281
1231
8157
4315
99606
4352
4294
22750
1208
102650
98031
1147
101020
1903
56425
1110
21034
40219
43292
9455
6376
992
973
100093
6352
963
970
982
99312
6295
20939
922
8573
99948
808
43797
766
3851
790
3822
1511
101388
6429
3713
9488
625
617
8312
4455
54378
4454
969
948
3591
38889
782
100303
5392
99139
767
99830
294
868
285
1815
4496
1417
3734
1801
6412
101871
1160
1934
965
2493
396
3231
3237
21677
3218
3220
6292
1578
110778
9268
1574
805
126181
2466
2440
883
75
1263
83096
40075
21582
153758
18643
835
4511
274
82167
298
