1
2
5
6
9
11
13
17
18
23
24
28
40
49
50
54
55
59
60
61
66
67
68
70
71
74
78
79
81
82
85
87
89
93
98
102
104
105
106
109
111
114
115
117
118
123
124
126
128
132
134
135
136
137
138
140
145
148
149
151
153
154
157
158
159
160
162
163
164
165
166
167
169
170
173
174
178
180
181
183
185
186
189
190
191
194
202
203
206
210
212
214
215
217
219
221
225
227
228
229
230
231
232
234
235
237
239
240
241
242
244
245
248
251
252
254
258
261
263
264
268
269
272
273
276
280
281
283
285
286
288
293
294
295
298
299
300
303
304
305
307
308
310
312
314
322
323
324
327
331
333
339
340
342
345
347
351
354
355
356
358
359
361
362
363
364
366
367
369
370
373
374
377
378
379
382
383
384
387
390
391
393
394
395
396
398
399
401
403
404
406
407
411
412
413
414
415
417
423
428
429
430
432
433
434
435
438
439
440
441
442
443
444
446
448
449
450
452
454
455
457
458
459
460
463
465
466
468
470
471
472
474
475
476
477
483
488
491
494
495
496
498
499
500
501
502
506
507
509
510
511
512
515
516
517
518
524
525
526
534
537
538
539
540
541
542
543
544
546
547
548
549
551
553
554
555
557
558
562
565
566
567
569
570
571
572
573
575
576
579
580
581
582
586
588
589
590
591
592
593
595
596
599
600
602
603
604
606
608
609
611
612
616
617
618
619
620
621
622
623
624
629
633
635
636
643
644
645
646
647
648
649
653
654
659
660
661
662
663
664
666
668
669
671
674
675
678
679
682
683
686
688
689
690
691
692
693
695
696
697
698
699
702
703
705
706
707
708
710
713
717
719
720
723
725
726
728
729
730
731
732
733
734
736
737
742
744
746
748
749
750
751
756
757
759
762
764
765
766
767
769
770
771
773
775
776
777
778
779
780
786
787
788
790
792
794
795
796
808
812
818
829
830
834
835
841
849
856
859
861
866
868
872
873
874
880
883
884
892
893
902
909
916
921
923
926
927
931
932
933
937
938
940
942
947
951
963
967
973
981
988
991
992
1002
1004
1006
1013
1014
1016
1022
1023
1024
1026
1027
1028
1033
1036
1041
1048
1055
1056
1057
1067
1069
1070
1075
1078
1082
1084
1087
1091
1095
1100
1107
1109
1119
1131
1144
1147
1149
1157
1161
1163
1167
1169
1173
1181
1187
1188
1190
1192
1214
1220
1223
1232
1236
1237
1245
1250
1252
1256
1262
1267
1270
1275
1276
1296
1309
1310
1316
1317
1321
1325
1329
1333
1351
1354
1357
1364
1367
1379
1385
1388
1390
1391
1392
1396
1406
1408
1409
1410
1414
1415
1417
1427
1428
1429
1431
1433
1435
1439
1443
1456
1457
1478
1488
1504
1508
1513
1516
1520
1531
1535
1538
1548
1559
1563
1572
1576
1582
1586
1591
1598
1599
1601
1606
1611
1612
1627
1629
1630
1635
1638
1643
1645
1646
1647
1648
1654
1662
1666
1669
1670
1674
1676
1678
1694
1695
1703
1704
1705
1710
1711
1715
1719
1727
1729
1734
1738
1739
1745
1752
1757
1759
1772
1773
1777
1782
1784
1786
1787
1788
1790
1802
1804
1807
1812
1818
1827
1830
1834
1840
1841
1843
1844
1849
1853
1858
1859
1860
1863
1869
1873
1876
1878
1881
1885
1886
1889
1891
1894
1897
1898
1899
1902
1906
1907
1913
1919
1921
1926
1927
1930
1937
1939
1945
1948
1951
1952
1958
1960
1961
1963
1964
1966
1971
1976
1982
1993
2001
2006
2012
2013
2014
2018
2021
2022
2026
2027
2034
2035
2038
2045
2051
2057
2058
2063
2069
2074
2078
2083
2088
2092
2096
2097
2100
2106
2107
2111
2112
2114
2121
2124
2126
2128
2130
2144
2145
2147
2148
2150
2154
2183
2195
2200
2201
2224
2226
2299
2305
2306
2309
2312
2318
2323
2328
2331
2338
2355
2360
2388
2413
2415
2428
2433
2458
2467
2471
2474
2482
2495
2502
2508
2513
2518
2519
2521
2527
2532
2533
2536
2547
2553
2555
2562
2570
2571
2614
2620
2627
2628
2631
2637
2644
2645
2647
2650
2656
2666
2671
2676
2678
2679
2682
2687
2690
2691
2692
2695
2702
2705
2706
2710
2711
2715
2717
2718
2721
2722
2725
2726
2727
2728
2730
2731
2734
2735
2736
2738
2741
2744
2748
2751
2752
2756
2757
2758
2759
2760
2761
2763
2764
2765
2767
2768
2770
2774
2776
2777
2780
2781
2787
2790
2795
2796
2798
2802
2806
2807
2809
2814
2817
2822
2824
2825
2828
2829
2830
2832
2833
2836
2837
2842
2846
2847
2849
2851
2852
2854
2856
2859
2861
2867
2873
2874
2877
2878
2880
2882
2883
2887
2896
2897
2899
2901
2902
2910
2915
2917
2921
2924
2926
2928
2930
2931
2932
2933
2942
2945
2948
2952
2953
2954
2957
2958
2960
2963
2965
2966
2972
2975
2976
2978
2979
2981
2983
2984
2988
2989
2990
2995
2996
2997
2999
3000
3001
3007
3013
3014
3015
3016
3019
3022
3026
3028
3030
3035
3037
3039
3041
3042
3045
3046
3056
3057
3059
3060
3061
3066
3067
3068
3069
3071
3072
3073
3078
3083
3087
3095
3096
3098
3099
3102
3105
3106
3108
3110
3112
3114
3121
3125
3129
3131
3146
3150
3151
3153
3154
3158
3159
3160
3162
3163
3166
3167
3168
3169
3170
3171
3175
3176
3177
3179
3180
3183
3184
3185
3187
3188
3189
3191
3192
3193
3194
3196
3197
3198
3200
3202
3203
3206
3209
3210
3211
3212
3215
3217
3218
3220
3222
3223
3226
3228
3230
3232
3235
3236
3237
3239
3241
3242
3243
3245
3247
3248
3250
3251
3252
3255
3256
3258
3260
3261
3262
3263
3264
3268
3270
3271
3272
3274
3277
3278
3279
3281
3282
3284
3286
3287
3290
3292
3293
3295
3298
3299
3302
3305
3306
3310
3311
3312
3313
3315
3316
3317
3318
3319
3321
3323
3326
3330
3333
3335
3339
3341
3342
3343
3348
3349
3352
3355
3357
3359
3366
3368
3369
3370
3374
3379
3381
3383
3385
3386
3390
3392
3393
3395
3397
3400
3401
3402
3403
3406
3407
3408
3409
3411
3412
3414
3416
3417
3418
3419
3421
3423
3427
3428
3430
3433
3435
3441
3442
3445
3448
3449
3450
3452
3454
3455
3458
3460
3461
3463
3464
3465
3466
3467
3468
3469
3470
3471
3472
3473
3477
3478
3480
3481
3482
3485
3486
3487
3489
3490
3492
3493
3494
3495
3496
3497
3498
3499
3500
3504
3505
3507
3508
3509
3510
3511
3512
3513
3514
3515
3516
3517
3518
3519
3520
3521
3522
3523
3524
3525
3527
3528
3529
3531
3533
3534
3536
3537
3538
3540
3541
3543
3544
3545
3546
3547
3548
3550
3552
3553
3554
3556
3557
3558
3559
3560
3561
3563
3564
3565
3566
3567
3568
3569
3571
3572
3574
3575
3577
3578
3579
3580
3582
3583
3584
3585
3586
3588
3591
3592
3593
3594
3595
3596
3599
3600
3601
3602
3603
3604
3607
3608
3609
3610
3611
3613
3614
3616
3619
3620
3621
3622
3624
3625
3626
3627
3628
3629
3632
3633
3634
3635
3636
3637
3638
3639
3641
3642
3643
3644
3645
3647
3649
3650
3651
3652
3661
3663
3665
3666
3669
3670
3671
3672
3674
3675
3678
3679
3682
3683
3694
3698
3704
3705
3711
3712
3713
3716
3719
3722
3723
3724
3730
3733
3739
3740
3744
3746
3751
3752
3755
3769
3771
3774
3776
3780
3784
3787
3788
3789
3790
3791
3792
3797
3801
3806
3807
3812
3813
3816
3817
3819
3821
3823
3830
3831
3834
3837
3842
3845
3848
3849
3850
3851
3853
3854
3856
3863
3865
3867
3871
3874
3875
3876
3877
3878
3879
3881
3882
3883
3884
3886
3888
3891
3896
3897
3900
3903
3905
3906
3907
3910
3911
3912
3913
3914
3916
3918
3919
3921
3923
3924
3925
3927
3928
3931
3932
3933
3937
3938
3940
3946
3949
3950
3953
3954
3955
3963
3964
3965
3967
3968
3971
3973
3974
3977
3978
3980
3981
3982
3983
3985
3986
3988
3992
3994
3996
3998
3999
4004
4006
4012
4017
4018
4019
4022
4024
4026
4030
4033
4034
4035
4036
4037
4038
4039
4040
4042
4045
4046
4048
4050
4052
4054
4056
4060
4063
4065
4066
4070
4072
4073
4078
4079
4080
4086
4090
4093
4095
4098
4099
4101
4102
4104
4109
4111
4114
4117
4119
4121
4128
4130
4132
4133
4138
4141
4142
4145
4150
4151
4154
4156
4160
4161
4166
4172
4175
4176
4181
4188
4192
4193
4197
4199
4201
4205
4207
4208
4210
4211
4214
4215
4217
4218
4221
4222
4224
4225
4226
4231
4232
4233
4235
4240
4241
4244
4246
4252
4254
4255
4256
4257
4260
4266
4275
4282
4284
4286
4289
4290
4292
4297
4303
4305
4306
4310
4314
4315
4316
4318
4319
4324
4328
4332
4336
4341
4345
4346
4349
4353
4355
4357
4358
4361
4362
4364
4371
4372
4381
4382
4383
4384
4386
4387
4391
4392
4394
4395
4396
4397
4398
4400
4405
4406
4407
4409
4410
4411
4412
4420
4423
4428
4429
4430
4432
4433
4437
4438
4440
4442
4445
4446
4449
4450
4451
4453
4456
4459
4460
4463
4464
4465
4468
4472
4475
4477
4478
4481
4483
4486
4492
4493
4496
4497
4498
4502
4504
4506
4519
4522
4524
4525
4531
4533
4541
4544
4545
4546
4548
4550
4552
4555
4556
4563
4567
4574
4575
4576
4579
4581
4594
4595
4596
4597
4598
4600
4604
4605
4606
4613
4616
4620
4625
4626
4627
4628
4629
4631
4634
4635
4641
4645
4648
4650
4654
4657
4661
4665
4669
4674
4683
4685
4686
4687
4691
4692
4693
4694
4695
4696
4698
4703
4707
4708
4709
4711
4713
4717
4723
4725
4729
4731
4732
4736
4737
4738
4743
4750
4755
4756
4766
4772
4775
4776
4778
4780
4793
4796
4798
4811
4814
4820
4822
4827
4829
4830
4831
4836
4837
4838
4842
4843
4846
4849
4850
4855
4857
4859
4867
4871
4875
4876
4882
4883
4888
4896
4898
4906
4911
4913
4914
4917
4918
4919
4922
4924
4935
4938
4939
4940
4942
4945
4946
4950
4953
4954
4955
4958
4960
4962
4963
4965
4967
4969
4970
4971
4974
4977
4978
4983
4984
4986
4990
4992
4993
5007
5008
5012
5017
5020
5022
5025
5027
5030
5032
5043
5047
5050
5053
5054
5058
5060
5061
5069
5070
5074
5076
5077
5081
5082
5091
5098
5100
5108
5110
5116
5117
5119
5121
5123
5126
5130
5131
5136
5138
5141
5142
5143
5144
5147
5152
5154
5162
5166
5169
5173
5174
5177
5180
5182
5188
5195
5199
5201
5202
5205
5215
5217
5218
5219
5220
5223
5231
5234
5236
5239
5243
5244
5248
5250
5251
5263
5264
5265
5266
5267
5268
5272
5282
5298
5301
5320
5339
5342
5344
5348
5351
5354
5358
5363
5374
5377
5380
5384
5386
5388
5390
5393
5394
5397
5398
5400
5401
5408
5413
5417
5422
5438
5444
5446
5452
5453
5455
5468
5471
5477
5484
5485
5487
5489
5490
5491
5492
5499
5501
5510
5513
5514
5515
5518
5520
5526
5528
5531
5538
5540
5542
5548
5550
5552
5555
5558
5560
5561
5564
5565
5566
5570
5574
5593
5594
5596
5599
5601
5603
5608
5610
5612
5615
5617
5634
5636
5643
5651
5652
5656
5658
5659
5661
5666
5668
5678
5679
5697
5705
5709
5714
5716
5718
5722
5724
5725
5728
5729
5735
5739
5743
5749
5761
5766
5769
5770
5771
5773
5774
5776
5777
5779
5780
5781
5782
5783
5784
5787
5789
5793
5795
5797
5802
5804
5810
5811
5813
5816
5817
5818
5820
5822
5823
5824
5827
5828
5829
5833
5835
5838
5839
5842
5844
5847
5854
5857
5858
5859
5860
5861
5862
5866
5867
5870
5875
5882
5883
5884
5887
5888
5899
5900
5905
5906
5908
5914
5916
5920
5921
5926
5928
5930
5932
5933
5938
5943
5949
5967
5969
5972
5978
5982
5986
5995
6004
6015
6016
6020
6029
6030
6042
6062
6067
6071
6087
6094
6100
6102
6114
6122
6125
6132
6133
6136
6139
6143
6147
6148
6152
6156
6159
6162
6166
6169
6175
6177
6179
6182
6184
6187
6188
6196
6202
6204
6209
6212
6215
6216
6221
6222
6225
6229
6230
6231
6232
6237
6238
6242
6253
6255
6259
6260
6264
6265
6267
6268
6270
6271
6272
6277
6280
6281
6283
6285
6286
6288
6291
6298
6305
6312
6313
6319
6320
6324
6325
6328
6330
6344
6351
6366
6371
6375
6376
6387
6388
6393
6398
6410
6414
6422
6445
6449
6451
6453
6461
6462
6470
6484
6491
6508
6515
6517
6523
6529
6531
6538
6545
6551
6553
6562
6571
6572
6577
6589
6592
6599
6608
6613
6616
6620
6621
6626
6637
6638
6644
6649
6650
6662
6665
6666
6670
6674
6690
6692
6745
6754
6765
6776
6780
6781
6788
6794
6803
6805
6808
6813
6820
6823
6824
6827
6830
6835
6838
6841
6843
6848
6849
6853
6854
6855
6858
6861
6862
6865
6867
6869
6872
6876
6877
6883
6885
6886
6890
6891
6893
6905
6929
6941
6974
7009
7014
7029
7057
7103
7130
7133
7161
7182
7208
7209
7230
7240
7275
7298
7306
7342
7359
7459
7487
7503
7519
7547
7549
7603
7627
7645
7646
7699
7703
7713
7727
7746
7751
7781
7783
7798
7802
7825
7843
7850
7858
7861
7862
7867
7881
7885
7892
7903
7906
7908
7914
7920
7940
7962
7964
7969
7974
7984
7999
8002
8003
8009
8022
8033
8037
8052
8053
8058
8063
8073
8078
8079
8087
8088
8091
8095
8096
8099
8110
8114
8120
8124
8130
8134
8138
8139
8140
8142
8150
8154
8159
8178
8179
8182
8187
8195
8218
8222
8223
8227
8229
8230
8242
8247
8261
8269
8273
8274
8281
8292
8300
8304
8305
8314
8315
8316
8318
8321
8324
8327
8331
8334
8336
8342
8345
8350
8357
8362
8387
8419
8420
8428
8434
8440
8446
8450
8458
8461
8467
8483
8493
8495
8501
8504
8516
8521
8530
8533
8536
8541
8572
8581
8582
8586
8591
8601
8602
8604
8607
8609
8612
8617
8620
8625
8629
8631
8634
8636
8637
8638
8639
8648
8650
8651
8658
8659
8662
8670
8697
8700
8710
8711
8713
8721
8741
8749
8753
8757
8760
8771
8776
8780
8782
8789
8796
8798
8799
8814
8815
8816
8818
8822
8823
8827
8830
8833
8838
8840
8841
8845
8847
8851
8853
8854
8855
8856
8861
8863
8866
8867
8869
8870
8871
8888
8891
8897
8898
8899
8902
8904
8905
8911
8920
8921
8924
8925
8932
8938
8942
8945
8946
8953
8954
8970
8976
8979
8981
8983
8988
8989
8993
8996
8997
8998
8999
9004
9009
9014
9015
9016
9023
9026
9030
9033
9038
9042
9045
9050
9051
9053
9056
9057
9059
9061
9070
9073
9076
9084
9087
9089
9092
9097
9102
9103
9108
9113
9117
9119
9120
9125
9133
9136
9137
9143
9149
9151
9153
9157
9163
9165
9169
9171
9174
9177
9179
9185
9186
9188
9189
9191
9194
9201
9218
9219
9221
9225
9229
9232
9237
9239
9241
9248
9252
9258
9260
9265
9267
9268
9271
9273
9274
9275
9278
9280
9282
9285
9289
9290
9292
9294
9296
9298
9300
9301
9303
9304
9306
9307
9310
9315
9317
9321
9325
9327
9329
9330
9333
9334
9335
9337
9340
9341
9343
9344
9346
9349
9350
9351
9352
9354
9356
9357
9358
9360
9361
9365
9367
9377
9382
9383
9388
9390
9391
9392
9393
9394
9396
9397
9398
9400
9401
9403
9404
9408
9409
9413
9414
9415
9417
9420
9421
9423
9426
9428
9435
9436
9438
9444
9446
9460
9464
9469
9470
9471
9472
9475
9477
9479
9481
9482
9483
9485
9489
9493
9496
9498
9500
9504
9509
9510
9513
9517
9519
9522
9525
9529
9535
9538
9541
9543
9545
9546
9547
9555
9561
9565
9570
9578
9579
9582
9583
9584
9595
9598
9599
9601
9602
9606
9610
9614
9617
9619
9627
9630
9631
9636
9637
9643
9645
9649
9654
9661
9663
9665
9669
9670
9675
9680
9681
9687
9688
9693
9694
9699
9703
9708
9712
9713
9721
9724
9731
9735
9737
9739
9742
9744
9746
9750
9756
9761
9762
9764
9771
9776
9782
9785
9786
9790
9791
9792
9796
9799
9802
9803
9804
9806
9809
9811
9813
9815
9816
9817
9819
9820
9821
9822
9824
9827
9830
9833
9834
9837
9838
9839
9840
9842
9849
9854
9855
9856
9860
9863
9865
9866
9867
9869
9871
9872
9874
9875
9880
9882
9883
9884
9887
9896
9901
9902
9903
9904
9906
9908
9913
9918
9919
9922
9929
9931
9934
9935
9939
9940
9941
9952
9953
9954
9957
9958
9963
9970
9971
9979
9980
9983
9987
9994
9998
9999
10000
10004
10007
10010
10013
10022
10024
10025
10028
10032
10034
10046
10047
10051
10052
10055
10064
10069
10072
10080
10084
10086
10098
10100
10105
10111
10112
10113
10117
10120
10134
10137
10139
10140
10141
10146
10150
10153
10154
10162
10165
10167
10169
10173
10176
10179
10180
10184
10188
10189
10190
10191
10192
10198
10199
10204
10212
10215
10222
10225
10226
10233
10236
10254
10264
10268
10269
10274
10277
10281
10284
10285
10288
10290
10291
10293
10297
10298
10299
10301
10313
10315
10316
10317
10321
10323
10324
10326
10329
10332
10333
10334
10336
10337
10340
10350
10355
10357
10359
10360
10362
10366
10367
10371
10376
10380
10381
10385
10386
10393
10395
10398
10399
10400
10405
10406
10407
10411
10418
10424
10427
10432
10436
10437
10438
10439
10440
10453
10456
10459
10461
10464
10473
10480
10482
10486
10488
10491
10492
10493
10499
10500
10503
10507
10508
10516
10524
10532
10533
10534
10536
10546
10557
10576
10582
10591
10597
10600
10601
10603
10604
10615
10617
10619
10620
10632
10633
10641
10647
10654
10655
10659
10664
10666
10668
10669
10672
10675
10678
10682
10683
10686
10689
10701
10705
10710
10717
10719
10732
10733
10734
10742
10745
10750
10751
10752
10756
10758
10763
10775
10777
10780
10781
10782
10784
10793
10801
10802
10808
10809
10811
10813
10815
10818
10819
10820
10821
10822
10827
10841
10846
10847
10848
10857
10864
10865
10866
10868
10870
10871
10873
10874
10875
10879
10885
10890
10906
10914
10915
10926
10928
10929
10936
10938
10946
10951
10955
10959
10960
10965
10967
10969
10977
10980
10981
10983
10984
10986
10988
10996
11004
11006
11008
11011
11018
11024
11026
11029
11037
11043
11049
11055
11056
11058
11062
11066
11067
11068
11069
11070
11071
11072
11085
11094
11099
11105
11111
11113
11121
11122
11125
11126
11127
11145
11147
11152
11154
11156
11162
11165
11166
11172
11174
11182
11185
11195
11201
11204
11205
11206
11207
11210
11211
11214
11216
11223
11234
11235
11236
11237
11240
11245
11249
11250
11252
11255
11257
11262
11263
11264
11267
11269
11272
11273
11276
11277
11282
11283
11291
11294
11298
11303
11305
11309
11310
11312
11313
11314
11315
11316
11319
11323
11326
11327
11330
11332
11334
11335
11339
11342
11343
11347
11350
11356
11357
11359
11360
11364
11365
11366
11370
11373
11374
11375
11377
11379
11382
11383
11385
11387
11389
11390
11391
11393
11394
11396
11401
11402
11403
11404
11406
11408
11411
11416
11417
11418
11419
11421
11422
11423
11424
11427
11428
11429
11434
11435
11438
11439
11442
11448
11450
11451
11454
11460
11463
11464
11468
11469
11471
11472
11474
11476
11477
11481
11482
11483
11484
11486
11487
11489
11491
11494
11496
11501
11506
11508
11512
11515
11516
11517
11518
11519
11520
11528
11529
11530
11532
11534
11535
11538
11539
11543
11544
11546
11547
11548
11551
11552
11553
11560
11561
11562
11565
11568
11576
11583
11586
11588
11589
11593
11601
11608
11609
11610
11614
11620
11623
11625
11626
11628
11630
11632
11633
11643
11644
11646
11648
11649
11652
11656
11659
11660
11662
11664
11680
11682
11684
11685
11688
11689
11690
11691
11692
11693
11697
11700
11702
11703
11705
11707
11708
11709
11710
11711
11712
11713
11715
11718
11726
11729
11732
11734
11736
11741
11743
11744
11747
11748
11752
11753
11758
11760
11761
11762
11765
11768
11769
11773
11774
11775
11777
11778
11783
11784
11786
11792
11793
11796
11797
11798
11799
11800
11803
11806
11811
11812
11813
11815
11819
11820
11821
11822
11823
11824
11829
11832
11833
11834
11835
11836
11840
11842
11843
11844
11845
11846
11847
11851
11853
11855
11857
11858
11859
11861
11862
11864
11868
11870
11875
11876
11877
11879
11881
11882
11883
11884
11885
11886
11887
11888
11889
11893
11897
11899
11900
11902
11905
11909
11914
11918
11920
11925
11926
11932
11939
11942
11943
11945
11947
11949
11954
11961
11962
11966
11967
11969
11982
11985
11986
11987
11988
11992
11993
11994
11997
12003
12009
12013
12016
12023
12024
12026
12027
12028
12031
12033
12034
12035
12038
12048
12049
12050
12059
12060
12061
12064
12069
12070
12075
12078
12080
12082
12083
12089
12090
12094
12096
12100
12102
12111
12113
12115
12118
12122
12123
12124
12125
12127
12128
12131
12134
12141
12142
12145
12147
12151
12152
12154
12155
12156
12167
12173
12181
12187
12188
12190
12194
12195
12198
12206
12207
12210
12211
12213
12214
12215
12217
12219
12220
12222
12223
12224
12225
12228
12229
12230
12231
12234
12235
12237
12240
12241
12242
12243
12244
12246
12248
12249
12250
12252
12254
12256
12257
12258
12259
12260
12264
12265
12266
12269
12271
12274
12275
12277
12278
12280
12281
12282
12285
12286
12294
12296
12297
12298
12299
12300
12303
12306
12308
12309
12310
12311
12312
12313
12319
12320
12323
12324
12327
12334
12337
12338
12339
12345
12346
12347
12349
12351
12362
12365
12366
12367
12368
12371
12376
12378
12380
12386
12388
12389
12392
12394
12397
12398
12400
12402
12404
12409
12411
12415
12416
12417
12418
12419
12423
12426
12429
12433
12436
12437
12439
12440
12443
12444
12445
12448
12450
12451
12454
12455
12456
12459
12461
12462
12469
12471
12472
12473
12476
12478
12479
12480
12483
12484
12496
12497
12499
12500
12506
12507
12509
12512
12513
12520
12521
12522
12523
12524
12526
12527
12530
12531
12532
12535
12537
12538
12541
12542
12546
12551
12553
12554
12555
12560
12566
12567
12574
12577
12579
12580
12583
12587
12596
12600
12601
12605
12607
12611
12613
12615
12619
12628
12639
12640
12647
12649
12652
12653
12656
12661
12663
12665
12667
12673
12674
12684
12696
12700
12708
12711
12712
12719
12722
12731
12735
12743
12744
12755
12764
12784
12785
12786
12794
12801
12803
12810
12817
12818
12822
12825
12831
12837
12842
12846
12850
12853
12855
12860
12867
12869
12873
12876
12885
12886
12887
12888
12904
12910
12914
12917
12920
12928
12929
12931
12932
12936
12942
12943
12945
12948
12953
12954
12957
12965
12996
13005
13012
13047
13053
13081
13086
13105
13121
13124
13136
13144
13148
13150
13151
13159
13160
13164
13172
13178
13182
13186
13187
13188
13191
13196
13197
13198
13219
13224
13226
13228
13236
13237
13238
13255
13270
13280
13287
13289
13291
13305
13308
13319
13340
13343
13352
13363
13371
13379
13381
13383
13402
13410
13412
13419
13425
13427
13430
13431
13435
13453
13455
13460
13464
13468
13471
13474
13478
13489
13499
13512
13513
13516
13522
13529
13531
13534
13538
13547
13548
13552
13553
13558
13562
13566
13567
13569
13572
13575
13582
13586
13587
13588
13596
13598
13599
13605
13613
13617
13628
13634
13635
13639
13647
13649
13652
13658
13659
13660
13662
13663
13667
13670
13671
13676
13677
13680
13681
13682
13684
13690
13691
13699
13704
13709
13711
13713
13715
13716
13718
13727
13730
13733
13736
13740
13743
13746
13747
13750
13752
13753
13755
13758
13763
13764
13768
13772
13783
13785
13789
13796
13802
13806
13807
13812
13815
13816
13830
13833
13835
13837
13840
13841
13848
13850
13856
13863
13869
13879
13884
13885
13890
13891
13893
13897
13899
13901
13909
13915
13927
13931
13933
13938
13941
13942
13943
13947
13950
13954
13961
13963
13966
13969
13975
13977
13979
13982
13987
13992
14002
14007
14012
14021
14032
14036
14052
14053
14057
14068
14090
14092
14095
14098
14100
14102
14111
14114
14115
14124
14129
14130
14148
14187
14192
14193
14197
14199
14201
14207
14211
14216
14217
14232
14243
14252
14259
14266
14271
14302
14304
14305
14329
14332
14334
14335
14336
14338
14346
14358
14361
14363
14365
14374
14375
14376
14378
14379
14380
14385
14386
14399
14401
14402
14404
14408
14411
14413
14416
14423
14424
14432
14435
14437
14455
14458
14460
14463
14465
14468
14476
14482
14485
14487
14491
14500
14512
14534
14541
14548
14553
14560
14564
14570
14574
14583
14584
14588
14592
14596
14599
14602
14604
14610
14615
14619
14623
14627
14630
14634
14642
14648
14661
14667
14673
14681
14685
14686
14688
14693
14694
14696
14698
14700
14709
14715
14722
14723
14728
14733
14741
14742
14744
14745
14746
14751
14755
14763
14769
14774
14776
14779
14781
14782
14783
14788
14791
14797
14798
14799
14800
14807
14809
14811
14820
14829
14833
14834
14849
14851
14856
14866
14873
14874
14880
14884
14893
14894
14895
14897
14901
14905
14914
14916
14920
14921
14922
14927
14930
14931
14934
14939
14941
14942
14948
14953
14954
14955
14956
14957
14960
14962
14964
14968
14969
14970
14975
14978
14981
14986
14997
15004
15005
15007
15009
15010
15011
15018
15027
15029
15034
15037
15043
15048
15049
15053
15060
15064
15065
15067
15069
15071
15073
15075
15076
15077
15079
15084
15086
15088
15097
15098
15099
15101
15104
15105
15108
15115
15116
15119
15121
15123
15128
15136
15142
15144
15145
15149
15152
15154
15163
15168
15169
15170
15176
15179
15180
15182
15183
15185
15186
15188
15190
15192
15198
15201
15202
15203
15209
15220
15221
15255
15256
15257
15260
15261
15265
15270
15274
15296
15303
15309
15314
15316
15321
15323
15324
15330
15332
15333
15339
15341
15349
15351
15355
15364
15366
15367
15382
15384
15391
15393
15395
15401
15403
15413
15419
15424
15425
15427
15439
15441
15443
15445
15450
15454
15457
15458
15462
15463
15464
15471
15472
15473
15474
15476
15477
15479
15482
15488
15493
15495
15502
15503
15507
15508
15519
15521
15524
15529
15530
15531
15533
15534
15541
15545
15547
15549
15550
15551
15552
15558
15564
15565
15569
15570
15573
15574
15576
15580
15582
15583
15586
15587
15588
15589
15592
15593
15594
15595
15597
15598
15600
15605
15606
15607
15608
15609
15610
15611
15613
15617
15618
15622
15624
15626
15628
15630
15634
15636
15640
15641
15642
15643
15644
15645
15646
15647
15649
15653
15654
15656
15658
15659
15662
15668
15672
15673
15675
15680
15681
15682
15693
15696
15698
15699
15704
15706
15710
15711
15712
15713
15715
15716
15718
15720
15722
15725
15731
15733
15739
15740
15747
15748
15749
15752
15754
15755
15756
15759
15764
15772
15774
15781
15787
15791
15797
15803
15809
15811
15816
15820
15826
15829
15830
15836
15842
15843
15846
15863
15864
15865
15866
15868
15869
15870
15872
15876
15877
15879
15882
15884
15886
15887
15891
15892
15895
15898
15899
15900
15901
15904
15906
15913
15915
15921
15923
15925
15927
15929
15937
15939
15946
15950
15957
15960
15966
15968
15970
15981
15983
15997
16000
16003
16004
16011
16019
16030
16032
16034
16037
16039
16045
16047
16050
16051
16053
16063
16064
16067
16069
16073
16081
16082
16095
16096
16098
16099
16102
16103
16104
16113
16116
16119
16120
16124
16125
16126
16128
16133
16134
16135
16138
16141
16142
16143
16144
16146
16148
16149
16150
16151
16154
16155
16157
16158
16161
16162
16169
16170
16171
16176
16182
16184
16191
16196
16201
16202
16206
16214
16217
16235
16241
16247
16250
16252
16253
16263
16271
16272
16277
16278
16282
16283
16285
16292
16300
16301
16303
16305
16307
16309
16312
16317
16321
16323
16324
16328
16331
16335
16336
16339
16346
16348
16355
16356
16357
16361
16362
16366
16369
16374
16375
16384
16386
16387
16388
16389
16395
16397
16401
16406
16418
16419
16428
16430
16431
16435
16438
16441
16442
16449
16456
16458
16461
16464
16465
16467
16469
16471
16472
16473
16474
16475
16476
16478
16480
16483
16498
16499
16504
16507
16513
16519
16522
16525
16530
16531
16534
16536
16539
16545
16546
16552
16557
16558
16561
16562
16563
16566
16572
16576
16584
16592
16594
16597
16599
16603
16605
16607
16610
16614
16616
16618
16620
16623
16624
16625
16627
16629
16630
16632
16641
16644
16646
16651
16653
16654
16655
16656
16657
16658
16659
16660
16663
16676
16677
16686
16693
16696
16702
16709
16715
16725
16732
16751
16765
16773
16775
16784
16792
16794
16828
16838
16862
16865
16877
16884
16886
16893
16896
16909
16911
16912
16919
16926
16929
16931
16934
16935
16938
16945
16949
16950
16958
16964
16967
16986
16993
16998
16999
17001
17004
17008
17011
17022
17023
17026
17031
17038
17040
17042
17045
17046
17053
17054
17055
17060
17062
17064
17067
17068
17074
17089
17090
17095
17096
17097
17099
17100
17115
17120
17121
17128
17130
17132
17139
17146
17147
17155
17160
17186
17194
17196
17198
17199
17210
17229
17231
17243
17244
17250
17256
17266
17272
17277
17286
17290
17291
17296
17297
17313
17319
17334
17340
17346
17357
17359
17360
17361
17364
17386
17389
17392
17394
17398
17403
17409
17412
17434
17436
17437
17442
17443
17444
17447
17450
17453
17473
17478
17489
17497
17501
17523
17529
17538
17541
17548
17549
17550
17558
17562
17569
17570
17573
17578
17580
17582
17584
17590
17594
17595
17596
17603
17617
17618
17620
17623
17625
17626
17630
17631
17642
17646
17650
17660
17661
17682
17693
17718
17726
17737
17747
17754
17759
17760
17762
17765
17767
17772
17773
17780
17785
17787
17788
17796
17800
17803
17808
17810
17827
17828
17834
17838
17841
17847
17850
17857
17865
17866
17869
17873
17876
17880
17881
17885
17886
17890
17896
17901
17904
17907
17908
17912
17916
17917
17918
17926
17929
17934
17936
17938
17941
17945
17946
17949
17951
17964
17975
17978
17984
17994
18023
18025
18035
18038
18075
18078
18087
18104
18117
18120
18126
18128
18132
18139
18143
18149
18154
18159
18162
18163
18175
18179
18181
18193
18195
18201
18203
18205
18224
18225
18237
18250
18252
18257
18274
18276
18278
18292
18298
18299
18305
18308
18317
18318
18321
18326
18336
18342
18346
18359
18361
18363
18367
18377
18383
18387
18396
18400
18411
18412
18413
18416
18424
18435
18440
18441
18444
18446
18450
18453
18459
18460
18463
18466
18475
18506
18511
18551
18552
18556
18559
18566
18574
18578
18582
18583
18587
18590
18593
18606
18611
18626
18629
18635
18644
18648
18655
18660
18664
18668
18669
18677
18681
18685
18687
18690
18692
18693
18702
18709
18712
18718
18724
18727
18733
18752
18766
18768
18783
18785
18804
18807
18811
18816
18824
18850
18853
18858
18866
18869
18873
18875
18881
18887
18893
18896
18900
18904
18916
18947
18949
18951
18959
18976
18981
18988
19002
19003
19006
19008
19023
19034
19036
19043
19047
19049
19057
19060
19061
19063
19064
19069
19074
19087
19090
19092
19093
19103
19104
19108
19110
19112
19120
19132
19136
19138
19145
19146
19156
19160
19161
19162
19168
19175
19186
19201
19205
19212
19213
19215
19219
19222
19223
19226
19239
19248
19254
19257
19261
19262
19263
19264
19270
19286
19287
19291
19292
19294
19296
19299
19305
19311
19317
19318
19325
19330
19331
19332
19341
19348
19352
19353
19357
19358
19361
19362
19365
19369
19370
19373
19378
19380
19390
19397
19400
19411
19417
19431
19434
19437
19446
19449
19451
19453
19455
19462
19465
19472
19475
19476
19479
19484
19489
19495
19502
19507
19521
19539
19543
19547
19552
19571
19572
19575
19578
19581
19607
19659
19696
19728
19811
19823
19850
19868
19892
19905
19913
19973
19980
19987
19995
20000
20018
20030
20043
20082
20091
20095
20126
20144
20184
20189
20206
20337
20343
20355
20376
20384
20394
20403
20424
20433
20440
20441
20443
20462
20466
20467
20476
20486
20525
20533
20538
20546
20549
20555
20561
20566
20572
20575
20582
20586
20591
20592
20599
20602
20603
20610
20611
20612
20618
20621
20622
20625
20626
20631
20632
20633
20636
20640
20641
20646
20648
20657
20660
20667
20668
20669
20671
20672
20673
20675
20681
20682
20683
20684
20687
20688
20691
20692
20694
20695
20698
20701
20704
20707
20708
20709
20712
20714
20715
20716
20721
20722
20725
20726
20727
20730
20737
20739
20742
20746
20747
20751
20757
20758
20762
20764
20766
20768
20770
20771
20772
20773
20775
20789
20797
20798
20802
20807
20808
20809
20822
20830
20833
20843
20852
20856
20857
20858
20862
20872
20873
20874
20876
20878
20882
20889
20891
20895
20897
20898
20899
20904
20907
20916
20918
20922
20924
20925
20927
20934
20936
20938
20940
20946
20949
20951
20952
20956
20957
20960
20962
20969
20973
20976
20977
20978
20980
20982
20983
20985
20986
20987
20988
20989
20992
20993
20997
21001
21007
21008
21010
21011
21013
21014
21025
21029
21030
21031
21033
21036
21039
21041
21042
21045
21046
21049
21050
21055
21060
21061
21064
21071
21073
21080
21083
21085
21086
21089
21092
21095
21097
21104
21110
21122
21126
21129
21131
21133
21136
21141
21142
21143
21151
21152
21155
21158
21161
21170
21173
21174
21175
21176
21180
21182
21193
21195
21196
21197
21199
21201
21207
21209
21210
21218
21220
21222
21228
21233
21235
21236
21240
21245
21246
21249
21251
21253
21255
21256
21260
21264
21267
21268
21270
21271
21272
21273
21275
21278
21280
21285
21286
21287
21291
21293
21295
21300
21306
21308
21310
21317
21318
21321
21324
21327
21328
21329
21330
21332
21335
21338
21340
21341
21350
21351
21352
21355
21360
21365
21367
21368
21369
21373
21376
21377
21379
21380
21381
21382
21385
21386
21387
21388
21391
21394
21395
21397
21398
21399
21402
21404
21412
21416
21423
21424
21434
21438
21446
21454
21459
21461
21463
21465
21466
21472
21477
21480
21482
21483
21485
21497
21508
21510
21511
21517
21518
21521
21525
21527
21531
21535
21536
21539
21546
21548
21549
21550
21556
21564
21569
21570
21571
21573
21574
21575
21577
21579
21580
21581
21584
21587
21593
21594
21595
21598
21599
21600
21601
21606
21607
21611
21612
21613
21614
21617
21619
21620
21621
21623
21624
21628
21631
21634
21636
21642
21645
21646
21651
21652
21659
21661
21663
21671
21674
21676
21677
21678
21679
21683
21686
21687
21689
21691
21694
21696
21697
21698
21701
21702
21705
21707
21709
21710
21711
21712
21716
21721
21723
21728
21729
21730
21731
21732
21734
21739
21740
21744
21748
21754
21755
21757
21763
21766
21769
21770
21772
21775
21776
21778
21779
21782
21783
21784
21785
21788
21789
21790
21799
21801
21806
21813
21820
21821
21822
21824
21826
21830
21831
21835
21838
21839
21841
21842
21843
21844
21845
21846
21848
21850
21853
21855
21856
21857
21859
21862
21863
21864
21865
21866
21867
21868
21869
21870
21871
21872
21875
21876
21878
21885
21896
21900
21904
21905
21908
21909
21913
21914
21917
21918
21922
21926
21929
21933
21940
21942
21943
21945
21947
21949
21950
21951
21952
21959
21960
21965
21966
21967
21969
21971
21975
21976
21979
21980
21982
21985
21990
21991
21993
21994
21995
21997
22000
22003
22004
22005
22012
22013
22014
22015
22017
22018
22021
22025
22026
22029
22041
22045
22047
22049
22051
22055
22056
22057
22060
22067
22068
22071
22077
22080
22081
22086
22089
22093
22095
22098
22100
22101
22103
22106
22107
22109
22111
22112
22113
22115
22117
22118
22119
22122
22125
22128
22129
22133
22134
22138
22140
22141
22142
22143
22145
22148
22149
22151
22152
22158
22160
22161
22167
22168
22169
22172
22173
22175
22176
22177
22181
22182
22183
22186
22188
22189
22193
22195
22196
22197
22201
22202
22204
22205
22206
22210
22215
22216
22217
22218
22219
22220
22222
22226
22227
22234
22235
22238
22239
22240
22248
22251
22255
22256
22261
22262
22263
22264
22265
22267
22268
22278
22279
22283
22286
22290
22294
22296
22298
22299
22301
22303
22304
22313
22317
22320
22321
22323
22328
22329
22330
22338
22340
22348
22353
22367
22368
22370
22371
22373
22376
22377
22379
22383
22385
22387
22388
22389
22391
22392
22396
22398
22399
22400
22401
22402
22404
22405
22407
22408
22409
22410
22412
22415
22416
22420
22424
22425
22426
22427
22430
22441
22446
22449
22450
22451
22452
22458
22467
22469
22472
22482
22495
22498
22499
22500
22502
22505
22506
22509
22510
22512
22514
22519
22520
22521
22522
22525
22527
22528
22533
22535
22539
22544
22545
22546
22547
22551
22552
22553
22561
22563
22567
22568
22573
22575
22585
22587
22590
22591
22595
22599
22600
22601
22603
22610
22611
22615
22617
22619
22622
22626
22627
22629
22631
22637
22642
22643
22645
22646
22649
22650
22652
22653
22654
22656
22660
22661
22663
22664
22665
22669
22671
22680
22682
22684
22687
22688
22689
22690
22691
22692
22695
22703
22704
22706
22708
22709
22711
22712
22713
22715
22718
22719
22722
22723
22731
22740
22742
22743
22744
22745
22747
22748
22754
22755
22776
22779
22783
22785
22790
22791
22793
22795
22802
22804
22807
22810
22811
22813
22818
22821
22827
22828
22834
22836
22841
22843
22853
22861
22864
22872
22874
22877
22878
22882
22883
22889
22893
22901
22902
22905
22917
22918
22922
22924
22936
22947
22964
22966
22968
22970
22973
22979
22988
22996
22997
23000
23002
23007
23008
23011
23012
23014
23015
23020
23023
23034
23044
23048
23049
23053
23058
23064
23068
23071
23076
23084
23089
23096
23102
23104
23106
23109
23111
23112
23113
23114
23120
23123
23124
23131
23135
23141
23146
23153
23154
23156
23158
23164
23167
23168
23170
23172
23174
23175
23177
23179
23180
23182
23183
23189
23198
23199
23200
23201
23202
23206
23207
23212
23214
23220
23222
23223
23229
23232
23235
23236
23237
23242
23244
23246
23249
23251
23254
23255
23259
23261
23262
23270
23274
23275
23277
23281
23283
23285
23287
23291
23298
23300
23306
23309
23318
23322
23327
23333
23334
23335
23339
23347
23350
23352
23353
23354
23355
23357
23362
23368
23375
23378
23379
23381
23382
23389
23390
23393
23398
23399
23402
23403
23404
23411
23438
23439
23442
23446
23447
23448
23457
23462
23473
23474
23475
23481
23483
23489
23491
23493
23500
23503
23508
23511
23514
23516
23523
23526
23536
23539
23541
23542
23548
23553
23554
23556
23560
23564
23578
23579
23580
23581
23589
23609
23620
23621
23629
23636
23637
23651
23652
23657
23660
23662
23663
23667
23672
23679
23681
23689
23690
23697
23705
23707
23713
23720
23721
23726
23732
23735
23738
23742
23769
23773
23774
23779
23786
23799
23803
23808
23821
23822
23824
23837
23840
23842
23856
23857
23870
23875
23879
23899
23912
23915
23917
23929
23947
23948
23951
23956
23963
23972
23975
23976
23978
23981
23983
23990
23998
24001
24003
24004
24008
24011
24038
24039
24040
24042
24047
24048
24049
24050
24056
24058
24060
24061
24062
24064
24067
24085
24087
24088
24094
24099
24104
24105
24108
24110
24111
24116
24124
24142
24147
24148
24149
24154
24159
24161
24163
24165
24172
24173
24180
24185
24187
24191
24193
24199
24201
24204
24205
24207
24211
24214
24216
24217
24220
24223
24224
24226
24230
24231
24237
24239
24244
24247
24248
24249
24251
24252
24256
24259
24261
24271
24273
24275
24279
24282
24284
24286
24287
24288
24291
24297
24299
24300
24301
24305
24308
24310
24314
24317
24326
24334
24339
24344
24349
24357
24374
24380
24382
24388
24393
24394
24395
24398
24407
24409
24415
24427
24430
24434
24435
24436
24437
24443
24444
24454
24457
24458
24459
24462
24463
24464
24474
24479
24481
24490
24493
24496
24498
24500
24501
24504
24510
24511
24516
24517
24520
24522
24524
24525
24530
24536
24545
24550
24552
24562
24565
24567
24568
24570
24571
24573
24574
24578
24579
24582
24587
24591
24592
24597
24599
24602
24604
24610
24615
24619
24624
24627
24634
24637
24643
24644
24648
24650
24651
24659
24660
24661
24663
24665
24668
24669
24671
24672
24675
24676
24680
24681
24684
24687
24689
24691
24695
24701
24702
24704
24706
24713
24714
24716
24717
24718
24721
24724
24726
24729
24730
24735
24737
24738
24743
24748
24750
24757
24760
24763
24768
24774
24775
24781
24785
24792
24797
24799
24800
24805
24806
24830
24848
24849
24852
24859
24860
24864
24869
24873
24874
24876
24878
24883
24884
24887
24888
24892
24895
24900
24905
24908
24909
24917
24922
24926
24927
24928
24931
24933
24937
24940
24943
24953
24955
24959
24982
24983
24988
24991
24995
24999
25002
25006
25028
25030
25032
25035
25039
25048
25049
25050
25051
25053
25054
25059
25061
25064
25066
25067
25068
25070
25071
25073
25074
25076
25078
25080
25081
25084
25086
25088
25090
25093
25094
25095
25097
25098
25100
25105
25106
25107
25109
25116
25117
25119
25121
25122
25124
25125
25129
25130
25131
25136
25142
25144
25146
25147
25151
25152
25153
25155
25156
25157
25161
25165
25167
25168
25170
25171
25174
25175
25176
25179
25180
25181
25183
25185
25186
25187
25188
25189
25194
25197
25200
25201
25202
25208
25210
25212
25213
25214
25216
25217
25220
25222
25223
25227
25232
25235
25236
25238
25241
25244
25247
25248
25251
25255
25256
25258
25260
25262
25263
25264
25265
25266
25267
25268
25271
25274
25275
25282
25289
25291
25292
25294
25295
25300
25301
25305
25306
25308
25309
25317
25318
25319
25322
25325
25330
25333
25336
25338
25339
25341
25343
25344
25346
25347
25349
25353
25354
25355
25356
25357
25359
25361
25362
25365
25372
25374
25377
25383
25384
25385
25389
25392
25394
25396
25400
25410
25414
25416
25419
25424
25428
25434
25435
25437
25438
25439
25449
25451
25454
25455
25459
25460
25465
25466
25472
25481
25484
25485
25488
25492
25495
25496
25497
25498
25503
25505
25510
25512
25513
25515
25518
25522
25528
25533
25535
25537
25539
25540
25546
25549
25561
25569
25572
25578
25580
25585
25587
25590
25594
25600
25602
25605
25606
25609
25613
25616
25617
25619
25620
25621
25626
25627
25628
25629
25630
25644
25647
25648
25668
25669
25671
25672
25674
25685
25687
25688
25692
25693
25695
25696
25697
25699
25700
25706
25710
25717
25718
25723
25724
25729
25730
25733
25735
25740
25746
25751
25757
25761
25764
25771
25775
25776
25778
25784
25785
25788
25789
25791
25794
25795
25798
25799
25804
25805
25807
25809
25810
25813
25815
25816
25817
25824
25825
25827
25828
25830
25832
25839
25848
25849
25852
25853
25854
25855
25862
25863
25864
25867
25868
25871
25872
25875
25876
25878
25880
25883
25884
25885
25888
25890
25891
25892
25893
25896
25897
25899
25900
25905
25906
25907
25910
25913
25914
25921
25927
25928
25929
25932
25933
25934
25935
25940
25942
25943
25944
25948
25949
25952
25955
25963
25965
25966
25967
25970
25973
25974
25975
25976
25977
25978
25980
25982
25983
25984
25985
25986
25988
25992
25997
25999
26001
26002
26004
26005
26009
26012
26014
26016
26017
26018
26021
26024
26026
26027
26028
26030
26037
26040
26042
26044
26045
26046
26047
26049
26053
26062
26064
26068
26070
26073
26077
26081
26084
26086
26087
26089
26093
26094
26097
26098
26101
26104
26105
26106
26107
26111
26112
26115
26116
26118
26119
26121
26122
26127
26128
26130
26133
26134
26137
26138
26142
26145
26147
26150
26151
26153
26154
26156
26157
26158
26159
26161
26162
26164
26165
26171
26172
26173
26174
26177
26180
26181
26182
26183
26184
26187
26188
26189
26191
26198
26200
26202
26203
26205
26207
26216
26218
26219
26224
26225
26231
26233
26237
26238
26239
26245
26252
26253
26257
26265
26266
26270
26273
26278
26281
26283
26288
26291
26297
26298
26299
26305
26306
26309
26314
26317
26324
26325
26326
26331
26346
26349
26350
26352
26355
26357
26358
26359
26364
26365
26366
26368
26369
26374
26376
26379
26380
26382
26391
26396
26400
26402
26406
26412
26415
26423
26426
26428
26435
26437
26442
26450
26453
26467
26468
26473
26477
26479
26487
26492
26494
26502
26507
26510
26512
26513
26515
26516
26524
26525
26528
26531
26538
26539
26544
26550
26551
26555
26561
26565
26566
26575
26585
26586
26587
26588
26589
26591
26592
26594
26597
26599
26604
26609
26611
26612
26614
26618
26619
26623
26626
26627
26628
26633
26635
26642
26647
26648
26653
26658
26673
26675
26676
26683
26686
26687
26690
26694
26699
26704
26708
26710
26712
26716
26722
26725
26731
26732
26739
26741
26745
26751
26761
26763
26768
26769
26770
26772
26785
26786
26790
26791
26794
26795
26805
26806
26807
26812
26818
26821
26826
26829
26836
26839
26845
26848
26850
26855
26856
26859
26862
26871
26873
26881
26888
26889
26891
26893
26894
26895
26896
26897
26899
26900
26901
26903
26905
26906
26909
26913
26915
26916
26917
26921
26922
26923
26924
26927
26929
26932
26933
26935
26936
26942
26943
26949
26950
26952
26954
26959
26962
26965
26966
26968
26972
26977
26984
26987
26989
26990
26993
26994
26995
27001
27002
27005
27008
27015
27021
27031
27041
27044
27052
27054
27055
27057
27068
27069
27070
27073
27079
27081
27085
27090
27092
27094
27097
27098
27102
27104
27105
27107
27109
27110
27113
27116
27117
27121
27122
27124
27125
27128
27129
27131
27135
27136
27137
27139
27140
27146
27149
27152
27153
27154
27155
27157
27158
27159
27162
27169
27170
27171
27172
27174
27177
27178
27179
27181
27182
27184
27185
27186
27187
27190
27193
27194
27199
27202
27203
27204
27206
27209
27211
27212
27213
27214
27215
27218
27221
27222
27223
27226
27228
27230
27231
27233
27235
27242
27245
27250
27251
27253
27257
27258
27260
27261
27262
27265
27270
27271
27272
27274
27275
27276
27277
27279
27280
27282
27283
27284
27285
27287
27289
27294
27295
27297
27299
27300
27301
27303
27304
27305
27313
27315
27322
27325
27327
27328
27329
27332
27333
27334
27335
27337
27338
27339
27340
27341
27344
27347
27357
27363
27366
27375
27378
27379
27384
27385
27388
27396
27397
27399
27400
27402
27403
27406
27407
27411
27414
27415
27419
27425
27426
27427
27429
27434
27446
27449
27457
27470
27473
27475
27479
27482
27483
27486
27493
27505
27506
27510
27512
27517
27527
27531
27543
27545
27546
27547
27558
27564
27565
27566
27567
27568
27572
27580
27590
27593
27596
27597
27601
27604
27605
27608
27609
27613
27615
27616
27619
27622
27624
27625
27627
27630
27634
27635
27637
27644
27646
27649
27650
27658
27661
27662
27667
27669
27679
27683
27684
27685
27687
27689
27690
27691
27692
27695
27700
27701
27708
27717
27719
27726
27732
27733
27734
27739
27741
27748
27749
27751
27753
27754
27755
27760
27761
27763
27764
27769
27775
27777
27788
27790
27811
27819
27823
27825
27826
27827
27830
27834
27837
27839
27840
27844
27845
27849
27857
27858
27859
27865
27868
27874
27877
27878
27879
27880
27881
27882
27886
27887
27889
27890
27891
27895
27896
27899
27902
27903
27906
27908
27910
27912
27913
27914
27920
27922
27923
27925
27926
27929
27933
27937
27938
27939
27940
27941
27945
27949
27954
27955
27956
27958
27961
27962
27974
27988
27989
27999
28013
28015
28016
28017
28019
28020
28025
28036
28039
28044
28047
28049
28050
28052
28055
28059
28062
28065
28066
28067
28072
28076
28077
28080
28083
28084
28085
28089
28093
28094
28095
28101
28102
28104
28108
28110
28113
28123
28124
28128
28131
28133
28136
28137
28141
28142
28145
28148
28149
28151
28153
28176
28179
28181
28183
28188
28192
28193
28197
28199
28202
28204
28206
28212
28217
28221
28222
28223
28226
28227
28231
28234
28239
28243
28246
28248
28249
28258
28261
28271
28272
28276
28279
28284
28288
28292
28296
28298
28304
28310
28314
28315
28319
28329
28330
28331
28337
28338
28344
28347
28348
28359
28369
28371
28377
28383
28390
28392
28396
28406
28410
28411
28414
28415
28419
28421
28428
28431
28442
28444
28447
28450
28459
28463
28467
28468
28470
28478
28482
28488
28489
28491
28493
28494
28498
28499
28500
28503
28505
28507
28512
28514
28515
28518
28519
28523
28531
28534
28541
28550
28552
28554
28556
28557
28563
28568
28572
28573
28574
28577
28583
28586
28588
28596
28599
28603
28610
28613
28619
28623
28633
28639
28654
28658
28668
28674
28681
28687
28689
28691
28695
28697
28706
28712
28715
28717
28718
28719
28723
28726
28728
28730
28731
28739
28740
28741
28744
28747
28748
28759
28768
28775
28788
28792
28795
28797
28799
28801
28804
28805
28813
28817
28818
28820
28825
28827
28828
28847
28848
28852
28854
28855
28865
28867
28868
28869
28881
28882
28886
28889
28891
28893
28900
28908
28912
28913
28916
28917
28919
28922
28923
28925
28926
28927
28929
28936
28937
28941
28943
28946
28948
28949
28951
28952
28959
28961
28963
28964
28967
28972
28974
28975
28977
28983
28984
28989
28990
28992
28993
28995
29001
29006
29008
29013
29018
29021
29025
29026
29031
29032
29037
29039
29042
29043
29048
29051
29054
29055
29058
29061
29066
29067
29069
29070
29075
29078
29079
29081
29082
29083
29084
29086
29087
29100
29102
29104
29105
29106
29107
29114
29115
29119
29120
29121
29125
29126
29137
29150
29151
29162
29168
29171
29172
29174
29175
29177
29179
29184
29203
29204
29206
29209
29218
29221
29227
29234
29239
29242
29251
29262
29267
29268
29269
29275
29279
29287
29291
29295
29298
29299
29307
29309
29323
29325
29326
29327
29332
29335
29336
29339
29345
29350
29352
29357
29358
29369
29371
29377
29380
29392
29399
29405
29417
29418
29421
29423
29428
29432
29433
29437
29440
29441
29446
29447
29451
29454
29456
29458
29460
29461
29471
29472
29473
29475
29477
29480
29481
29483
29485
29487
29490
29491
29496
29497
29498
29503
29505
29506
29509
29510
29512
29516
29518
29519
29520
29521
29526
29529
29531
29541
29546
29550
29552
29556
29557
29563
29566
29574
29576
29577
29578
29580
29582
29587
29589
29597
29604
29610
29614
29615
29617
29627
29634
29642
29644
29654
29655
29657
29660
29665
29667
29668
29674
29675
29679
29680
29681
29682
29687
29690
29691
29700
29701
29703
29709
29711
29715
29718
29722
29723
29724
29726
29728
29731
29737
29741
29744
29748
29753
29758
29759
29761
29762
29770
29774
29776
29779
29782
29784
29787
29790
29798
29800
29801
29804
29805
29807
29813
29819
29824
29834
29837
29847
29862
29865
29866
29867
29871
29875
29877
29878
29881
29883
29894
29901
29904
29908
29912
29918
29922
29924
29929
29933
29937
29949
29952
29957
29961
29962
29963
29966
29968
29979
29985
29986
30000
30005
30023
30026
30033
30040
30042
30050
30061
30067
30080
30083
30095
30100
30106
30110
30118
30123
30127
30132
30138
30149
30168
30173
30182
30183
30198
30201
30202
30204
30208
30213
30221
30224
30230
30231
30246
30252
30255
30257
30258
30260
30285
30291
30299
30303
30304
30311
30317
30324
30331
30350
30358
30359
30372
30376
30390
30402
30421
30434
30436
30446
30449
30479
30481
30487
30489
30511
30522
30545
30562
30567
30568
30608
30612
30613
30618
30627
30637
30662
30681
30682
30710
30711
30712
30729
30752
30768
30770
30772
30776
30783
30795
30797
30806
30816
30823
30842
30861
30888
30895
30896
30907
30908
30912
30978
31023
31120
31143
31150
31163
31217
31296
31403
31405
31594
31775
31826
31894
31895
31923
31936
31937
31945
31947
32004
32014
32081
32100
32112
32123
32131
32134
32138
32145
32146
32148
32150
32151
32152
32153
32154
32163
32166
32174
32179
32182
32183
32190
32194
32201
32215
32216
32228
32230
32240
32254
32257
32261
32262
32266
32269
32271
32279
32304
32315
32318
32369
32376
32395
32428
32435
32437
32441
32459
32495
32498
32506
32511
32512
32526
32528
32533
32539
32543
32550
32553
32566
32577
32589
32599
32603
32639
32645
32676
32695
32706
32709
32717
32723
32730
32741
32750
32765
32771
32781
32839
32902
32953
32999
33089
33106
33131
33139
33141
33176
33207
33209
33215
33218
33230
33244
33258
33264
33281
33286
33287
33290
33291
33309
33315
33317
33327
33334
33338
33345
33349
33361
33365
33369
33370
33376
33384
33394
33423
33431
33441
33459
33477
33481
33487
33504
33508
33517
33527
33529
33532
33543
33544
33554
33557
33560
33567
33574
33579
33606
33611
33616
33621
33625
33628
33631
33634
33637
33638
33645
33651
33668
33672
33678
33679
33708
33729
33731
33732
33741
33746
33751
33755
33766
33770
33774
33783
33789
33791
33800
33801
33806
33821
33822
33837
33848
33857
33871
33883
33884
33888
33889
33893
33895
33902
33906
33909
33913
33924
33926
33927
33935
33940
33950
33959
33961
33965
33980
33984
33990
33991
34043
34055
34062
34069
34073
34076
34080
34083
34102
34120
34143
34150
34153
34169
34178
34188
34231
34240
34247
34270
34271
34295
34299
34304
34309
34329
34331
34362
34436
34446
34463
34468
34470
34474
34568
34634
34672
34722
34762
34800
34828
34881
34897
34903
34963
34977
35016
35067
35104
35107
35208
35368
35382
35384
35385
35388
35408
35409
35422
35431
35437
35448
35467
35481
35497
35502
35506
35515
35517
35536
35539
35544
35548
35565
35578
35583
35588
35593
35598
35612
35618
35625
35627
35642
35646
35658
35660
35669
35683
35690
35691
35702
35707
35715
35716
35762
35871
35872
35914
35918
35924
35955
36032
36036
36068
36081
36083
36089
40086
40097
40102
40106
40111
40122
40139
40146
40160
40166
40201
41499
42519
42536
42555
42572
42581
42597
42619
42627
42636
42639
42650
42659
42661
42676
42677
42691
42694
42697
42701
42706
42733
42743
42750
42784
42787
42799
42819
42827
42850
42854
42877
42881
42882
42919
42923
42951
42960
43001
43008
43010
45887
45893
45899
45908
46047
46051
46084
46130
46152
46163
46171
46175
47018
47022
47070
47073
47083
47110
47128
47150
47153
47159
47162
47170
47172
47201
47214
47218
47220
47227
47238
47244
47258
47307
47328
47360
47388
47407
47410
47411
47418
47437
47442
47444
47449
47459
47482
47495
47532
47594
47611
47620
47625
47633
47636
47639
47657
47658
47692
47721
47758
47760
47792
47801
47808
47819
47852
47866
47878
47901
47919
47934
47945
47953
47957
47960
47965
47967
47993
48011
48023
48027
48038
48040
48050
48055
48065
48066
48071
48074
48080
48082
48086
48094
48104
48106
48118
48120
48180
48202
48210
48244
48245
48323
48333
48356
48367
48388
48414
48444
48472
49647
49666
49682
49688
49689
49715
49718
49761
49799
49809
49818
49832
49849
49886
49891
49923
49931
49938
49956
49980
49985
50027
50046
50049
50073
50086
50090
50115
50133
50162
50177
50182
50188
50202
50229
50248
50262
50269
50286
50292
50300
50304
52306
52334
52365
52376
52391
52395
52417
52431
52441
52442
52461
52473
52480
52486
52489
52547
52564
52581
52591
52592
52606
52617
52656
52660
52686
52705
52707
52757
52794
52833
52837
52897
52899
52956
52961
52967
52968
52973
52982
52991
53010
53015
53019
53023
53029
53032
53043
53046
53054
53066
53075
53076
53091
53179
53211
53227
53258
53314
53377
53444
53455
53490
53601
53620
53636
53765
53790
53832
53833
53909
54051
54074
54124
54193
54292
54374
54434
54523
54582
54605
54629
54630
54631
54678
54697
54698
54701
54704
54758
54789
54831
54832
54854
54862
54873
54882
54886
54923
54924
54926
54941
54948
55029
55052
55062
55067
55190
55238
55266
55286
55309
55341
55349
55355
55370
55371
55410
55469
55502
55526
55592
55642
55684
55721
55804
55805
55849
55867
55913
55983
56015
56023
56161
56227
56253
56367
56399
56404
56420
56491
56522
56563
56598
56645
56652
56676
56681
56701
56731
56764
56771
56776
56787
56788
56798
56803
56816
56821
56836
56846
56859
56870
56891
56902
56919
56924
56931
56939
56953
56958
56977
56987
56990
57018
57022
57072
57131
57457
57465
57473
57536
57648
57664
57686
57905
57998
58065
58167
58201
58421
58499
58716
58817
58869
58959
58960
59005
59030
59062
59147
59173
59202
59297
59328
59343
59400
59419
59437
59443
59459
59463
59467
59476
59479
59484
59496
59542
59580
59581
59591
59614
59658
59661
59672
59737
59740
59749
59780
59818
59826
59843
59849
59852
59858
59876
59890
59911
59914
59925
59962
59971
59998
60003
60021
60030
60044
60052
60056
60073
60083
60088
60099
60135
60136
60184
60200
60204
60214
60226
60231
60244
60250
60266
60320
60359
60363
60396
60430
60455
60474
60538
60562
60580
60779
60800
60855
60930
60997
61107
61134
61159
61217
61296
61311
61347
61419
61440
61527
61569
61570
61586
61630
61673
61678
61736
61796
61813
61871
61920
61986
62034
62236
62295
62307
62343
62345
62394
62399
62400
62407
62451
62453
62454
62491
62495
62510
62511
62514
62516
62523
62529
62533
62544
62548
62557
62563
62573
62583
62584
62601
62615
62626
62627
62632
62647
62648
62661
62701
62787
62836
62935
62944
62949
63028
63072
63073
63105
63115
63144
63197
63235
63236
63282
63320
63325
63369
63416
63422
63435
63472
63507
63520
63544
63553
63560
63561
63562
63713
63820
64075
64082
64115
64238
64286
64386
64407
64428
64454
64458
64473
64474
64475
64479
64482
64485
64492
64502
64506
64507
64508
64547
64550
64562
64576
64580
64592
64593
64608
64612
64619
64629
64632
64638
64640
64641
64646
64648
64651
64655
64657
64673
64677
64680
64682
64687
64694
64695
64700
64706
64707
64715
64720
64722
64728
64733
64735
64746
64749
64754
64758
64761
64762
64763
64767
64773
64777
64780
64791
64794
64795
64802
64804
64809
64811
64815
64818
64820
64822
64824
64829
64830
64834
64842
64846
64857
64860
64867
64872
64878
64879
64884
64886
64895
64905
64908
64916
64917
64919
64928
64929
64933
64934
64942
64957
64966
64970
64977
64981
65009
65035
65063
65068
65105
65111
65140
65141
65178
65203
65206
65207
65252
65255
65272
65277
65294
65364
65381
65395
65410
65428
65450
65456
65459
65474
65484
65495
65516
65529
65534
65545
65548
65557
65558
65559
65560
65565
65569
65570
65572
65579
65584
65585
65587
65588
65593
65594
65597
65602
65607
65613
65617
65624
65627
65628
65630
65636
65637
65640
65643
65650
65651
65655
65657
65658
65669
65670
65672
65674
65688
65697
65703
65708
65709
65715
65719
65722
65729
65734
65735
65736
65741
65757
65767
65770
65785
65786
65788
65793
65794
65803
65806
65816
65817
65818
65819
65827
65834
65835
65838
65839
65846
65848
65855
65866
65872
65873
65874
65876
65878
65881
65883
65886
65887
65890
65895
65902
65906
65909
65916
65924
65932
65937
65952
65954
65960
65987
65997
66023
66025
66044
66070
66098
66112
66154
66167
66170
66203
66233
66245
66285
66291
66304
66305
66310
66317
66324
66327
66339
66347
66348
66359
66362
66369
66380
66383
66389
66397
66412
66419
66420
66457
66474
66493
66501
66534
66542
66543
66558
66560
66566
66579
66580
66593
66595
66686
66691
66748
66805
66841
66857
66861
66862
69693
69700
69704
69749
69770
69771
69807
69833
69891
69895
69904
69913
69928
69948
69970
69980
69996
76968
76979
76984
76989
76993
76997
77001
77006
77011
77016
77053
77072
77073
77081
77090
77097
78046
78058
78071
78079
78090
78151
78180
78191
78199
78211
78218
78220
78223
78231
78232
78237
78246
78253
78255
78261
78267
78282
78287
78302
78309
78312
78326
78330
78343
78349
78364
78370
78376
78402
78417
78429
78439
78469
78482
78508
78527
78545
78565
79513
79515
79526
79554
79562
79579
79595
79601
79608
79609
79611
79621
79657
79658
79659
79669
79672
79675
79688
79690
79694
79697
79706
79708
79714
79726
79732
79741
79746
79749
79761
79768
79797
79809
79839
79841
79842
79850
79894
79895
79912
79939
79948
79961
79963
79977
79990
80002
80012
80033
80039
80042
80055
80060
80064
80072
80079
80082
80087
80093
80111
80121
80125
80147
80154
80156
80159
80160
80174
80193
80209
80214
80224
80232
80248
80259
83792
83820
83832
83852
83857
83922
83932
83975
95276
95307
95313
95320
95328
95329
95339
95341
95351
95352
95365
95384
95400
95415
95431
95438
95441
95443
95464
95486
95487
95499
95511
95523
95557
95574
95598
97627
97787
97808
97871
97900
97917
97923
97930
97938
97948
97949
97964
97974
97999
98008
98013
98017
98030
98049
98067
98078
98099
98105
98121
98123
98131
98148
98153
98162
98197
99423
99429
99430
99436
99443
99452
