28110
27956
27929
27849
25997
25730
25674
25672
25668
25492
25396
25157
24892
24887
23842
21913
21782
21729
21698
21689
21676
21661
21485
21466
21376
21318
21286
21268
21143
21073
21046
20976
20949
20694
20688
20682
20668
20610
20592
18552
18363
18298
18035
17780
66862
66857
66841
66805
66691
66686
66474
66457
17286
66419
66412
66397
66383
66362
66339
66305
66304
66245
66233
66203
66170
66044
66025
66023
16865
65997
65954
65924
65916
16751
65874
65848
65835
65817
65788
65767
65735
65734
65719
65670
65643
65636
65602
65579
65559
65516
65459
65456
65450
65428
65395
65381
65364
65207
65206
65178
65141
65140
65105
15658
15654
15645
15610
15597
15592
15589
15565
15549
15530
15170
15154
15149
15142
15088
15037
15005
14920
14873
14834
14746
14560
14534
14468
63553
14386
14385
14380
14378
63507
14338
63435
63422
14259
63416
14217
63369
14098
63236
63235
63197
13987
63144
63115
63105
63073
63072
63028
62935
62836
62787
62661
62648
62647
62632
62626
62573
62563
62495
62454
62453
62451
62400
62399
62394
62295
62236
62034
12873
61986
12818
12810
61920
12649
61736
12527
61678
12436
12308
12297
12190
12187
11857
11774
11700
11697
11664
11539
11476
11069
10864
10841
10686
10376
9688
9681
9680
9661
9654
9561
9543
9472
9469
9393
9343
5926
5921
5914
5905
5884
5866
5861
5860
5859
5854
5829
5823
5804
5784
5777
5776
5773
5766
5400
5394
5390
5374
5267
5239
5205
5174
5143
5131
5069
5060
5058
5043
5032
5027
4846
4838
4693
3792
3722
3669
3644
3580
3454
3333
3260
27827
3228
3215
2738
2717
2323
2097
2058
1843
1840
1830
1576
1531
26044
26024
1232
1188
1161
24940
22731
22391
22279
21838
21806
21772
21754
21748
21619
21129
21008
20895
20878
18690
18582
18466
18460
18459
18450
18435
18413
18400
18367
18359
18336
18326
18299
18252
17929
17912
17908
17873
17865
17787
66861
66593
66579
66542
66534
66501
66493
17139
65952
65887
65886
65876
65873
65736
65729
65715
65703
65688
65674
65640
65637
65630
65529
65484
65474
65410
15255
15168
15060
63472
13982
62701
62343
61796
12313
12228
11859
11845
11819
11705
36083
36068
36036
35924
35918
35872
35871
35762
35716
35690
35625
10926
35517
10857
10813
35104
35067
10464
10456
10432
10398
34903
34897
10226
10225
10199
10192
10180
10153
34722
34634
9670
9631
9614
9519
9420
9391
9358
9334
33857
33848
33801
33106
32639
32539
32533
32526
32512
32511
32435
32395
32369
32271
32257
32230
32146
32014
31947
31936
31923
31895
31826
31775
31403
31120
30978
30896
30888
30662
30487
5888
30481
5870
5797
5779
30285
30260
5397
5393
5272
29865
5231
5236
5223
5217
5177
5166
5152
5173
5154
5147
29711
5110
5098
5116
5074
5022
4984
29577
4970
4953
4919
4942
29506
29490
4888
29456
29441
4830
29399
29369
29345
29339
29336
29325
29299
29067
29032
29025
29013
28977
28967
28951
28941
28937
28929
28925
28917
28908
28900
28889
28882
28854
28805
28741
28639
28583
28514
28500
28498
28470
3849
28421
28419
28411
3817
3784
3752
28337
28331
3723
28314
28310
3711
28296
28271
28151
3540
3546
3441
3423
28015
27958
27955
27954
3357
27940
27939
3335
27922
27914
27912
3312
27903
27879
3281
27874
27845
3251
27844
27837
27840
27811
3098
3066
3016
3014
2997
2979
2978
2976
2972
2965
2954
2931
2928
2924
27483
27426
27379
27363
27347
27344
2735
2734
2722
2692
2679
2678
27233
27226
2628
2620
27185
27177
27172
27170
27158
2536
27128
27124
27117
27107
27090
2428
2415
2360
2201
2083
2035
2026
2018
1899
1849
26183
26121
26118
1548
26112
26111
1513
26106
1520
26081
26070
26062
1456
26045
26028
26027
26001
25985
25983
25982
25892
25891
25878
1223
1220
25740
25729
1107
25724
25644
25549
947
25540
942
25533
25528
25498
933
25484
25466
25435
746
25339
725
25318
25265
25263
25248
25161
25155
25152
25146
25100
25097
25071
25070
25067
25064
25051
24953
24943
24895
164
191
162
160
24724
145
106
24650
50
24459
24300
23879
23856
23822
23799
23786
23774
23742
23726
23720
23657
10873
10819
10557
22827
22779
22747
22711
22708
22706
10333
22425
22420
22392
22388
22385
34672
22329
22320
22301
22294
22262
22261
22264
22216
9699
9687
9675
9665
21896
21885
21869
21866
21856
21848
21845
21831
21826
21822
21820
21790
21788
21783
21779
21775
21769
21763
21757
21755
9471
21744
21739
21732
21730
21723
21721
21711
9397
21701
21696
21678
21674
9357
21686
21652
21642
21636
21634
21631
21628
21620
21617
21613
21612
21611
21607
21601
21600
21598
21623
21594
21580
21606
21575
21550
21459
21394
21397
21341
21310
21300
21275
21267
21264
21255
21182
21174
21173
21151
21155
21095
21092
21089
21064
21055
21050
21041
21039
21036
21033
21029
21014
21013
21011
21007
20997
20992
20988
20983
20980
20973
20989
20985
20922
20904
20874
20872
20857
20716
20712
20701
20698
20695
20691
20675
20672
20669
20648
20640
20667
20636
20632
20622
20611
20591
32495
31594
31217
18893
18824
18677
18463
18424
18416
18441
18412
18396
18387
18305
5828
30421
18025
30304
17984
17978
17964
17949
17946
17936
17926
17945
17916
30201
17907
17886
17880
17876
17866
17810
17800
17796
17785
17772
17767
17759
30026
66748
5220
5169
17447
66595
66566
17409
66560
66580
17392
66543
66558
17277
29519
29485
17196
29480
66348
29477
4882
17186
29471
29417
66285
17096
17095
4778
4775
17064
17089
29275
4692
66167
66154
66098
16919
16912
65987
29061
29018
29006
16715
65890
28984
65881
16641
65818
28916
28912
28886
28855
65650
65672
65657
65594
65569
65495
3853
3854
3812
3806
3774
28347
3769
3730
28298
28292
65111
3633
3619
3610
3603
3470
3427
3471
15693
3393
15675
15662
27962
3352
27945
15656
15653
15646
15642
27913
15624
3306
27899
15609
3302
27895
3316
15634
15605
3323
27887
15598
27882
27886
3293
15582
3242
15531
15558
27825
3232
3170
27763
3185
15474
15463
3106
15395
3078
15382
3060
3019
3007
15296
15261
15209
15192
2899
15186
27457
15152
15145
15136
15128
15115
15099
15086
2780
15077
27357
15064
2736
27300
15011
2706
2721
15010
15009
2682
14970
2671
2666
14955
14954
14942
2637
14914
27190
27182
14874
27122
14833
2518
14807
2502
14774
14751
14741
14728
14698
14694
14648
14623
14610
14602
14548
63561
2126
14401
14375
63520
14363
14335
14334
14332
14304
14302
14243
14216
14211
14197
14192
14130
14124
14111
14095
14068
14052
14002
13979
13975
13966
13963
13954
13943
26216
26198
26184
26180
1559
26150
26119
26105
1504
26089
26073
26086
62949
1457
26002
26017
25980
25978
25984
25906
25905
25888
25876
1190
62627
25723
25717
62584
62557
25687
25685
25671
1075
62523
1033
1048
1028
62491
25539
62407
25515
937
25510
921
25496
62345
25416
25394
25374
25365
13047
25291
25300
12996
12953
25247
12943
12928
25176
25174
25180
25073
25059
25028
12673
24926
24917
12628
61813
24908
12513
61630
148
12448
12409
123
12371
24627
12312
12306
12300
12285
12282
12280
12275
12271
12269
12266
12264
12259
12258
12256
12254
12252
12250
12249
12246
12244
12243
12241
12234
12231
12229
12225
12219
12215
12211
12210
12207
12206
12195
12194
12188
12213
24388
11918
11905
11882
11864
11861
11853
11844
11842
11840
11834
11832
11824
11821
11820
11813
11806
11799
11798
11797
11796
11793
11784
11783
11778
11775
11773
11769
11765
11762
11760
11753
11748
11734
11732
11718
11713
11707
11702
11688
11685
11684
11659
11656
11649
11646
11630
11620
11608
23875
11586
11583
11561
11553
11538
11515
11508
36089
36081
11486
11484
11482
11474
11472
11460
11450
11448
11442
36032
11434
11427
11421
11408
11404
11403
11396
11391
23662
11373
35955
11319
11315
11312
11263
11262
11257
11252
11250
11234
11223
11172
11152
11145
11127
11099
11085
11072
11071
11066
11029
10996
10984
10959
10955
10951
10936
10928
10914
29350
4737
10875
35448
10866
29287
16964
66112
10752
66070
10717
10705
10683
10654
10668
29081
29078
35208
65932
29039
65866
35107
10524
22744
10424
35016
10399
34977
65722
34963
10381
65708
10367
10334
65658
34881
65627
65584
34828
65534
34800
65545
10162
28552
34568
65203
28315
28249
3661
9724
9713
9627
9583
3417
21844
3409
9547
15696
9538
9535
15680
27949
9504
27938
15649
9483
15647
21778
27925
15636
27923
9482
15630
9479
15626
27926
15622
15611
27891
3298
15587
21709
21697
3262
15551
15507
21645
3184
27777
15488
9351
3187
15476
33893
3169
33884
21587
27734
27732
3154
15472
15443
21581
15441
21579
21574
21556
3099
3114
21438
2966
2981
15270
2917
2932
15121
15105
15075
15049
15048
15018
21152
27294
33423
14921
33338
21049
21030
21025
20986
20951
14798
20936
20925
2474
20898
14755
2482
14733
14667
20646
14455
14424
14379
63562
14376
14305
32730
14271
1951
32645
32498
14032
14021
1704
1719
13992
1695
1563
25428
750
734
25117
25119
25106
25122
544
18804
12451
71
12347
55
12319
12294
12223
18361
12222
12217
12181
18318
30568
5943
5932
5920
5928
5899
5887
5883
5882
30446
5867
5862
5858
5857
5833
5824
5822
5818
5816
5811
5802
5783
5795
5793
5787
5782
18038
5769
11803
17941
11768
11761
11752
14769
27073
33209
11689
11652
11628
17760
11614
14685
5413
5398
17682
11548
11519
5339
11423
11418
23705
11416
5265
5264
11402
5251
29813
5248
5218
5202
5215
14432
2130
5201
5199
5195
32839
5182
5162
35914
11316
11305
63560
11294
5126
5108
5123
5121
32765
11249
5061
5076
5070
5054
5050
5012
5008
4990
11122
4992
29556
11113
4962
4954
4946
66420
29518
4935
11068
11062
11049
29454
29437
4857
17132
4843
10988
4827
4822
4820
32437
4780
4772
4756
17042
17040
29309
4729
4707
29291
4709
29267
4687
26154
10782
29204
29218
16877
26030
10655
26016
29075
26005
65960
16765
29037
29031
65937
28975
28972
28961
28952
28936
65816
10508
28946
28923
65785
28868
28867
10437
10406
10405
10395
10386
10332
65587
65560
65548
10191
10188
10169
34762
22340
3851
28444
3842
3850
3834
3790
3788
28344
28330
3746
3628
3643
31296
28217
28226
3635
28202
3599
537
25130
3608
3607
3593
3577
3572
3556
3554
3568
3563
28137
3559
9708
3557
28145
3552
9694
28131
25049
3537
25076
25050
18881
25054
12719
12735
9637
3478
3467
3430
21867
3418
21835
15659
15641
27933
15644
27920
15628
3326
27890
12522
27877
15595
9444
27881
27868
3311
15586
15573
27857
3279
24760
3226
27819
27834
24748
157
151
153
3230
27823
3274
3245
15534
12419
126
9349
102
117
3196
15495
15482
3193
12389
27788
3160
3175
15464
3162
21599
3159
12368
27751
3158
3151
12380
12367
21571
3131
15401
12303
3072
3056
3071
12298
3067
3042
3046
15330
3037
15341
3039
3022
15324
3035
3015
3000
21454
3013
3001
2996
2975
2990
2989
2988
2984
2983
2960
2952
2948
2945
2942
2930
2926
2921
2915
33631
15198
15185
15176
15169
15179
2859
15163
2873
5933
5930
27429
27427
15144
5916
15119
5908
2809
27400
5900
15123
15116
15098
27397
15108
15104
5875
15076
2781
5847
15069
5844
15067
5839
5835
15053
5827
27322
5820
15043
5817
15027
5842
5813
2728
15029
27305
2727
2711
27304
2726
2710
2725
21158
15007
2718
2715
2690
27283
5781
5774
2695
5770
27284
11909
14968
2676
2656
33376
2647
27222
2644
27228
2650
27215
21071
2631
14930
27206
17994
2627
14916
2614
11812
2553
2562
2547
2555
20977
17904
17901
2533
27110
27125
2532
2527
2521
27097
2519
11744
2513
14811
14797
2508
20946
2495
17850
11709
27068
20918
2471
20891
14744
20882
14722
17788
14715
14693
14688
5408
14615
5380
5377
14584
20714
14553
14570
14541
14487
5263
2183
14476
11401
14465
14458
14423
2121
14408
5142
2063
5136
63544
9663
1952
9645
4965
11111
4960
3406
3421
24931
3412
24905
3403
3402
3401
3368
27961
15672
14129
12600
4906
14115
14102
24860
4867
29460
14092
1787
1802
12553
3343
15643
14100
1804
14053
15594
24797
219
24781
15583
27859
3278
3256
3271
9421
14036
3272
27865
27880
3287
15576
27896
9409
3258
185
3235
15524
61586
27790
3212
3210
3203
124
13969
12400
15493
3176
15473
13950
15477
115
13947
98
15479
3177
26207
26189
21569
1586
26094
1516
62944
29084
15265
2963
27411
1250
5810
2731
2730
1187
1169
25735
5771
1149
27265
1173
14927
1055
25648
27162
25602
1022
4850
973
10967
66291
981
25439
62307
25419
834
23857
25372
16929
5386
762
25355
767
5388
26122
23824
5384
757
26098
3821
28414
3823
25322
737
733
14564
25309
14574
3801
3789
11481
3787
11471
25275
25274
25271
3771
25268
25266
671
2995
10682
20671
28338
26021
28329
25262
25241
2958
11419
5268
2957
5266
20625
25213
25200
2154
25181
3666
25179
29008
25151
25144
3620
25109
9731
25066
1236
28094
28093
31150
3497
3489
61871
9630
3481
3468
3464
3455
3477
24937
14201
4977
14187
14199
21868
9579
3428
21859
3419
24909
3408
24883
24888
25647
4922
12583
24874
27937
12560
3712
15607
3318
239
11786
9481
3315
27908
240
15608
242
32902
27906
15617
1777
9464
212
35593
27902
15613
27889
15600
3683
3698
11390
25187
4836
988
3295
23663
25170
25168
27878
15574
21712
9415
1727
15564
9398
25153
14416
15552
28227
3255
4798
25147
4793
174
11715
927
3237
27830
15541
14012
15545
27826
3248
14399
21679
9390
25131
21683
25142
12853
14783
931
5938
10546
25125
9388
158
3625
25124
546
3622
25121
923
28199
909
4755
1676
15519
3217
25116
15508
21646
1670
17803
1666
25098
3183
1067
9330
3179
12402
29295
15097
1237
1252
25061
3180
27754
27760
15471
25048
9693
29269
66
21593
3153
24663
14681
1599
830
61
149
1006
3110
3125
12346
12334
28108
12311
12320
13942
26218
26116
3848
12351
1853
27396
11313
54
963
770
12310
25107
3534
3223
3189
3385
5117
3192
28248
5789
1167
1014
14090
1181
2318
3366
14336
1163
9477
27154
9500
15502
3200
12512
