214
227
230
231
234
240
250
257
267
268
277
284
286
290
293
295
296
299
308
313
314
330
331
338
348
355
356
359
362
367
370
371
373
375
377
379
381
382
383
386
389
390
392
395
396
398
405
408
410
411
415
417
418
419
423
424
425
426
427
429
430
432
434
435
438
439
440
441
443
444
445
446
447
448
449
450
451
452
453
454
457
458
460
461
462
463
464
465
466
468
470
471
472
474
475
477
478
483
484
485
486
487
489
490
491
492
495
497
498
501
504
507
512
513
514
515
518
520
521
523
525
527
529
531
532
540
541
549
551
555
558
559
562
563
564
570
571
572
573
574
579
583
584
586
588
593
594
596
599
600
604
607
608
610
614
615
616
618
619
620
623
624
626
627
628
630
631
634
635
636
639
641
642
643
645
646
648
651
652
653
656
657
660
661
662
664
666
667
669
672
676
680
681
682
684
685
686
687
691
692
695
697
700
703
705
708
709
711
712
713
714
715
717
718
720
721
722
727
728
730
731
732
733
735
736
738
740
741
742
743
744
745
746
748
749
751
752
753
755
756
758
759
760
761
762
763
765
767
768
769
770
774
775
776
777
779
780
781
784
785
786
787
788
789
790
791
792
793
794
795
796
797
798
799
801
802
803
804
805
809
810
811
812
816
818
819
821
823
827
828
829
830
831
838
839
840
841
842
844
845
847
848
849
850
852
853
854
855
856
857
858
859
860
861
862
863
864
865
868
869
871
872
873
874
875
877
879
880
881
884
885
886
887
888
889
890
892
897
898
899
901
904
905
909
911
913
915
916
917
918
920
921
922
923
924
925
926
927
928
930
931
935
938
940
942
943
944
945
946
947
948
952
953
954
955
959
960
965
967
968
970
974
980
981
982
983
984
985
988
1001
1007
1010
1011
1022
1023
1025
1030
1032
1033
1036
1041
1045
1048
1050
1052
1053
1054
1064
1066
1068
1070
1071
1072
1074
1075
1077
1078
1079
1080
1081
1082
1083
1084
1086
1087
1089
1090
1092
1093
1095
1096
1097
1098
1102
1103
1104
1106
1107
1108
1109
1110
1111
1113
1114
1115
1116
1118
1119
1120
1121
1122
1123
1124
1127
1129
1130
1131
1132
1134
1136
1138
1140
1141
1142
1143
1144
1145
1146
1147
1148
1149
1151
1152
1153
1154
1155
1157
1159
1160
1161
1163
1167
1168
1169
1170
1171
1173
1175
1176
1178
1179
1181
1182
1184
1185
1186
1187
1188
1189
1191
1196
1197
1199
1201
1202
1208
1210
1211
1212
1213
1215
1217
1219
1221
1222
1223
1224
1229
1231
1237
1238
1240
1241
1243
1245
1246
1247
1249
1250
1251
1254
1258
1262
1263
1264
1265
1267
1269
1273
1275
1278
1279
1281
1284
1286
1288
1290
1291
1292
1293
1294
1297
1298
1299
1300
1303
1304
1306
1307
1309
1310
1311
1313
1314
1315
1317
1318
1319
1322
1323
1324
1325
1326
1327
1330
1333
1337
1339
1340
1343
1344
1345
1346
1348
1352
1353
1354
1357
1358
1362
1363
1364
1368
1371
1372
1373
1374
1376
1377
1380
1381
1383
1384
1385
1386
1392
1393
1396
1398
1400
1402
1404
1406
1407
1409
1412
1413
1414
1415
1416
1417
1418
1420
1421
1424
1425
1426
1427
1428
1430
1432
1434
1435
1437
1439
1440
1444
1445
1447
1449
1451
1454
1457
1461
1463
1466
1469
1470
1472
1473
1474
1475
1476
1478
1482
1485
1486
1488
1489
1490
1492
1493
1494
1495
1496
1497
1498
1499
1500
1501
1504
1505
1509
1510
1511
1512
1514
1515
1517
1519
1520
1521
1523
1526
1528
1529
1530
1531
1533
1534
1535
1536
1537
1539
1541
1542
1544
1546
1548
1549
1552
1556
1557
1559
1562
1564
1571
1574
1582
1583
1584
1592
1593
1596
1599
1605
1617
1621
1622
1623
1624
1628
1629
1631
1634
1638
1639
1641
1642
1649
1650
1651
1653
1654
1655
1656
1659
1661
1664
1665
1670
1671
1673
1674
1679
1681
1682
1683
1684
1689
1690
1691
1697
1698
1700
1701
1702
1704
1705
1708
1710
1712
1713
1715
1716
1718
1720
1721
1723
1726
1727
1728
1729
1731
1733
1734
1735
1736
1738
1739
1740
1742
1743
1744
1745
1747
1748
1749
1750
1751
1754
1755
1756
1757
1758
1759
1760
1763
1765
1766
1767
1768
1769
1771
1773
1774
1775
1776
1777
1778
1779
1780
1782
1783
1784
1786
1787
1788
1789
1790
1791
1792
1793
1796
1797
1798
1799
1800
1801
1803
1804
1806
1807
1808
1809
1813
1814
1817
1818
1819
1820
1821
1822
1823
1824
1827
1828
1829
1830
1832
1833
1834
1835
1836
1837
1839
1840
1841
1842
1846
1848
1850
1854
1855
1860
1861
1862
1865
1868
1869
1870
1873
1874
1880
1881
1882
1885
1886
1893
1894
1896
1898
1900
1901
1902
1903
1905
1906
1907
1909
1910
1911
1914
1918
1919
1922
1923
1926
1928
1933
1934
1935
1936
1937
1938
1939
1943
1945
1956
1957
1958
1960
1963
1964
1967
1968
1969
1971
1973
1974
1975
1976
1978
1979
1981
1982
1983
1986
1987
1993
1994
1995
1997
1998
1999
2001
2002
2003
2004
2005
2006
2008
2010
2011
2012
2014
2016
2017
2019
2021
2022
2024
2025
2026
2029
2032
2033
2035
2036
2040
2041
2043
2047
2048
2055
2056
2062
2066
2069
2070
2071
2072
2073
2076
2078
2080
2086
2094
2095
2096
2097
2101
2102
2103
2104
2105
2106
2107
2109
2111
2112
2113
2114
2116
2117
2118
2119
2120
2121
2122
2124
2126
2127
2129
2130
2131
2132
2133
2138
2139
2140
2142
2144
2145
2146
2149
2150
2151
2152
2153
2156
2158
2159
2160
2163
2165
2166
2168
2170
2171
2173
2174
2175
2176
2178
2180
2181
2182
2183
2185
2189
2193
2194
2195
2196
2199
2200
2202
2203
2204
2205
2206
2207
2208
2209
2211
2212
2213
2216
2217
2220
2221
2222
2223
2225
2229
2230
2232
2235
2236
2237
2239
2242
2243
2244
2245
2247
2248
2253
2254
2257
2258
2259
2261
2268
2270
2271
2272
2273
2275
2276
2277
2278
2279
2280
2281
2282
2283
2284
2285
2288
2290
2291
2292
2293
2294
2295
2296
2298
2299
2301
2302
2303
2304
2306
2307
2308
2309
2310
2311
2312
2313
2314
2315
2316
2318
2320
2321
2322
2325
2326
2327
2328
2330
2332
2333
2334
2335
2336
2340
2341
2345
2347
2348
2350
2351
2357
2358
2359
2360
2362
2363
2364
2369
2371
2373
2374
2375
2376
2377
2378
2381
2383
2386
2389
2390
2392
2394
2395
2397
2398
2399
2400
2402
2403
2405
2410
2413
2414
2416
2418
2419
2420
2421
2422
2423
2425
2426
2428
2429
2431
2432
2433
2434
2436
2437
2438
2440
2441
2442
2443
2445
2448
2449
2450
2451
2452
2453
2454
2458
2459
2460
2462
2464
2466
2467
2468
2470
2471
2472
2473
2474
2476
2478
2479
2480
2485
2486
2488
2493
2494
2495
2497
2498
2499
2500
2505
2508
2509
2510
2511
2512
2513
2514
2515
2516
2517
2518
2519
2520
2521
2522
2523
2527
2528
2529
2530
2532
2533
2534
2535
2537
2538
2541
2543
2544
2546
2547
2549
2550
2551
2552
2554
2557
2558
2559
2560
2561
2563
2565
2566
2567
2568
2570
2571
2572
2573
2577
2578
2579
2580
2582
2585
2586
2587
2588
2589
2591
2592
2593
2594
2595
2596
2599
2600
2601
2602
2604
2607
2608
2609
2610
2611
2612
2613
2614
2615
2617
2620
2621
2622
2624
2625
2626
2627
2628
2629
2630
2631
2632
2633
2634
2635
2637
2638
2639
2640
2641
2643
2644
2645
2646
2647
2649
2650
2651
2652
2653
2654
2655
2656
2657
2660
2661
2662
2663
2664
2665
2666
2667
2668
2669
2670
2671
2672
2675
2676
2677
2679
2680
2681
2682
2683
2684
2685
2686
2688
2689
2690
2692
2693
2694
2695
2696
2697
2698
2701
2702
2703
2705
2706
2713
2714
2715
2717
2718
2719
2721
2722
2723
2724
2725
2726
2727
2729
2731
2732
2734
2738
2739
2741
2743
2745
2746
2747
2748
2751
2752
2753
2754
2756
2757
2758
2760
2761
2762
2765
2766
2767
2769
2770
2772
2773
2776
2777
2778
2780
2782
2783
2784
2786
2788
2789
2790
2791
2792
2793
2795
2798
2799
2800
2801
2803
2804
2805
2806
2807
2808
2809
2810
2811
2812
2813
2814
2815
2817
2819
2822
2823
2825
2826
2827
2828
2829
2830
2832
2833
2834
2835
2840
2841
2842
2843
2844
2848
2849
2850
2851
2852
2853
2854
2856
2857
2859
2860
2861
2862
2863
2864
2865
2867
2868
2871
2873
2874
2875
2876
2877
2878
2879
2880
2881
2882
2883
2887
2888
2889
2890
2892
2893
2894
2895
2897
2898
2899
2900
2902
2903
2906
2907
2908
2909
2910
2912
2915
2916
2917
2919
2921
2922
2923
2924
2925
2928
2929
2930
2931
2932
2933
2934
2935
2936
2937
2939
2940
2941
2942
2943
2945
2946
2947
2948
2949
2950
2951
2952
2953
2954
2955
2956
2957
2958
2959
2960
2962
2963
2964
2965
2967
2968
2969
2970
2972
2973
2975
2976
2977
2978
2980
2981
2982
2983
2985
2986
2988
2989
2991
2992
2993
2995
2997
2999
3000
3001
3002
3003
3004
3006
3007
3009
3010
3011
3012
3013
3016
3017
3019
3020
3021
3022
3024
3025
3026
3028
3030
3031
3032
3033
3034
3035
3036
3037
3038
3040
3042
3043
3044
3045
3048
3049
3050
3052
3053
3054
3056
3057
3058
3059
3060
3061
3062
3065
3067
3068
3069
3071
3072
3073
3074
3075
3076
3077
3078
3079
3080
3082
3083
3084
3085
3088
3089
3090
3091
3092
3093
3094
3095
3096
3100
3101
3102
3103
3104
3106
3107
3108
3110
3111
3115
3116
3117
3118
3119
3120
3121
3122
3123
3125
3126
3128
3129
3131
3132
3133
3136
3137
3138
3139
3144
3145
3146
3147
3150
3153
3155
3156
3157
3158
3159
3160
3161
3163
3164
3169
3170
3171
3172
3174
3175
3178
3180
3181
3184
3188
3189
3191
3192
3193
3194
3195
3197
3199
3201
3203
3204
3205
3206
3207
3209
3211
3212
3213
3214
3215
3217
3220
3221
3222
3227
3228
3229
3231
3234
3235
3236
3238
3240
3241
3243
3245
3249
3253
3256
3257
3261
3262
3264
3265
3269
3270
3273
3279
3281
3282
3284
3286
3289
3290
3295
3297
3300
3306
3308
3310
3314
3318
3321
3323
3324
3325
3326
3329
3336
3337
3343
3346
3348
3349
3350
3353
3357
3362
3363
3365
3369
3370
3372
3374
3377
3379
3380
3386
3389
3390
3393
3394
3396
3397
3398
3402
3403
3408
3410
3414
3421
3422
3425
3428
3429
3433
3436
3437
3440
3444
3445
3447
3449
3452
3454
3457
3458
3461
3464
3466
3469
3471
3475
3476
3478
3482
3485
3486
3488
3489
3491
3493
3494
3495
3499
3500
3505
3506
3509
3513
3517
3518
3519
3524
3532
3549
3552
3555
3558
3566
3567
3572
3574
3579
3583
3586
3587
3588
3589
3591
3593
3595
3599
3603
3604
3605
3606
3609
3612
3613
3615
3616
3618
3619
3622
3624
3625
3628
3633
3635
3636
3637
3638
3642
3645
3648
3649
3650
3651
3653
3660
3661
3662
3663
3666
3667
3668
3669
3670
3671
3672
3676
3678
3682
3685
3688
3689
3694
3696
3701
3702
3703
3705
3706
3709
3715
3717
3719
3720
3721
3726
3727
3730
3732
3735
3738
3740
3741
3743
3744
3745
3746
3752
3756
3757
3758
3761
3762
3766
3769
3770
3771
3772
3774
3776
3777
3780
3782
3784
3787
3788
3789
3790
3791
3794
3796
3797
3799
3800
3805
3809
3810
3819
3820
3822
3823
3825
3826
3830
3834
3836
3838
3839
3840
3841
3842
3846
3847
3851
3853
3857
3859
3861
3865
3866
3871
3873
3879
3880
3881
3883
3885
3886
3888
3889
3890
3894
3900
3904
3910
3912
3913
3914
3916
3918
3920
3921
3922
3924
3927
3935
3939
3943
3945
3947
3948
3953
3956
3957
3958
3959
3960
3961
3963
3964
3967
3968
3969
3971
3973
3976
3980
3984
3985
3986
3988
3989
3992
3995
3997
3998
4000
4003
4007
4009
4011
4012
4015
4016
4017
4021
4025
4027
4029
4030
4032
4033
4034
4035
4036
4038
4042
4044
4045
4046
4048
4052
4058
4061
4063
4064
4067
4075
4076
4081
4086
4097
4098
4101
4105
4107
4109
4110
4115
4116
4118
4121
4127
4130
4132
4133
4134
4136
4138
4139
4141
4143
4144
4145
4147
4148
4149
4150
4151
4156
4157
4158
4160
4162
4164
4167
4168
4170
4174
4176
4181
4183
4186
4187
4189
4192
4193
4198
4200
4201
4203
4206
4210
4211
4215
4221
4225
4229
4230
4231
4233
4236
4237
4245
4247
4251
4255
4256
4260
4265
4269
4272
4274
4275
4276
4280
4281
4286
4287
4289
4290
4292
4294
4297
4299
4301
4303
4305
4308
4312
4317
4318
4319
4320
4322
4323
4327
4328
4329
4330
4333
4336
4337
4339
4343
4344
4345
4346
4347
4348
4353
4356
4357
4360
4361
4362
4366
4374
4375
4376
4377
4380
4381
4385
4386
4391
4395
4396
4397
4403
4404
4405
4407
4408
4413
4414
4416
4419
4426
4428
4430
4432
4433
4434
4435
4436
4442
4443
4444
4445
4449
4451
4455
4457
4461
4463
4464
4465
4467
4468
4470
4472
4473
4474
4475
4476
4478
4479
4480
4482
4483
4485
4487
4488
4489
4491
4492
4493
4496
4500
4502
4503
4504
4506
4508
4513
4516
4521
4532
4535
4537
4539
4541
4543
4544
4547
4548
4550
4552
4553
4555
4558
4561
4562
4563
4564
4566
4570
4572
4575
4578
4580
4583
4585
4586
4591
4592
4593
4594
4596
4597
4599
4601
4610
4611
4612
4618
4620
4621
4623
4626
4627
4630
4634
4639
4641
4642
4643
4645
4647
4648
4649
4654
4660
4663
4664
4668
4672
4673
4675
4677
4680
4681
4682
4683
4686
4687
4688
4689
4690
4693
4697
4699
4700
4705
4706
4707
4708
4709
4710
4712
4713
4715
4718
4719
4724
4726
4729
4730
4731
4733
4735
4737
4738
4740
4741
4742
4743
4744
4745
4746
4754
4756
4758
4775
4781
4784
4785
4786
4790
4797
4803
4807
4809
4813
4815
4816
4817
4823
4828
4829
4832
4836
4837
4839
4840
4841
4846
4847
4853
4857
4858
4859
4860
4865
4866
4869
4871
4872
4873
4880
4881
4884
4887
4892
4895
4898
4899
4900
4903
4904
4906
4907
4909
4913
4916
4925
4926
4928
4931
4934
4935
4937
4940
4942
4943
4945
4946
4948
4950
4952
4953
4959
4960
4962
4963
4964
4965
4966
4967
4969
4970
4972
4977
4985
4986
4988
4989
4990
4992
4993
4994
4996
4997
4998
4999
5000
5003
5004
5009
5012
5015
5017
5018
5027
5028
5029
5035
5036
5038
5039
5040
5041
5042
5043
5044
5045
5046
5049
5051
5053
5055
5060
5062
5063
5066
5068
5071
5072
5074
5076
5079
5081
5088
5090
5094
5104
5106
5107
5110
5115
5120
5122
5125
5127
5130
5131
5136
5138
5139
5140
5143
5151
5152
5153
5157
5160
5165
5166
5167
5171
5173
5175
5176
5177
5178
5180
5184
5185
5187
5190
5191
5194
5195
5197
5200
5201
5204
5205
5211
5213
5219
5220
5221
5222
5226
5230
5233
5236
5238
5243
5249
5250
5251
5255
5257
5260
5261
5263
5268
5272
5274
5275
5276
5278
5283
5284
5289
5290
5298
5301
5305
5306
5312
5313
5318
5319
5321
5325
5332
5334
5338
5342
5345
5347
5348
5350
5351
5354
5355
5356
5358
5359
5361
5362
5367
5368
5369
5373
5375
5376
5377
5379
5381
5383
5385
5388
5389
5390
5391
5392
5394
5395
5397
5398
5401
5407
5408
5410
5412
5415
5416
5418
5419
5420
5422
5425
5431
5436
5439
5441
5443
5445
5449
5455
5457
5459
5463
5465
5467
5469
5470
5473
5478
5481
5482
5490
5491
5493
5497
5502
5508
5515
5516
5519
5522
5524
5525
5531
5532
5533
5534
5535
5536
5537
5538
5543
5546
5549
5551
5552
5560
5563
5564
5567
5568
5572
5575
5577
5583
5584
5587
5590
5593
5600
5601
5606
5612
5613
5614
5622
5625
5629
5632
5634
5637
5639
5643
5647
5655
5656
5665
5667
5669
5674
5675
5679
5682
5686
5689
5690
5697
5701
5703
5704
5705
5707
5708
5709
5710
5711
5712
5714
5715
5716
5717
5719
5721
5723
5725
5730
5731
5732
5735
5739
5741
5742
5743
5745
5746
5748
5753
5755
5756
5758
5759
5760
5762
5763
5764
5765
5767
5768
5769
5772
5774
5775
5777
5778
5779
5781
5782
5784
5785
5786
5789
5790
5791
5795
5796
5797
5798
5801
5802
5803
5805
5807
5814
5815
5816
5818
5821
5822
5823
5824
5825
5831
5832
5834
5836
5837
5838
5839
5842
5845
5847
5848
5850
5855
5860
5865
5866
5869
5871
5873
5875
5876
5880
5883
5884
5888
5890
5892
5901
5902
5904
5906
5907
5909
5931
5932
5935
5936
5938
5939
5940
5949
5954
5955
5956
5959
5963
5966
5981
5984
5987
5988
5989
5990
5991
5993
5994
5995
5997
5998
6004
6005
6015
6018
6023
6025
6027
6029
6032
6033
6035
6036
6040
6043
6045
6046
6047
6049
6050
6052
6053
6055
6057
6058
6065
6066
6067
6069
6070
6071
6072
6074
6075
6076
6078
6080
6082
6084
6088
6090
6092
6093
6095
6108
6111
6114
6116
6119
6121
6123
6131
6135
6140
6141
6142
6143
6162
6166
6171
6172
6177
6178
6184
6186
6188
6192
6198
6200
6201
6204
6208
6215
6217
6218
6222
6224
6231
6232
6236
6239
6241
6242
6246
6251
6259
6260
6265
6266
6270
6284
6285
6292
6293
6294
6299
6305
6307
6309
6311
6313
6314
6317
6318
6319
6324
6330
6333
6334
6341
6346
6349
6351
6355
6357
6360
6362
6367
6372
6377
6382
6383
6384
6385
6387
6391
6393
6395
6405
6407
6408
6410
6419
6420
6423
6427
6429
6437
6440
6446
6450
6456
6458
6461
6466
6470
6472
6479
6483
6484
6486
6487
6494
6496
6497
6501
6502
6512
6514
6515
6516
6517
6518
6519
6520
6521
6523
6524
6525
6529
6530
6534
6538
6539
6549
6550
6551
6559
6561
6566
6569
6573
6576
6578
6579
6582
6587
6591
6597
6598
6599
6601
6603
6604
6605
6607
6609
6610
6611
6613
6615
6617
6618
6620
6621
6624
6625
6628
6629
6633
6634
6639
6646
6660
6662
6665
6666
6670
6673
6675
6676
6678
6681
6683
6691
6692
6695
6701
6705
6711
6717
6718
6719
6721
6722
6723
6726
6728
6731
6735
6747
6748
6750
6752
6753
6757
6759
6761
6762
6765
6766
6767
6768
6772
6773
6776
6781
6783
6788
6790
6791
6792
6793
6794
6802
6806
6813
6817
6818
6819
6821
6825
6826
6830
6834
6836
6846
6847
6862
6865
6866
6875
6880
6882
6886
6887
6891
6893
6895
6898
6899
6902
6903
6907
6908
6909
6910
6913
6916
6918
6922
6934
6935
6937
6940
6945
6949
6950
6951
6953
6957
6958
6961
6962
6963
6967
6974
6977
6982
6983
6984
6987
7001
7006
7008
7017
7019
7020
7021
7023
7026
7028
7029
7031
7033
7036
7038
7040
7041
7046
7051
7052
7053
7054
7058
7059
7060
7061
7064
7065
7069
7070
7071
7075
7080
7082
7083
7088
7092
7096
7098
7100
7103
7106
7112
7120
7122
7123
7125
7126
7127
7129
7133
7135
7137
7138
7141
7142
7143
7145
7146
7148
7152
7153
7160
7162
7168
7169
7170
7178
7179
7180
7181
7183
7184
7185
7186
7188
7189
7193
7194
7197
7200
7202
7203
7204
7205
7211
7212
7214
7215
7218
7219
7220
7221
7222
7223
7227
7228
7229
7231
7234
7235
7236
7238
7244
7248
7251
7252
7254
7256
7258
7259
7260
7262
7265
7268
7269
7275
7276
7278
7279
7280
7281
7282
7288
7289
7291
7292
7293
7294
7297
7298
7303
7304
7305
7308
7318
7322
7324
7325
7327
7328
7330
7333
7337
7339
7340
7341
7344
7345
7348
7357
7358
7360
7361
7367
7368
7372
7373
7374
7375
7376
7377
7378
7380
7382
7384
7386
7388
7393
7399
7401
7402
7403
7404
7406
7407
7410
7411
7413
7421
7423
7426
7427
7435
7438
7442
7443
7447
7449
7450
7453
7454
7456
7457
7462
7463
7465
7467
7468
7472
7474
7475
7479
7482
7483
7485
7486
7487
7488
7490
7491
7494
7500
7502
7505
7506
7508
7509
7510
7514
7515
7518
7530
7533
7537
7538
7543
7545
7552
7558
7559
7566
7571
7579
7581
7590
7593
7595
7597
7607
7608
7609
7614
7618
7623
7635
7638
7639
7640
7643
7644
7647
7653
7656
7660
7669
7678
7698
7712
7718
7720
7727
7735
7742
7746
7749
7751
7753
7760
7764
7766
7768
7769
7782
7800
7813
7830
7832
7855
7857
7873
7892
7897
7912
7917
8538
8679
8695
8732
8760
8770
9224
9278
9290
9309
9342
9354
9358
9366
9373
9376
9381
9382
9383
9385
9394
9395
9402
9404
9408
9418
9422
9423
9425
9429
9435
9436
9442
9445
9447
9452
9464
9465
9467
9476
9481
9483
9489
9495
9497
9505
9572
9581
9590
9599
9625
9654
9683
9686
9704
9944
9978
10004
10025
10048
10061
10074
10090
10097
10104
10111
10131
10167
10189
10201
10230
10242
10250
10281
10370
10401
10617
10630
10692
10812
10822
10830
10887
10894
10897
10901
10922
10927
10931
10946
10951
10957
10959
10961
10965
10966
10981
10983
10984
11021
11023
11038
11045
11046
11047
11052
11059
11061
11070
11071
11073
11081
11087
11100
11119
11124
11129
11133
11144
11149
11155
11156
11162
11167
11169
11183
11189
11198
11201
11203
11204
11205
11207
11208
11222
11223
11225
11229
11232
11233
11236
11243
11244
11249
11250
11251
11256
11258
11259
11260
11261
11262
11265
11266
11273
11275
11282
11284
11288
11289
11294
11297
11299
11300
11304
11305
11306
11308
11309
11310
11313
11314
11316
11317
11320
11323
11324
11329
11341
11346
11347
11352
11353
11354
11356
11358
11364
11371
11372
11373
11380
11385
11386
11388
11390
11391
11392
11396
11399
11400
11402
11407
11410
11412
11414
11422
11428
11431
11446
11450
11461
11465
11466
11467
11482
11484
11485
11486
11487
11490
11491
11492
11494
11497
11498
11502
11506
11507
11511
11512
11513
11515
11516
11517
11520
11522
11523
11524
11525
11526
11527
11552
11565
11569
11571
11572
11573
11575
11579
11581
11584
11585
11588
11592
11600
11601
11602
11603
11610
11614
11616
11617
11619
11620
11621
11622
11625
11629
11632
11633
11636
11642
11646
11647
11648
11649
11651
11652
11653
11655
11656
11657
11660
11661
11662
11668
11673
11674
11679
11681
11682
11685
11688
11693
11697
11698
11701
11702
11703
11704
11705
11707
11708
11710
11711
11712
11713
11714
11716
11719
11721
11722
11724
11726
11727
11729
11731
11732
11733
11735
11736
11739
11741
11745
11748
11752
11753
11755
11757
11766
11767
11768
11770
11771
11773
11775
11776
11778
11779
11780
11781
11782
11784
11786
11787
11789
11790
11791
11792
11794
11795
11796
11798
11799
11801
11802
11804
11807
11810
11812
11813
11815
11816
11817
11821
11822
11823
11825
11827
11829
11831
11834
11839
11844
11845
11846
11851
11855
11856
11857
11858
11859
11861
11862
11867
11870
11876
11877
11879
11881
11885
11891
11892
11894
11898
11900
11901
11905
11906
11908
11909
11910
11913
11914
11917
11921
11922
11925
11926
11927
11928
11929
11930
11931
11933
11934
11937
11938
11940
11944
11945
11946
11947
11949
11950
11956
11957
11958
11962
11967
11968
11969
11970
11973
11974
11977
11980
11982
11983
11986
11989
11991
11992
11993
11994
11996
11998
11999
12001
12002
12003
12005
12008
12011
12012
12014
12016
12017
12019
12021
12023
12024
12026
12027
12029
12033
12035
12038
12040
12042
12043
12046
12047
12050
12051
12055
12060
12061
12068
12069
12072
12073
12074
12075
12077
12079
12085
12088
12089
12091
12092
12093
12095
12103
12109
12110
12111
12112
12115
12117
12119
12120
12124
12125
12126
12130
12131
12132
12133
12134
12136
12137
12138
12139
12142
12144
12145
12149
12150
12151
12152
12153
12154
12155
12156
12158
12164
12165
12167
12168
12169
12170
12175
12176
12177
12180
12181
12184
12186
12187
12189
12190
12191
12192
12193
12195
12196
12197
12198
12201
12205
12206
12208
12209
12210
12212
12213
12214
12217
12220
12228
12230
12231
12234
12235
12244
12246
12247
12249
12252
12253
12255
12262
12265
12266
12737
12878
13341
13356
13375
13392
13420
13514
13538
13628
13832
13923
13927
13994
14002
14073
14169
14265
14314
14421
14506
14574
14706
14749
14835
14894
14933
14934
14946
15051
15097
15130
15312
15489
15851
15880
15914
15969
15993
16050
16061
16076
16089
16119
16167
16220
16245
16333
16371
16614
16645
16727
16775
16786
16792
16807
16822
16831
16931
16952
16958
16973
16992
17003
17007
17034
17059
17067
17090
17101
17116
17132
17170
17222
17228
17236
17250
17254
17298
17320
17330
17340
17422
17460
17486
17524
17526
17589
17679
17714
17739
17760
17796
17825
17847
17860
17880
17897
17925
17957
17971
18003
18013
18058
18069
18131
18134
18146
18149
18159
18313
18325
18343
18349
18393
18407
18496
18512
18581
18582
18596
18645
18649
18650
18670
18701
18704
18724
18726
18734
18771
18807
18814
18838
18897
18914
18925
18928
18929
18948
18954
18968
18970
18996
18999
19021
19056
19060
19106
19163
19184
19215
19355
19357
19371
19373
19400
19402
19438
19451
19509
19557
19607
19615
19631
19645
19676
19678
19687
19696
19700
19704
19707
19709
19711
19712
19718
19720
19724
19731
19734
19743
19750
19751
19758
19773
19782
19786
19794
19798
19801
19802
19810
19815
19819
19825
19826
19830
19834
19839
19841
19844
19846
19851
19861
19862
19865
19867
19870
19873
19876
19882
19884
19891
19903
19910
19915
19920
19922
19934
19941
19943
19947
19957
19960
19963
19967
19972
19975
19981
19991
19994
19998
20003
20006
20012
20016
20023
20025
20045
20049
20060
20091
20092
20097
20106
20143
20151
20157
20158
20159
20162
20165
20175
20204
20206
20207
20215
20225
20229
20230
20238
20240
20241
20248
20249
20255
20258
20260
20273
20275
20278
20279
20282
20284
20295
20302
20304
20305
20307
20314
20319
20320
20321
20322
20334
20356
20369
20370
20377
20390
20393
20397
20404
20408
20411
20434
20441
20453
20470
20472
20477
20478
20481
20482
20494
20496
20498
20501
20503
20508
20511
20512
20514
20521
20530
20531
20535
20536
20545
20547
20553
20554
20561
20562
20565
20569
20570
20577
20582
20588
20590
20591
20592
20596
20597
20598
20606
20607
20608
20609
20616
20620
20626
20631
20632
20646
20649
20661
20666
20680
20682
20684
20695
20696
20697
20704
20708
20711
20713
20714
20715
20722
20725
20727
20729
20732
20736
20737
20738
20742
20744
20747
20749
20756
20757
20759
20767
20769
20774
20782
20815
20817
20820
20821
20822
20826
20829
20831
20842
20844
20846
20852
20855
20857
20862
20869
20871
20872
20875
20884
20897
20901
20903
20908
20912
20914
20917
20922
20925
20932
20933
20935
20939
20940
20948
20949
20950
20961
20962
20964
20967
20968
20971
20983
20987
20998
20999
21003
21004
21008
21011
21013
21014
21027
21034
21045
21048
21050
21056
21062
21068
21069
21071
21072
21074
21078
21079
21081
21086
21088
21090
21092
21094
21098
21100
21105
21117
21126
21135
21139
21140
21148
21157
21162
21167
21172
21173
21174
21179
21185
21187
21190
21209
21211
21220
21222
21223
21229
21230
21232
21236
21237
21238
21241
21250
21252
21255
21258
21267
21268
21269
21270
21273
21276
21281
21284
21286
21287
21288
21292
21296
21301
21302
21306
21308
21309
21314
21317
21319
21322
21323
21324
21325
21330
21331
21343
21345
21351
21354
21357
21360
21366
21368
21370
21377
21379
21382
21386
21388
21389
21392
21394
21401
21407
21411
21419
21427
21428
21435
21441
21442
21450
21453
21457
21459
21462
21468
21470
21471
21472
21479
21485
21492
21508
21509
21525
21534
21539
21543
21545
21547
21550
21553
21554
21555
21557
21559
21564
21566
21569
21579
21580
21581
21589
21599
21609
21613
21632
21636
21651
21652
21672
21679
21680
21681
21693
21704
21715
21722
21725
21730
21738
21754
21758
21763
21773
21775
21778
21784
21798
21802
21810
21823
21830
21839
21841
21849
21850
21860
21870
21873
21875
21881
21887
21896
21927
21937
21942
21944
21946
21951
21959
21967
21968
21971
21977
21979
21999
22003
22013
22014
22019
22031
22032
22042
22047
22049
22050
22051
22057
22060
22063
22068
22069
22070
22071
22073
22074
22082
22083
22090
22096
22097
22099
22102
22112
22113
22116
22119
22125
22129
22135
22140
22150
22152
22157
22175
22177
22178
22185
22189
22196
22197
22204
22205
22207
22208
22210
22213
22218
22225
22226
22232
22243
22244
22245
22249
22265
22274
22276
22278
22280
22282
22285
22286
22287
22289
22303
22306
22307
22312
22319
22321
22324
22325
22330
22340
22344
22362
22369
22373
22378
22391
22393
22402
22406
22423
22429
22431
22436
22441
22449
22453
22457
22460
22465
22472
22479
22507
22523
22528
22537
22540
22548
22550
22555
22558
22560
22571
22574
22579
22581
22583
22587
22588
22589
22593
22597
22600
22607
22608
22635
22638
22640
22644
22649
22673
22678
22680
22686
22693
22704
22723
22725
22728
22734
22737
22753
22768
22773
22774
22778
22782
22792
22798
22822
22831
22843
22856
22883
22884
22895
22908
22909
22910
22918
22920
22924
22933
22936
22940
22949
22950
22961
22966
22969
22978
22983
22988
23001
23002
23018
23022
23027
23034
23044
23048
23051
23054
23057
23062
23065
23069
23074
23083
23088
23093
23099
23104
23110
23114
23122
23125
23130
23133
23138
23139
23140
23141
23148
23153
23154
23155
23165
23166
23168
23179
23185
23190
23191
23192
23195
23199
23200
23203
23212
23224
23229
23242
23245
23250
23253
23255
23257
23260
23263
23264
23267
23268
23270
23276
23277
23287
23289
23290
23295
23301
23302
23303
23344
23351
23365
23378
23381
23383
23394
23396
23405
23406
23409
23419
23426
23430
23431
23463
23469
23485
23489
23490
23503
23511
23513
23514
23538
23560
23567
23569
23576
23584
23622
23627
23631
23632
23637
23644
23651
23653
23657
23661
23670
23680
23681
23683
23687
23707
23714
23717
23725
23735
23736
23738
23754
23764
23781
23791
23793
23801
23813
23823
23831
23839
23846
23856
23865
23870
23881
23883
23888
23894
23897
23902
23912
23913
23915
23916
23921
23923
23925
23937
23940
23946
23952
23955
23959
23965
23984
23987
23990
23996
24004
24005
24009
24015
24021
24059
24063
24065
24066
24069
24075
24094
24101
24105
24109
24113
24128
24129
24131
24135
24136
24138
24139
24141
24144
24145
24151
24154
24159
24160
24162
24168
24170
24183
24187
24204
24214
24215
24218
24225
24230
24236
24239
24250
24259
24263
24265
24270
24276
24277
24279
24280
24281
24286
24297
24305
24306
24308
24311
24324
24328
24330
24335
24341
24354
24356
24364
24366
24372
24383
24385
24387
24396
24397
24401
24407
24415
24416
24433
24449
24455
24469
24479
24481
24482
24485
24487
24488
24490
24491
24494
24515
24520
24528
24551
24558
24559
24561
24564
24572
24576
24585
24590
24596
24597
24599
24604
24605
24608
24610
24626
24634
24643
24648
24666
24681
24699
24701
24702
24710
24711
24718
24730
24754
24764
24768
24793
24802
24805
24809
24817
24821
24823
24827
24829
24833
24838
24851
24867
24868
24869
24878
24882
24887
24894
24901
24902
24914
24921
24942
24943
24947
24949
24961
24962
24999
25001
25003
25013
25024
25025
25042
25086
25095
25097
25100
25113
25123
25126
25134
25144
25153
25160
25164
25165
25173
25174
25188
25195
25196
25201
25205
25217
25225
25274
25279
25297
25316
25317
25320
25322
25325
25342
25345
25356
25357
25361
25367
25399
25421
25422
25427
25430
25442
25449
25452
25476
25487
25488
25497
25502
25525
25548
25551
25553
25556
25558
25562
25566
25571
25578
25579
25588
25589
25598
25602
25603
25620
25628
25630
25632
25636
25637
25640
25650
25657
25658
25672
25675
25681
25688
25690
25703
25720
25721
25733
25761
25769
25771
25775
25776
25785
25789
25798
25799
25804
25810
25825
25842
25844
25858
25864
25868
25876
25878
25881
25886
25887
25895
25896
25900
25901
25905
25923
25925
25936
25939
25951
25966
25975
25977
25986
25988
25989
25995
26001
26002
26012
26014
26018
26019
26022
26023
26026
26028
26049
26064
26065
26075
26079
26105
26120
26131
26132
26134
26140
26143
26150
26159
26160
26178
26182
26189
26196
26197
26207
26209
26210
26227
26237
26240
26245
26262
26270
26279
26285
26296
26297
26300
26305
26329
26343
26346
26368
26380
26381
26390
26393
26394
26402
26405
26416
26422
26429
26435
26439
26447
26449
26451
26470
26494
26497
26507
26508
26514
26521
26526
26530
26541
26546
26552
26557
26579
26589
26603
26614
26633
26634
26635
26639
26645
26647
26648
26649
26658
26679
26690
26716
26730
26747
26755
26757
26759
26762
26763
26766
26772
26774
26775
26777
26783
26792
26796
26807
26816
26820
26837
26839
26844
26848
26849
26852
26865
26881
26882
26888
26894
26898
26902
26903
26910
26913
26919
26927
26930
26937
26951
26954
26956
26958
26961
26962
26963
26968
26970
26971
26981
26985
26987
26995
26996
26997
27001
27003
27007
27013
27024
27027
27031
27038
27039
27042
27044
27049
27050
27053
27058
27059
27071
27075
27078
27080
27082
27086
27090
27095
27109
27115
27132
27134
27138
27142
27143
27160
27161
27164
27167
27171
27184
27188
27189
27191
27197
27201
27206
27218
27219
27221
27224
27244
27247
27257
27267
27285
27289
27300
27304
27307
27312
27326
27327
27330
27336
27339
27347
27349
27352
27356
27364
27375
27376
27381
27402
27406
27420
27427
27433
27451
27455
27464
27471
27475
27487
27497
27498
27511
27515
27528
27532
27538
27541
27545
27548
27553
27559
27561
27567
27569
27573
27581
27589
27593
27605
27606
27636
27643
27657
27668
27669
27682
27701
27703
27706
27710
27721
27722
27727
27743
27746
27747
27752
27762
27768
27771
27772
27780
27787
27789
27790
27792
27795
27804
27816
27826
27831
27833
27838
27856
27859
27864
27866
27867
27878
27882
27884
27899
27909
27917
27919
27924
27928
27931
27932
27939
27943
27945
27951
27970
27974
27984
28008
28009
28020
28023
28034
28038
28045
28052
28055
28063
28074
28081
28085
28114
28115
28120
28125
28137
28159
28160
28169
28180
28185
28186
28187
28195
28198
28201
28203
28214
28217
28220
28222
28223
28225
28228
28231
28239
28246
28248
28250
28252
28254
28260
28267
28276
28284
28296
28300
28309
28312
28322
28340
28344
28357
28377
28389
28403
28409
28421
28427
28451
28461
28466
28470
28473
28487
28498
28501
28516
28536
28558
28566
28570
28572
28574
28594
28617
28632
28634
28640
28641
28642
28654
28660
28666
28672
28685
28690
28703
28711
28730
28750
28758
28759
28763
28765
28770
28793
28796
28823
28826
28841
28843
28853
28872
28877
28901
28926
28932
28933
28935
28953
28968
28972
28979
28981
28985
28996
28999
29014
29036
29059
29065
29083
29086
29091
29092
29094
29099
29112
29138
29172
29183
29196
29235
29259
29265
29266
29268
29272
29294
29306
29312
29317
29322
29329
29332
29336
29349
29355
29361
29364
29368
29374
29377
29379
29386
29394
29404
29409
29418
29421
29428
29431
29433
29453
29457
29459
29461
29475
29483
29484
29489
29491
29495
29501
29507
29511
29512
29516
29528
29536
29543
29557
29561
29581
29582
29587
29597
29598
29600
29603
29606
29611
29620
29626
29634
29641
29647
29650
29657
29670
29693
29696
29706
29710
29712
29728
29732
29768
29782
29784
29792
29821
29828
29834
29848
29849
29852
29860
29861
29866
29874
29875
29902
29926
29970
29982
29985
29997
29998
30011
30012
30020
30028
30031
30035
30060
30092
30105
30113
30130
30140
30148
30153
30154
30174
30194
30197
30198
30210
30223
30229
30231
30232
30245
30290
30299
30316
30323
30335
30340
30341
30342
30354
30364
30374
30377
30382
30390
30395
30396
30400
30408
30412
30416
30430
30443
30444
30446
30459
30470
30471
30496
30497
30516
30525
30536
30544
30555
30556
30573
30578
30579
30585
30586
30597
30602
30603
30615
30650
30671
30673
30686
30692
30694
30713
30714
30726
30732
30733
30735
30740
30747
30757
30762
30773
30787
30791
30798
30808
30809
30826
30836
30840
30841
30847
30852
30859
30867
30872
30877
30884
30899
30900
30919
30938
30940
30942
30954
30962
30963
30967
30974
30982
30985
30994
30996
30998
31008
31009
31015
31021
31025
31026
31029
31031
31036
31042
31043
31047
31049
31056
31057
31064
31074
31083
31085
31096
31101
31136
31165
31170
31188
31215
31217
31236
31249
31260
31266
31269
31273
31283
31288
31301
31308
31322
31335
31346
31347
31358
31360
31361
31370
31379
31380
31406
31408
31415
31421
31435
31469
31471
31479
31509
31515
31531
31542
31547
31553
31557
31574
31579
31584
31586
31590
31618
31624
31634
31640
31646
31648
31657
31661
31664
31666
31668
31677
31678
31681
31689
31701
31705
31706
31709
31719
31721
31724
31729
31739
31749
31767
31769
31770
31772
31774
31786
31796
31799
31801
31808
31817
31836
31843
31847
31860
31876
31881
31895
31919
31974
31982
31983
31990
31998
32002
32004
32008
32021
32025
32034
32051
32052
32057
32058
32065
32069
32070
32073
32114
32121
32158
32164
32183
32213
32216
32218
32225
32227
32250
32262
32280
32286
32288
32304
32342
32344
32349
32356
32357
32359
32363
32365
32370
32383
32384
32404
32407
32432
32444
32450
32473
32489
32491
32501
32504
32511
32523
32533
32534
32540
32547
32567
32573
32586
32587
32589
32600
32606
32611
32631
32633
32641
32651
32657
32674
32677
32692
32693
32714
32717
32731
32739
32748
32779
32784
32785
32789
32795
32798
32831
32836
32838
32847
32862
32868
32872
32873
32904
32926
32931
32942
32946
32951
32960
32971
32974
32976
32993
32995
32999
33003
33008
33015
33043
33047
33060
33061
33075
33086
33095
33099
33106
33112
33117
33128
33134
33155
33162
33171
33178
33184
33186
33187
33196
33197
33200
33202
33211
33234
33238
33258
33259
33265
33269
33270
33271
33273
33284
33286
33290
33298
33303
33305
33313
33314
33319
33320
33326
33331
33336
33354
33372
33376
33378
33385
33387
33421
33435
33437
33442
33446
33448
33452
33456
33457
33461
33465
33471
33481
33490
33507
33509
33542
33558
33566
33582
33586
33597
33606
33614
33630
33662
33664
33682
33692
33694
33695
33716
33728
33729
33739
33763
33789
33805
33816
33824
33825
33829
33847
33856
33871
33884
33891
33892
33912
33929
33930
33938
33948
33949
33960
33973
33989
34011
34075
34083
34095
34113
34122
34124
34138
34158
34172
34187
34195
34217
34230
34243
34248
34287
34291
34299
34304
34320
34328
34348
34363
34367
34394
34399
34421
34429
34432
34435
34441
34446
34449
34463
34471
34472
34482
34485
34491
34499
34503
34522
34536
34546
34547
34561
34562
34572
34610
34616
34633
34642
34646
34673
34677
34715
34729
34731
34744
34753
34755
34759
34769
34794
34804
34810
34811
34814
34829
34832
34835
34838
34839
34844
34853
34866
34877
34882
34884
34885
34890
34899
34905
34906
34910
34933
34943
34944
34946
34970
34994
35011
35025
35056
35065
35106
35115
35118
35123
35134
35173
35174
35180
35230
35242
35246
35252
35289
35334
35340
35350
35351
35364
35373
35381
35383
35387
35390
35395
35402
35404
35415
35437
35451
35455
35456
35470
35498
35544
35559
35582
35606
35647
35653
35658
35678
35681
35682
35688
35712
35732
35736
35766
35798
35800
35808
35817
35826
35829
35845
35896
35898
35910
35923
35934
35935
35958
35965
35994
36009
36014
36032
36037
36055
36060
36063
36068
36084
36094
36104
36122
36123
36126
36161
36179
36188
36196
36197
36199
36204
36211
36212
36213
36218
36222
36227
36249
36254
36268
36271
36272
36273
36290
36311
36315
36326
36354
36366
36391
36419
36458
36481
36489
36519
36590
36591
36601
36610
36617
36628
36631
36683
36700
36704
36705
36730
36733
36747
36770
36781
36792
36802
36848
36855
36856
36876
36886
36898
36900
36904
36930
36953
36972
36994
36996
37000
37009
37014
37015
37019
37038
37048
37052
37112
37123
37148
37149
37157
37177
37188
37204
37222
37223
37245
37250
37302
37318
37342
37343
37349
37363
37376
37379
37380
37381
37392
37398
37399
37401
37416
37420
37438
37444
37448
37451
37494
37496
37500
37517
37526
37529
37579
37598
37619
37644
37651
37655
37657
37669
37674
37710
37713
37717
37718
37727
37760
37775
37785
37810
37812
37825
37827
37842
37858
37863
37896
37914
37928
37963
37977
38055
38096
38108
38125
38126
38136
38138
38145
38157
38159
38162
38172
38173
38183
38191
38230
38267
38286
38304
38310
38318
38329
38351
38362
38365
38368
38392
38409
38419
38422
38423
38427
38429
38443
38444
38459
38462
38482
38490
38494
38495
38505
38548
38550
38576
38579
38600
38601
38602
38607
38625
38631
38645
38651
38660
38668
38689
38699
38711
38722
38740
38743
38763
38767
38788
38798
38841
38855
38860
38864
38882
38889
38970
38979
39001
39003
39044
39045
39052
39056
39065
39085
39097
39099
39100
39110
39142
39148
39174
39193
39201
39206
39208
39210
39211
39227
39248
39268
39310
39312
39321
39327
39356
39375
39383
39386
39387
39400
39419
39429
39435
39438
39447
39450
39452
39459
39480
39486
39489
39514
39517
39547
39555
39570
39581
39587
39589
39644
39653
39675
39694
39712
39713
39717
39731
39744
39748
39751
39758
39770
39777
39789
39827
39829
39839
39851
39862
39881
39904
39915
39918
39921
39924
39928
39944
39949
39955
39979
39987
39992
39996
39997
39999
40003
40033
40034
40039
40057
40070
40111
40128
40135
40167
40176
40177
40186
40188
40197
40215
40223
40236
40237
40247
40258
40264
40273
40283
40292
40299
40300
40328
40355
40365
40371
40382
40408
40417
40436
40445
40449
40470
40473
40497
40507
40515
40523
40529
40540
40543
40552
40583
40592
40608
40641
40644
40649
40654
40663
40678
40684
40701
40709
40714
40740
40763
40783
40788
40790
40823
40825
40826
40838
40846
40848
40869
40890
40904
40922
40935
40942
40951
40971
41002
41014
41017
41023
41025
41030
41034
41038
41040
41065
41086
41093
41111
41141
41148
41154
41156
41165
41178
41185
41218
41230
41232
41234
41236
41269
41288
41306
41337
41350
41351
41358
41359
41363
41369
41372
41373
41378
41387
41388
41390
41404
41405
41416
41424
41442
41451
41480
41484
41543
41595
41615
41620
41622
41623
41640
41651
41667
41675
41707
41726
41744
41750
41774
41781
41832
41853
41885
41897
41910
41917
41941
41985
41992
42035
42083
42088
42096
42097
42122
42145
42160
42161
42175
42189
42193
42202
42230
42249
42295
42298
42299
42309
42383
42392
42428
42450
42463
42493
42497
42503
42506
42513
42526
42550
42569
42580
42582
42600
42625
42634
42682
42683
42717
42723
42749
42756
42764
42774
42780
42784
42843
42870
42881
42886
42896
42900
42907
42935
42970
42977
42984
42996
42997
43000
43037
43039
43051
43069
43074
43077
43078
43079
43097
43159
43171
43180
43195
43206
43228
43275
43283
43300
43310
43315
43327
43330
43351
43359
43375
43385
43405
43406
43418
43421
43424
43431
43440
43444
43446
43449
43451
43468
43476
43477
43478
43479
43507
43552
43557
43576
43579
43582
43586
43595
43596
43610
43612
43615
43617
43636
43641
43659
43663
43664
43671
43673
43675
43679
43681
43686
43698
43708
43727
43730
43738
43742
43744
43746
43790
43803
43806
43808
43812
43834
43835
43846
43865
43878
43886
43887
43888
43893
43901
43904
43905
43910
43911
43917
43919
43927
43929
43932
43934
43935
43936
43937
43947
43948
43952
43965
44021
44028
44031
44039
44042
44044
44046
44049
44059
44071
44111
44128
44134
44141
44148
44150
44152
44183
44213
44220
44238
44241
44248
44249
44260
44262
44263
44297
44301
44318
44320
44328
44335
44336
44343
44349
44356
44359
44360
44371
44412
44419
44432
44447
44463
44479
44487
44489
44528
44532
44536
44554
44565
44567
44569
44571
44574
44578
44580
44581
44583
44585
44594
44596
44601
44602
44612
44621
44631
44632
44640
44658
44659
44661
44664
44666
44667
44676
44686
44688
44689
44691
44694
44695
44704
44706
44707
44708
44715
44735
44738
44742
44754
44756
44760
44762
44767
44777
44780
44786
44787
44809
44841
44842
44863
44871
44896
44905
44909
44914
44934
44944
44961
44971
44978
44986
44991
44992
44996
45001
45003
45007
45015
45025
45048
45055
45060
45061
45077
45079
45082
45087
45089
45093
45097
45100
45103
45105
45107
45110
45117
45122
45126
45127
45139
45147
45164
45170
45174
45178
45183
45189
45192
45195
45200
45207
45218
45234
45235
45241
45244
45245
45251
45252
45255
45261
45268
45274
45277
45283
45289
45296
45298
45305
45309
45323
45343
45344
45356
45359
45360
45361
45363
45380
45384
45385
45393
45399
45406
45408
45412
45417
45427
45431
45447
45455
45457
45463
45466
45469
45475
45478
45479
45483
45490
45494
45500
45502
45519
45522
45533
45540
45541
45543
45553
45559
45561
45562
45563
45570
45588
45589
45596
45611
45634
45637
45655
45657
45664
45668
45673
45677
45702
45713
45714
45722
45729
45734
45738
45741
45749
45751
45762
45765
45766
45768
45769
45776
45784
45789
45792
45796
45803
45804
45808
45812
45814
45818
45819
45826
45829
45835
45839
45840
45843
45846
45847
45851
45853
45857
45862
45864
45873
45874
45875
45878
45880
45886
45887
45897
45899
45900
45901
45904
45909
45911
45915
45917
45920
45927
45929
45933
45940
45941
45947
45951
45956
45972
45973
45989
45993
45997
46006
46008
46020
46035
46038
46041
46078
46133
46137
46211
46217
46228
46257
46273
46284
46306
46328
46330
46406
46422
46472
46482
46486
46558
46566
46567
46582
46586
46626
46636
46637
46649
46653
46654
46662
46763
46793
46828
46860
46874
46878
46885
46887
46939
46951
47048
47067
47097
47111
47160
47182
47184
47259
47277
47306
47371
47391
47415
47425
47456
47470
47479
47485
47503
47515
47566
47611
47637
47679
47692
47715
47719
47736
47737
47741
47744
47745
47755
47772
47782
47793
47858
47880
47905
47919
47995
48018
48051
48173
48180
48184
48218
48228
48301
48302
48315
48330
48340
48355
48391
48392
48412
48425
48457
48466
48469
48479
48488
48494
48512
48519
48524
48533
48534
48535
48548
48565
48576
48621
48625
48637
48667
48683
48694
48745
48782
48786
48800
48813
48836
48862
48867
48887
48889
48924
48935
48947
49013
49027
49032
49033
49077
49094
49099
49110
49116
49126
49152
49158
49170
49204
49224
49230
49281
49288
49302
49366
49372
49378
49384
49391
49394
49437
49451
49452
49459
49482
49509
49518
49522
49552
49555
49560
49571
49574
49578
49608
49622
49651
49665
49694
49721
49782
49783
49811
49817
49835
49841
49856
49874
49897
49904
49917
49921
49929
49953
49975
50013
50017
50041
50046
50090
50119
50130
50152
50154
50183
50186
50224
50250
50274
50286
50331
50336
50346
50364
50370
50371
50375
50395
50403
50405
50427
50446
50456
50469
50476
50480
50509
50521
50528
50551
50552
50555
50560
50622
50627
50633
50635
50639
50652
50658
50667
50685
50695
50717
50719
50756
50787
50843
50844
50857
50863
50869
50873
50894
50911
50944
50977
50978
50984
50993
51052
51061
51064
51071
51097
51103
51133
51155
51163
51164
51165
51183
51186
51188
51194
51211
51228
51230
51232
51264
51291
51296
51298
51304
51307
51321
51322
51330
51392
51393
51397
51417
51423
51428
51437
51448
51449
51452
51458
51460
51465
51471
51475
51479
51481
51487
51489
51494
51503
51510
51515
51530
51536
51541
51544
51545
51552
51558
51573
51584
51585
51595
51601
51603
51610
51611
51634
51635
51649
51668
51675
51691
51696
51701
51715
51716
51724
51735
51743
51756
51763
51777
51784
51787
51788
51790
51799
51819
51820
51824
51825
51830
51834
51835
51842
51844
51853
51854
51857
51863
51864
51868
51880
51881
51884
51886
51893
51897
51900
51902
51928
51931
51940
51944
51945
51948
51949
51960
51966
51974
51983
51989
51991
51993
51996
52004
52006
52011
52013
52014
52017
52022
52030
52035
52040
52047
52057
52066
52067
52076
52089
52103
52113
52115
52118
52125
52134
52137
52147
52158
52162
52173
52176
52180
52198
52211
52219
52221
52225
52233
52241
52247
52257
52264
52269
52281
52292
52294
52295
52299
52300
52303
52306
52310
52316
52343
52352
52366
52368
52370
52379
52382
52383
52390
52393
52404
52419
52420
52425
52427
52439
52450
52452
52463
52477
52482
52510
52511
52515
52524
52531
52546
52552
52556
52563
52573
52595
52607
52611
52633
52639
52644
52648
52682
52684
52690
52692
52696
52709
52713
52715
52723
52732
52736
52753
52760
52762
52769
52780
52781
52787
52814
52819
52829
52833
52845
52859
52882
52884
52900
52901
52911
52920
52930
52959
52964
52986
53005
53032
53058
53068
53073
53081
53087
53091
53109
53117
53149
53152
53180
53184
53203
53207
53208
53216
53227
53229
53237
53261
53270
53289
53291
53297
53298
53299
53301
53304
53311
53314
53318
53322
53323
53326
53339
53349
53356
53360
53367
53368
53396
53406
53410
53416
53417
53420
53428
53435
53441
53464
53480
53488
53494
53523
53528
53532
53539
53545
53548
53555
53561
53563
53584
53595
53607
53618
53626
53631
53658
53667
53682
53688
53691
53698
53700
53702
53708
53713
53714
53726
53740
53741
53744
53760
53774
53802
53806
53811
53812
53845
53860
53861
53872
53876
53890
53901
53915
53924
53928
53941
53947
53956
53981
53997
53999
54010
54012
54022
54041
54049
54054
54093
54101
54113
54122
54127
54141
54164
54166
54179
54190
54205
54211
54247
54257
54267
54332
54359
54431
54446
54598
54625
54651
54653
54662
54692
54696
54697
54705
54721
54727
54779
54807
54814
54900
54901
54904
54905
54906
54917
54934
54960
55008
55021
55037
55070
55081
55087
55091
55094
55116
55129
55151
55159
55168
55249
55265
55270
55271
55294
55298
55331
55373
55380
55387
55403
55404
55410
55416
55424
55425
55426
55445
55457
55470
55472
55492
55493
55501
55502
55505
55516
55521
55559
55560
55561
55597
55605
55614
55621
55644
55645
55680
55690
55691
55698
55717
55738
55745
55753
55771
55791
55797
55844
55857
55869
55907
55926
55927
55928
55952
55959
55970
55972
56014
56031
56063
56079
56106
56149
56169
56198
56213
56242
56277
56305
56334
56336
56354
56355
56356
56365
56372
56376
56395
56464
56502
56522
56531
56533
56602
56655
56689
56694
56711
56712
56717
56723
56738
56746
56794
56810
56853
56857
56917
56949
56968
56972
56992
57021
57034
57052
57054
57078
57110
57121
57135
57160
57161
57164
57191
57217
57218
57281
57283
57336
57351
57366
57394
57421
57442
57450
57460
57472
57481
57484
57485
57496
57512
57521
57533
57553
57564
57599
57600
57623
57633
57636
57637
57644
57648
57653
57657
57681
57682
57703
57704
57723
57727
57743
57744
57747
57758
57768
57783
57785
57787
57788
57800
57812
57835
57838
57841
57873
57880
57885
57906
57910
57936
57956
57965
57980
58000
58006
58027
58040
58054
58057
58060
58061
58095
58112
58113
58115
58139
58170
58218
58244
58271
58277
58282
58283
58285
58286
58300
58318
58347
58379
58388
58396
58409
58412
58413
58433
58438
58441
58443
58461
58468
58488
58489
58507
58515
58527
58533
58547
58551
58569
58584
58600
58601
58661
58665
58683
58688
58699
58704
58728
58750
58763
58785
58799
58810
58812
58817
58834
58842
58845
58875
58879
58881
58882
58903
58915
58924
58932
58935
58937
58962
58975
58978
58986
59019
59021
59029
59043
59047
59051
59053
59056
59061
59062
59088
59091
59093
59094
59095
59111
59116
59128
59129
59138
59157
59163
59170
59176
59181
59190
59197
59216
59219
59232
59233
59236
59247
59248
59256
59259
59262
59312
59315
59323
59326
59335
59339
59349
59350
59358
59364
59368
59378
59382
59384
59386
59398
59401
59402
59409
59417
59422
59429
59441
59446
59447
59452
59456
59458
59463
59464
59466
59479
59481
59485
59488
59493
59495
59504
59507
59508
59514
59532
59534
59538
59541
59543
59571
59573
59578
59579
59585
59590
59591
59595
59600
59608
59618
59619
59622
59632
59636
59638
59652
59660
59662
59677
59686
59696
59697
59699
59701
59706
59718
59723
59737
59744
59752
59759
59771
59782
59794
59795
59806
59810
59813
59830
59834
59844
59848
59859
59866
59868
59876
59880
59882
59900
59904
59905
59912
59913
59924
59928
59935
59936
59940
59942
59953
59954
59958
59959
59961
59964
59968
59978
59988
59999
60001
60009
60012
60016
60019
60021
60045
60057
60070
60080
60082
60099
60105
60108
60123
60131
60135
60144
60146
60147
60168
60169
60172
60175
60194
60198
60204
60205
60208
60218
60219
60224
60246
60250
60254
60257
60294
60309
60321
60323
60332
60340
60345
60351
60352
60364
60376
60378
60379
60380
60384
60390
60393
60401
60406
60411
60412
60413
60414
60429
60433
60437
60440
60442
60445
60453
60468
60471
60474
60477
60481
60483
60484
60489
60496
60499
60516
60661
60662
60667
60682
60691
60711
60736
60771
60819
60823
60914
60987
60998
61062
61068
61069
61132
61145
61147
61149
61170
61230
61240
61241
61257
61277
61289
61291
61305
61347
61363
61364
61388
61424
61425
61435
61446
61451
61457
61459
61577
61586
61588
61599
61600
61650
61663
61682
61683
61687
61698
61702
61723
61732
61793
61798
61799
61809
61833
61849
61850
61852
61858
61864
61871
61872
61881
61886
61915
61924
61934
61937
61948
61955
61985
62001
62003
62006
62010
62019
62022
62053
62062
62069
62073
62076
62081
62082
62106
62116
62123
62125
62142
62149
62159
62161
62173
62177
62187
62190
62203
62218
62224
62231
62234
62242
62243
62244
62249
62250
62254
62286
62295
62296
62304
62324
62328
62349
62394
62397
62411
62424
62440
62442
62448
62450
62466
62468
62481
62511
62514
62517
62525
62530
62561
62570
62579
62588
62625
62640
62646
62657
62685
62689
62694
62696
62705
62719
62720
62722
62723
62737
62749
62753
62771
62774
62806
62807
62816
62841
62848
62856
62863
62864
62868
62871
62878
62888
62890
62893
62920
62921
62925
62948
62951
62952
62963
62966
62986
62987
62993
62994
62998
63015
63025
63037
63052
63053
63066
63069
63079
63087
63100
63109
63115
63132
63134
63135
63146
63166
63182
63217
63222
63225
63286
63293
63298
63303
63305
63315
63317
63318
63321
63328
63347
63349
63357
63359
63360
63362
63382
63385
63399
63403
63405
63413
63417
63435
63439
63442
63444
63449
63454
63455
63465
63467
63475
63484
63512
63550
63551
63575
63578
63582
63653
63666
63724
63737
63787
63789
63793
63796
63802
63804
63818
63824
63833
63845
63846
63864
63867
63888
63903
63904
63916
63917
63946
63948
63952
63998
64009
64017
64036
64052
64057
64077
64080
64083
64099
64100
64112
64118
64141
64152
64155
64156
64160
64187
64201
64204
64207
64217
64244
64245
64247
64270
64307
64375
64452
64471
64473
64517
64544
64553
64566
64576
64617
64631
64648
64722
64723
64737
64790
64803
64813
64874
64879
64929
64948
64950
64990
65004
65011
65053
65084
65121
65161
65218
65266
65295
65316
65317
65318
65380
65381
65388
65398
65522
65590
65594
65610
65648
65660
65664
65668
65697
65700
65737
65751
65763
65821
65856
65874
65883
65925
65931
66003
66021
66030
66045
66056
66061
66066
66068
66116
66164
66176
66194
66199
66244
66298
66349
66350
66379
66431
66478
66510
66514
66538
66546
66579
66624
66655
66684
66711
66712
66746
66929
67005
67022
67025
67064
67076
67081
67102
67106
67113
67139
67158
67171
67204
67280
67283
67302
67304
67310
67338
67392
67397
67423
67444
67541
67579
67793
67847
67848
67883
67884
67981
67982
68065
68081
68220
68241
68259
68276
68290
68321
68352
68382
68461
68462
68483
68539
68540
68565
68621
68648
68653
68663
68718
68728
68752
68777
68829
68863
68871
68902
68930
68968
68973
69030
69049
69103
69138
69142
69213
69226
69246
69261
69359
69361
69394
69395
69401
69411
69432
69443
69458
69482
69489
69563
69576
69585
69600
69605
69630
69633
69637
69652
69662
69667
69686
69691
69719
69726
69733
69741
69753
69755
69761
69771
69784
69807
69872
69887
69892
69896
69913
69914
69928
69930
69954
69960
69979
69986
69998
70002
70007
70045
70051
70057
70061
70074
70081
70104
70111
70113
70122
70141
70146
70159
70169
70212
70217
70221
70226
70243
70253
70274
70305
70308
70312
70321
70334
70351
70352
70354
70359
70373
70383
70389
70397
70400
70408
70415
70416
70420
70427
70434
70436
70437
70477
70484
70489
70494
70504
70513
70515
70536
70549
70561
70569
70574
70575
70578
70587
70602
70606
70631
70635
70642
70643
70645
70647
70659
70672
70683
70690
70693
70701
70715
70721
70733
70758
70771
70773
70774
70783
70791
70801
70802
70816
70822
70834
70835
70868
70890
70895
70896
70903
70912
70934
70945
70946
70961
70992
71023
71029
71030
71047
71052
71057
71060
71075
71081
71086
71102
71114
71115
71125
71126
71133
71139
71141
71144
71160
71163
71167
71172
71189
71193
71195
71206
71210
71214
71215
71217
71221
71225
71230
71231
71232
71234
71237
71243
71245
71252
71258
71267
71270
71273
71292
71294
71295
71299
71300
71305
71308
71314
71324
71334
71343
71345
71346
71362
71368
71370
71377
71379
71384
71395
71396
71398
71404
71408
71409
71416
71418
71425
71434
71436
71439
71441
71450
71463
71464
71465
71469
71473
71477
71496
71508
71510
71512
71513
71522
71526
71533
71551
71555
71565
71568
71570
71574
71577
71579
71580
71586
71589
71591
71594
71605
71622
71626
71639
71647
71652
71656
71663
71665
71676
71684
71687
71696
71705
71719
71731
71737
71741
71744
71748
71780
71781
71795
71799
71804
71811
71830
71844
71846
71877
71880
71885
71900
71914
71917
71924
71929
71938
71948
71960
71976
71988
71989
71992
72005
72007
72021
72034
72035
72048
72051
72060
72067
72074
72078
72083
72084
72087
72101
72102
72107
72111
72115
72120
72123
72124
72132
72134
72135
72138
72140
72145
72160
72162
72164
72169
72186
72204
72242
72247
72256
72258
72264
72280
72294
72299
72303
72305
72308
72318
72327
72330
72335
72338
72341
72354
72357
72364
72369
72371
72392
72393
72401
72430
72434
72444
72448
72460
72466
72469
72480
72489
72493
72496
72507
72521
72522
72536
72540
72543
72553
72577
72583
72615
72698
72753
72773
72800
72814
72835
72975
73028
73038
73048
73074
73077
73108
73158
73189
73203
73204
73229
73234
73259
73267
73332
73334
73465
73481
73558
73599
73605
73633
73709
73779
73844
73865
73898
73952
73999
74056
74063
74094
74130
74144
74207
74226
74292
74310
74312
74334
74335
74346
74460
74479
74495
74517
74553
74640
74666
74713
74785
74786
74892
74902
74905
74918
74983
75006
75029
75031
75046
75112
75126
75173
75174
75177
75249
75269
75288
75311
75315
75339
75340
75346
75409
75412
75465
75512
75514
75525
75560
75587
75593
75598
75615
75616
75701
75714
75715
75725
75745
75753
75787
75792
75806
75828
75829
75837
75853
75862
75863
75906
75955
75961
75966
76003
76008
76044
76049
76064
76081
76099
76122
76166
76174
76240
76259
76277
76285
76286
76298
76338
76368
76397
76474
76478
76490
76507
76519
76524
76535
76537
76556
76561
76564
76583
76599
76607
76612
76623
76631
76635
76675
76696
76698
76732
76761
76767
76776
76778
76792
76795
76809
76836
76864
76891
76894
76897
76904
76915
76916
76920
76925
76931
76965
76974
76979
76980
77005
77006
77009
77051
77057
77059
77065
77103
77154
77165
77185
77251
77256
77288
77291
77382
77409
77422
77426
77430
77437
77440
77455
77548
77554
77564
77566
77570
77576
77577
77592
77608
77611
77636
77638
77653
77670
77675
77687
77696
77724
77738
77743
77746
77749
77762
77787
77794
77800
77811
77815
77823
77859
77875
77879
77885
77891
77900
77930
77935
77940
77942
77948
77952
77976
77982
77987
77992
77996
77997
77998
78000
78003
78012
78015
78027
78030
78038
78048
78080
78087
78088
78146
78156
78191
78193
84100
84114
84251
84266
84284
84294
84297
84314
84350
84366
84370
84374
84387
84390
84392
84395
84405
84408
84418
84421
84424
84439
84441
84445
84449
84454
84468
84470
84478
84487
84491
84508
84555
84562
84583
84586
84602
84611
84642
84669
84689
84697
84732
84776
84797
84815
84818
84841
84843
84863
84876
84897
84910
84934
84942
84957
84972
84986
84999
85030
85047
85051
85075
85078
85089
85100
85115
85130
85141
85147
85150
85175
85179
85198
85200
85207
85217
85224
85242
85245
85267
85271
85275
85280
85305
85306
85308
85326
85332
85340
85345
85363
85366
85369
85374
85397
85403
85409
85416
85423
86085
86097
86099
86121
86124
86131
86132
86155
86198
86199
86201
86204
86237
86274
86283
86330
86334
86338
86351
86352
86408
86434
86464
86484
86494
86497
86555
86559
86568
86639
86710
86711
86724
86835
86851
86862
86867
86868
86890
86931
86951
86975
87001
87037
87054
87055
87080
87132
87147
87158
87697
87748
87780
87790
87820
87821
87843
87917
87975
87996
88131
88143
88268
88353
88412
88526
88542
88594
88606
88657
88724
88829
88845
88906
88921
88937
88965
89014
89056
89058
89089
89131
89140
89165
89166
89173
89182
89227
89232
89254
89269
89305
89326
89426
89450
89478
89510
89513
89526
89548
89549
89550
89556
89572
89706
89747
89777
89792
89799
89825
89848
89966
89990
89992
90001
90007
90008
90009
90021
90058
90072
90118
90123
90155
90269
90270
90278
90324
90326
90350
90382
90388
90389
90416
90428
90466
90468
90482
90494
90529
90571
90581
90599
90605
90628
90656
90670
90719
90826
90835
90844
90865
90888
90889
90903
90907
90908
90945
90964
91019
91031
91050
91064
91097
91109
91144
91152
91161
91163
91170
91244
91254
91268
91274
91293
91300
91341
91363
91370
91380
91388
91409
91432
91457
91514
91583
91591
91602
91606
91619
91665
91677
91686
91696
91703
91711
91719
91733
91736
91743
91757
91760
91777
91783
91797
91799
91813
91818
91833
91841
91843
91845
91849
91850
91862
91864
91869
91877
91886
91903
91917
91918
91924
91938
91956
91966
91984
92027
92045
92090
92100
92102
92122
92135
92166
92175
92183
92207
92208
92209
92210
92227
92233
92251
92254
92288
92303
92346
92364
92396
92417
92426
92441
92443
92453
92454
92490
92518
92550
92562
92574
92578
92657
92672
92696
92720
92740
92749
92751
92776
92794
92810
92816
92822
92858
92861
92922
92923
92924
92943
92951
92961
92962
92964
92971
93013
93037
93051
93114
93126
93132
93149
93167
93191
93203
93213
93238
93240
93253
93314
93325
93345
93376
93428
93430
93439
93466
93500
93501
93521
93529
93560
93609
93610
93612
93613
93620
93637
93638
93639
93660
93664
93670
93680
93728
93749
93751
93764
93800
93801
93833
93841
93861
93891
93898
93914
94001
94008
94026
94032
94041
94079
94087
94115
94116
94120
94131
94133
94152
94164
94206
94242
94283
94287
94328
94341
94356
94358
94410
94413
94420
94469
94491
94500
94543
94562
94585
94586
94637
94670
94695
94733
94762
94813
94822
94829
94943
95006
95007
95039
95085
95086
95126
95127
95142
95179
95198
95219
95295
95352
95355
95356
95406
95415
95466
95473
95481
95486
95490
95508
95509
95575
95600
95602
95604
95620
95631
95653
95656
95669
95672
95691
95707
95721
95738
95740
95743
95769
95847
95861
95892
95895
95903
95940
95945
95946
95988
95997
96001
96005
96010
96012
96017
96019
96021
96030
96037
96039
96041
96062
96073
96076
96083
96084
96089
96090
96093
96099
96102
96112
96126
96133
96139
96142
96146
96147
96150
96152
96154
96155
96161
96168
96177
96199
96201
96205
96207
96213
96229
96239
96244
96246
96268
96269
96282
96304
96305
96314
96316
96335
96337
96348
96349
96356
96406
96411
96412
96413
96414
96429
96431
96438
96439
96449
96470
96477
96495
96504
96507
96514
96522
96532
96533
96538
96540
96555
96602
96608
96621
96640
96659
96667
96684
96715
96750
96770
96783
96797
96814
96831
96840
96846
96864
96867
96872
96874
96879
96884
96888
96890
96895
96898
96925
96931
96932
96933
96936
96937
96941
96946
96973
96981
97003
97008
97009
97017
97022
97029
97042
97046
97056
97065
97078
97082
97087
97089
97098
97126
97128
97135
97136
97137
97155
97174
97175
97180
97181
97189
97191
97193
97201
97204
97235
97250
97254
97255
97262
97270
97273
97284
97288
97290
97292
97297
97301
97308
97310
97313
97317
97320
97331
97333
97337
97348
97349
97351
97353
97358
97363
97371
97374
97377
97383
97386
97392
97406
97415
97416
97432
97437
97450
97456
97458
97459
97466
97473
97474
97479
97480
97487
97494
97499
97505
97510
97513
97525
97529
97535
97536
97538
97539
97546
97552
97557
97564
97567
97588
97590
97591
97596
97597
97602
97605
97613
97619
97624
97634
97637
97652
97653
97655
97658
97664
97665
97680
97682
97684
97687
97688
97701
97703
97704
97721
97726
97733
97740
97746
97750
97754
97758
97763
97765
97767
97783
97787
97788
97791
97809
97831
97836
97857
97868
97880
97883
97898
97901
97904
97915
97944
97951
97984
98036
98053
98093
98097
98177
98281
98323
98342
98364
98386
98415
98481
98495
98497
98528
98611
98612
98678
98720
98725
98743
98745
98760
98761
98780
98792
98800
98855
98884
98886
98935
98998
99009
99026
99036
99082
99087
99131
99175
99189
99192
99218
99226
99306
99318
99325
99332
99338
99368
99426
99479
99547
99615
99633
99670
99688
99724
99731
99742
99769
99772
99791
99866
99886
99896
99915
99921
99960
99983
100054
100059
100061
100091
100101
100125
100133
100138
100198
100234
100260
100268
100286
100316
100349
100401
100449
100515
100533
100653
100763
100785
100808
100823
100858
100914
100922
100941
100950
100960
100961
100985
101048
101092
101106
101108
101201
101230
101231
101238
101251
101266
101287
101293
101304
101306
101318
101324
101333
101341
101343
101374
101376
101381
101421
101429
101430
101431
101438
101444
101453
101461
101462
101464
101475
101480
101494
101516
101528
101530
101534
101546
101562
101572
101577
101583
101589
101598
101603
101615
101620
101621
101623
101632
101642
101658
101672
101684
101691
101697
101705
101713
101722
101724
101735
101747
101759
101770
101780
101783
101784
101790
101811
101815
101819
101823
101826
101839
101848
101854
101867
101869
101896
101923
101930
101937
101958
101969
101970
101977
101981
101989
101993
101998
102007
102041
102045
102056
102057
102063
102068
102090
102092
102099
102102
102139
102145
102154
102161
102165
102182
102190
102198
102203
102208
102216
102237
102239
102244
102268
102279
102281
102291
102301
102304
102310
102314
102319
102322
102326
102333
102343
102346
102350
102351
102357
102365
102366
102369
102373
102391
102410
102411
102412
102423
102428
102431
102432
102436
102441
102444
102448
102458
102459
102462
102464
102472
102477
102480
102483
102484
102488
102489
102490
102493
102496
102503
102512
102513
102514
102516
102517
102522
102528
102537
102540
102546
102548
102555
102571
102588
102591
102605
102610
102654
102661
102672
102705
102753
102754
102778
102787
102788
102829
102847
102876
102878
102906
102912
102976
103018
103034
103064
103075
103094
103115
103136
103137
103139
103152
103157
103160
103162
103183
103198
103203
103256
103260
103261
103270
103271
103285
103309
103327
103348
103351
103398
103400
103401
103429
103430
103431
103476
103504
103509
103512
103515
103524
103531
103541
103543
103544
103545
103546
103563
103566
103605
103614
103615
103624
103633
103639
103644
103653
103654
103657
103670
103674
103746
103747
103751
103761
103835
103839
103840
103868
103870
103878
103879
103880
103914
103915
103928
103929
103946
103950
103981
103988
104009
104010
104012
104034
104056
104069
104074
104096
104125
104139
104146
104160
104173
104201
104211
104260
104262
104270
104290
104313
104319
104346
104371
104393
104461
104479
104492
104493
104499
104517
104539
104540
104569
104590
104602
104617
104633
104634
104652
104658
104659
104661
104712
104715
104743
104757
104762
104765
104767
104777
104793
104796
104809
104856
104910
104921
104931
104945
104947
105011
105012
105023
105036
105044
105045
105077
105109
105117
105133
105172
105192
105215
105244
105245
105275
105292
105321
105323
105340
105341
105355
105373
105377
105379
105394
105415
105425
105446
105448
105449
105453
105481
105493
105505
105518
105537
105541
105550
105558
105560
105566
105570
105571
105616
105620
105629
105630
105653
105659
105676
105677
105706
105719
105725
105760
105781
105793
105802
105812
105837
105838
105860
105879
105884
105903
105904
105930
105954
105984
105991
105996
106014
106034
106044
106047
106075
106096
106120
106193
106218
106227
106246
106252
106266
106281
106362
106380
106445
106538
106550
106569
106579
106621
106626
106645
106667
106671
106684
106726
106731
106750
106754
106756
106785
106847
106859
106874
106901
106922
106957
106981
106983
106990
107019
107057
107092
107094
107117
107127
107156
107189
107190
107232
107256
107260
107306
107331
107345
107353
107357
107360
107367
107380
107407
107427
107431
107454
107458
107464
107482
107486
107516
107541
107542
107551
107554
107592
107603
107622
107637
107644
107649
107657
107706
107760
107765
107773
107779
107781
107808
107825
107851
107875
107894
107916
107929
107946
107953
107964
108000
108009
108063
108085
108092
108131
108147
108149
108151
108168
108181
108188
108243
108246
108253
108301
108324
108325
108333
108381
108382
108401
108402
108404
108415
108422
108430
108466
108503
108507
108515
108528
108553
108565
108566
108572
108577
108599
108626
108630
108664
108685
108706
108715
108730
108738
108746
108753
108771
108778
108780
108785
108797
108822
108827
108832
108840
108859
108863
108868
108889
108930
108934
108986
109004
109015
109017
109025
109039
109043
109071
109106
109130
109161
109163
109195
109240
109247
109268
109289
109291
109344
109354
109380
109381
109382
109388
109433
109438
109439
109449
109479
109494
109505
109514
109515
109536
109541
109542
109545
109549
109557
109558
109568
109609
109640
109657
109660
109667
109676
109677
109680
109685
109688
109696
109699
109711
109727
109763
109766
109769
109775
109782
109799
109809
109819
109826
109828
109836
109846
109861
109890
109892
109898
109899
109909
109918
109931
109936
109978
109984
109995
110012
110030
110034
110041
110043
110185
110187
110221
110222
110239
110263
110282
110284
110307
110324
110354
110381
110388
110416
110421
110426
110441
110456
110518
110538
110540
110557
110576
110577
110591
110659
110661
110675
110681
110704
110727
110732
110751
110757
110768
110774
110786
110787
110795
110797
110826
110827
110831
110843
110865
110871
110884
110905
110918
110922
110976
110989
111032
111043
111062
111126
111148
111156
111157
111158
111166
111205
111249
111260
111289
111300
111313
111319
111334
111367
111371
111397
111402
111419
111436
111458
111468
111533
111553
111555
111565
111567
111595
111634
111652
111670
111682
111687
111693
111742
111749
111790
111793
111807
111831
111839
111851
111854
111878
111879
111926
111981
112032
112043
112045
112057
112083
112114
112127
112172
112207
112243
112285
112288
112296
112358
112374
112395
112404
112405
112428
112453
112482
112523
112525
112530
112536
112538
112543
112556
112559
112574
112581
112590
112603
112648
112653
112679
112712
112721
112771
112773
112783
112788
112789
112811
112825
112831
112852
112862
112877
112878
112889
112892
112909
112910
112926
112933
112934
112961
112964
112968
112969
112977
112985
112992
112993
113001
113008
113014
113034
113041
113046
113088
113089
113090
113097
113132
113141
113143
113144
113156
113160
113162
113164
113174
113175
113177
113178
113191
113193
113196
113197
113206
113208
113209
113217
113222
113240
113242
113245
113254
113258
113259
113265
113288
113292
113294
113298
113303
113321
113322
113323
113324
113331
113338
113343
113360
113372
113381
113386
113388
113389
113406
113421
113425
113432
113435
113437
113438
113454
113458
113459
113497
113499
113513
113533
113534
113540
113582
113588
113594
113609
113611
113631
113647
113660
113674
113675
113685
113687
113690
113702
113722
113730
113745
113749
113764
113773
113775
113788
113796
113803
113814
113821
113838
113850
113870
113873
113882
113883
113893
113896
113900
113911
113912
113915
113918
113937
113943
113949
113957
113958
113970
113976
113977
113982
113987
113993
114017
114023
114033
114039
114040
114049
114054
114057
114059
114065
114066
114076
114081
114090
114102
114114
114118
114138
114140
114143
114147
114165
114167
114174
114176
114181
114184
114192
114194
114199
114213
114220
114225
114233
114235
114252
114281
114283
114285
114287
114292
114302
114305
114306
114309
114315
114320
114323
114326
114342
114351
114352
114355
114365
114372
114383
114384
114394
114397
114398
114400
114405
114406
114416
114424
114430
114431
114437
114438
114463
114468
114473
114493
114495
114502
114506
114507
114509
114511
114523
114524
114568
114578
114579
114595
114598
114602
114609
114619
114621
114665
114668
114699
114709
114728
114747
114758
114772
114801
114814
114843
114880
114883
114902
114903
114909
114912
114936
114941
114948
114972
114983
114984
114987
115025
115038
115050
115063
115066
115076
115109
115115
115139
115141
115143
115160
115169
115173
115174
115180
115188
115193
115204
115223
115229
115266
115269
115273
115274
115303
115310
115350
115359
115405
115464
115469
115478
115483
115493
115500
115521
115545
115552
115562
115593
115604
115606
115616
115658
115703
115708
115726
115738
115756
115764
115780
115784
115801
115816
115817
115853
115919
115925
115953
116011
116026
116044
116066
116127
116128
116151
116161
116173
116212
116243
116259
116271
116297
116332
116353
116374
116380
116392
116417
116426
116469
116474
116495
116498
116520
116522
116526
116549
116566
116580
116591
116595
116601
116609
116610
116647
116655
116668
116684
116701
116716
116723
116729
116731
116760
116766
116787
116790
116805
116827
116848
116850
116874
116892
116924
116925
116983
116990
116992
116993
116998
117013
117018
117033
117044
117063
117070
117071
117079
117124
117128
117169
117192
117196
117202
117218
117223
117228
117232
117244
117250
117253
117266
117286
117312
117317
117323
117335
117340
117345
117354
117355
117363
117370
117414
117425
117436
117452
117468
117499
117500
117520
117525
117532
117560
117585
117596
117609
117631
117633
117639
117644
117649
117658
117676
117697
117718
117724
117735
117736
117749
117774
117780
117784
117794
117806
117809
117812
117838
117839
117854
117891
117928
117934
117952
118042
118059
118060
118072
118104
118105
118112
118130
118144
118177
118178
118193
118210
118258
118289
118299
118363
118378
118379
118397
118403
118414
118416
118430
118461
118472
118487
118490
118495
118496
118513
118523
118526
118534
118542
118543
118544
118551
118584
118588
118635
118649
118654
118668
118670
118671
118685
118702
118703
118714
118730
118740
118746
118764
118770
118775
118776
118788
118807
118821
118840
118845
118850
118856
118857
118912
118914
118915
118957
118964
118992
118998
119020
119032
119049
119065
119077
119078
119079
119101
119109
119115
119152
119159
119162
119173
119177
119182
119194
119197
119204
119207
119220
119224
119225
119229
119232
119244
119267
119268
119277
119311
119315
119347
119355
119364
119367
119371
119409
119411
119427
119443
119451
119457
119461
119467
119489
119495
119511
119531
119533
119573
119592
119596
119603
119627
119630
119638
119647
119652
119693
119696
119697
119708
119709
119716
119717
119726
119737
119746
119748
119774
119775
119783
119785
119805
119806
119810
119819
119822
119846
119849
119858
119863
119864
119868
119869
119960
120021
120033
120050
120055
120058
120063
120078
120081
120084
120097
120108
120114
120134
120144
120150
120151
120168
120194
120197
120199
120206
120213
120230
120232
120235
120238
120247
120284
120321
120327
120329
120342
120353
120360
120371
120376
120421
120429
120444
120445
120453
120455
120466
120467
120473
120487
120525
120532
120548
120558
120576
120583
120591
120617
120627
120628
120644
120653
120687
120708
120743
120756
120760
120761
120763
120798
120830
120889
120896
120906
120924
120954
120979
120987
120992
120998
121030
121059
121079
121083
121086
121102
121116
121138
121148
121154
121158
121161
121182
121190
121198
121215
121246
121321
121329
121344
121377
121406
121438
121456
121469
121470
121481
121527
121534
121596
121645
121668
121675
121676
121678
121679
121680
121702
121703
121714
121726
121740
121743
121744
121745
121761
121762
121763
121774
121784
121800
121825
121884
121913
121918
121926
121946
121968
121980
121987
121996
122004
122012
122016
122030
122055
122066
122075
122096
122123
122132
122134
122142
122143
122144
122145
122162
122166
122198
122207
122208
122227
122299
122304
122305
122319
122359
122360
122363
122373
122380
122384
122385
122399
122403
122424
122445
122447
122448
122456
122457
122458
122482
122494
122521
122522
122525
122551
122554
122562
122579
122583
122595
122608
122618
122628
122632
122649
122652
122655
122657
122658
122683
122692
122721
122741
122763
122764
122798
122799
122811
122824
122850
122852
122853
122854
122873
122875
122881
122883
122887
122937
122940
122957
122966
122967
122968
122981
122999
123015
123046
123048
123062
123120
123154
123169
123177
123180
123183
123197
123200
123252
123253
123260
123267
123276
123291
123340
123368
123445
123469
123499
123501
123504
123521
123548
123549
123556
123572
123579
123584
123585
123589
123627
123648
123649
123666
123679
123684
123700
123705
123723
123730
123734
123744
123754
123759
123784
123785
123803
123805
123829
123858
123904
123944
123953
123961
123969
123987
124001
124016
124034
124037
124048
124050
124053
124080
124096
124097
124098
124107
124118
124119
124149
124157
124159
124163
124189
124195
124241
124258
124268
124285
124342
124351
124352
124373
124380
124381
124411
124526
124532
124543
124572
124574
124581
124594
124606
124615
124621
124640
124645
124646
124653
124664
124675
124678
124680
124690
124700
124704
124729
124760
124782
124783
124784
124794
124803
124808
124818
124847
124850
124862
124871
124887
124894
124899
124920
124921
124923
124930
124931
124939
124945
124966
124971
124991
125006
125015
125031
125033
125035
125037
125049
125057
125060
125064
125073
125074
125075
125083
125087
125101
125116
125148
125167
125168
125179
125191
125198
125234
125238
125242
125293
125302
125324
125327
125328
125330
125334
125335
125346
125350
125352
125367
125372
125373
125408
125419
125424
125431
125438
125449
125454
125456
125459
125479
125483
125485
125488
125512
125514
125516
125523
125527
125540
125544
125549
125566
125582
125586
125592
125595
125599
125603
125608
125613
125614
125630
125650
125653
125654
125674
125677
125683
125686
125687
125690
125703
125711
125714
125725
125728
125741
125742
125745
125753
125756
125759
125760
125762
125766
125772
125775
125783
125788
125789
125790
125799
125814
125819
125837
125840
125849
125853
125857
125864
125865
125871
125880
125884
125904
125909
125911
125912
125937
125946
125953
125969
125980
125992
125993
126015
126019
126022
126027
126039
126057
126060
126066
126078
126085
126091
126099
126108
126113
126130
126134
126135
126137
126140
126158
126165
126166
126172
126174
126184
126186
126189
126192
126202
126210
126211
126212
126216
126225
126226
126228
126235
126237
126245
126248
126254
126258
126259
126268
126278
126291
126298
126304
126324
126331
126352
126385
126397
126401
126402
126403
126418
126427
126431
126440
126451
126476
126491
126496
126508
126542
126578
126583
126589
126601
126641
126643
126654
126658
126659
126663
126665
126675
126678
126679
126681
126695
126700
126710
126713
126714
126733
126754
126756
126762
126766
126769
126781
126785
126806
126828
126830
126831
126845
126849
126852
126860
126872
126885
126906
126907
126916
126919
126922
126923
126929
126939
126946
126951
126959
126960
126976
126988
126997
127017
127024
127028
127037
127042
127051
127053
127057
127058
127062
127066
127073
127084
127094
127096
127100
127104
127122
127123
127125
127141
127148
127150
127159
127164
127166
127168
127169
127175
127196
127200
127201
127202
127205
127209
127210
127218
127220
127236
127241
127242
127248
127250
127252
127256
127257
127259
127260
127269
127273
127276
127277
127280
127283
127284
127287
127291
127292
127294
127295
127301
127302
127303
127305
127312
127315
127317
127318
127325
127329
127332
127337
127338
127339
127342
127345
127346
127347
127350
127355
127356
127363
127365
127370
127371
127377
127378
127379
127382
127387
127391
127395
127399
127405
127406
127409
127411
127418
127425
127429
127430
127431
127432
127434
127435
127436
127439
127441
127442
127446
127458
127460
127462
127470
127475
127479
127482
127485
127488
127494
127499
127504
127510
127511
127513
127514
127515
127517
127521
127522
127526
127528
127529
127530
127531
127532
127533
127534
127537
127538
127540
127542
127553
127554
127560
127564
127572
127574
127580
127593
127601
127609
127612
127621
127629
127646
127648
127657
127669
127674
127679
127693
127707
127710
127713
127715
127771
127778
127779
127780
127790
127795
127798
127800
127812
127833
127853
127902
128022
128046
128070
128079
128086
128100
128102
128142
128168
128185
128186
128192
128202
128209
128229
128233
128236
128267
128268
128279
128283
128299
128324
128357
128358
128366
128392
128417
128439
128442
128471
128474
128527
128542
128548
128553
128568
128571
128584
128589
128600
128620
128624
128626
128627
128658
128662
128678
128691
128695
128698
128740
128763
128773
128791
128792
128802
128804
128848
128862
128863
128866
128872
128878
128884
128894
128918
128921
128932
128955
128960
128961
128962
128966
128981
128985
128998
129012
129013
129026
129028
129042
129043
129050
129068
129069
129070
129071
129084
129096
129153
129162
129179
129191
129250
129261
129275
129337
129348
129357
129365
129368
129369
129374
129376
129396
129405
129406
129472
129518
129522
129546
129562
129582
129595
129611
129620
129642
129724
129731
129745
129795
129822
129832
129908
129927
129937
129939
129949
129953
129954
129961
129978
129979
129997
130018
130026
130035
130063
130071
130105
130115
130134
130159
130160
130185
130186
130193
130199
130238
130311
130313
130321
130345
130351
130359
130363
130376
130393
130404
130419
130445
130454
130462
130463
130471
130488
130492
130508
130512
130540
130554
130629
130639
130646
130666
130670
130672
130710
130718
130721
130740
130746
130751
130753
130768
130783
130792
130808
130819
130828
130846
130859
130866
130907
130911
130912
130952
130979
131010
131024
131026
131032
131037
131057
131073
131092
131128
131148
131150
131225
131282
131291
131292
131323
131324
131325
131331
131336
131350
131374
131375
131376
131378
131409
131416
131427
131435
131440
131446
131447
131449
131457
131468
131470
131474
131480
131482
131488
131489
131493
131501
131503
131514
131524
131536
131540
131541
131546
131550
131556
131574
131588
131594
131595
131613
131620
131624
131626
131627
131638
131646
131650
131653
131657
131666
131667
131671
131674
131677
131681
131694
131709
131713
131716
131717
131718
131733
131744
131746
131750
131760
131761
131780
131794
131799
131800
131818
131819
131828
131835
131851
131852
131877
131882
131883
131888
131890
131895
131900
131913
131915
131941
131952
131958
131962
131978
131992
131995
132001
132003
132007
132010
132037
132043
132057
132058
132059
132083
132095
132097
132100
132102
132115
132116
132119
132131
132147
132151
132158
132206
132213
132214
132234
132240
132256
132265
132270
132274
132280
132290
132293
132304
132309
132326
132332
132339
132340
132364
132366
132367
132369
132380
132388
132409
132423
132437
132447
132455
132468
132474
132497
132502
132507
132515
132525
132547
132548
132577
132584
132587
132590
132599
132606
132611
132631
132636
132639
132651
132674
132677
132684
132691
132693
132711
132719
132721
132734
132750
132767
132777
132782
132789
132793
132796
132800
132806
132810
132822
132834
132854
132862
132869
132877
132885
132893
132903
132911
132912
132928
132936
132942
132955
132959
132968
132970
132985
132998
133000
133011
133020
133028
133033
133043
133048
133064
133067
133080
133090
133098
133106
133132
133136
133138
133141
133173
133181
133189
133201
133209
133211
133224
133225
133226
133228
133231
133238
133242
133247
133251
133261
133267
133274
133275
133279
133283
133286
133301
133302
133303
133325
133337
133352
133357
133359
133364
133378
133382
133394
133395
133408
133409
133412
133415
133416
133420
133427
133434
133439
133442
133451
133452
133453
133464
133471
133477
133480
133485
133487
133495
133497
133504
133506
133515
133518
133523
133527
133535
133542
133543
133550
133553
133554
133562
133566
133567
133593
133594
133595
133608
133614
133615
133617
133625
133630
133639
133712
133713
133754
133799
133804
133839
133851
133910
133915
133973
133991
133997
134005
134007
134020
134044
134057
134060
134064
134068
134069
134075
134137
134153
134184
134191
134201
134211
134215
134228
134229
134259
134324
134358
134389
134397
134440
134441
134445
134456
134486
134504
134521
134530
134531
134541
134560
134601
134615
134619
134625
134633
134656
134666
134672
134673
134703
134704
134729
134781
134783
134791
134795
134805
134828
134829
134830
134845
134850
134921
134922
134925
134941
134944
134997
135000
135029
135054
135065
135084
135101
135111
135114
135117
135122
135148
135155
135166
135169
135178
135180
135218
135225
135230
135234
135245
135248
135259
135264
135299
135302
135305
135307
135314
135324
135327
135332
135334
135340
135358
135364
135382
135388
135406
135409
135417
135423
135460
135469
135482
135483
135499
135512
135527
135540
135554
135568
135580
135583
135610
135623
135624
135639
135640
135645
135646
135655
135657
135673
135676
135692
135741
135759
135778
135796
135798
135800
135805
135813
135824
135840
135844
135862
135881
135891
135907
135923
135925
135972
135977
135985
135996
136006
136010
136014
136018
136023
136027
136037
136039
136040
136042
136045
136046
136051
136052
136053
136081
136088
136110
136112
136113
136120
136128
136135
136136
136138
136157
136163
136172
136177
136180
136196
136197
136199
136204
136214
136220
136222
136224
136251
136273
136274
136284
136302
136303
136306
136342
136395
136405
136409
136411
136437
136457
136463
136479
136496
136497
136502
136503
136505
136513
136525
136526
136533
136534
136556
136567
136576
136589
136593
136600
136604
136607
136608
136611
136623
136625
136627
136628
136635
136637
136638
136674
136689
136700
136707
136717
136733
136757
136764
136775
136783
136784
136800
136803
136819
136820
136823
136831
136858
136861
136862
136877
136879
136896
136908
136911
136915
136930
136942
136957
136960
136965
136970
136976
136992
136995
137001
137002
137020
137022
137024
137047
137048
137049
137059
137064
137068
137077
137084
137102
137108
137119
137142
137157
137164
137177
137181
137183
137192
137200
137209
137230
137265
137267
137276
137303
137305
137307
137316
137320
137322
137372
137373
137383
137397
137413
137416
137424
137425
137432
137439
137443
137444
137446
137475
137477
137478
137481
137484
137512
137518
137545
137546
137551
137557
137591
137598
137635
137638
137639
137649
137651
137652
137677
137678
137682
137684
137707
137718
137733
137734
137747
137750
137757
137760
137805
137833
137848
137854
137869
137872
137883
137885
137889
137894
137918
137938
137941
137994
138042
138043
138047
138065
138066
138070
138077
138080
138086
138091
138096
138099
138104
138115
138120
138128
138133
138142
138143
138145
138151
138160
138183
138185
138195
138214
138215
138219
138271
138272
138279
138295
138314
138330
138369
138370
138397
138398
138404
138416
138431
138437
138438
138441
138445
138449
138454
138474
138476
138489
138492
138495
138504
138524
138542
138549
138558
138559
138566
138569
138571
138591
138592
138594
138603
138605
138612
138626
138627
138636
138637
138643
138656
138665
138669
138679
138696
138700
138703
138707
138708
138709
138716
138766
138771
138777
138783
138790
138797
138821
138822
138833
138835
138849
138854
138855
138893
138917
138921
138980
138989
139014
139018
139025
139039
139049
139076
139081
139091
139134
139157
139175
139257
139269
139285
139327
139335
139360
139440
139442
139448
139466
139492
139495
139519
139521
139542
139543
139544
139562
139563
139582
139646
139653
139656
139674
139675
139678
139679
139688
139697
139701
139704
139716
139721
139722
139724
139731
139733
139734
139741
139742
139743
139750
139755
139761
139771
139777
139779
139789
139796
139797
139804
139806
139821
139822
139827
139832
139838
139847
139862
139870
139871
139878
139881
139883
139889
139891
139898
139901
139907
139909
139910
139911
139917
139922
139925
139928
139936
139937
139949
139952
139953
139961
139967
139969
139972
139981
139994
140002
140005
140007
140009
140025
140027
140029
140030
140033
140034
140040
140043
140053
140054
140055
140062
140064
140065
140070
140079
140095
140097
140098
140102
140103
140144
140153
140157
140169
140178
140184
140188
140191
140195
140201
140202
140206
140209
140210
140217
140232
140237
140242
140244
140249
140250
140265
140267
140269
140271
140279
140281
140282
140286
140294
140307
140312
140318
140319
140323
140325
140327
140331
140354
140355
140358
140363
140369
140372
140376
140383
140388
140389
140390
140392
140394
140406
140411
140413
140419
140420
140426
140431
140437
140453
140455
140468
140470
140471
140492
140498
140499
140500
140501
140503
140514
140519
140522
140528
140534
140540
140541
140575
140582
140586
140589
140598
140617
140620
140629
140631
140637
140638
140642
140649
140658
140663
140668
140670
140672
140682
140685
140693
140694
140704
140708
140709
140712
140714
140721
140722
140724
140726
140731
140732
140735
140742
140743
140746
140747
140749
140751
140754
140759
140760
140761
140762
140765
140779
140787
140790
140805
140806
140820
140840
140857
140882
140884
140885
140887
140891
140892
140899
140903
140904
140913
140929
140933
140937
140940
140945
140947
140954
140958
140962
140964
140976
140992
140995
140999
141008
141012
141015
141037
141040
141052
141071
141072
141085
141088
141092
141098
141103
141106
141118
141126
141140
141158
141160
141167
141170
141173
141177
141178
141179
141180
141181
141195
141200
141208
141230
141232
141233
141244
141247
141256
141257
141258
141264
141269
141279
141282
141284
141287
141294
141302
141312
141321
141330
141336
141340
141341
141344
141352
141357
141371
141372
141384
141385
141387
141388
141395
141405
141411
141413
141423
141425
141467
141477
141488
141489
141508
141510
141514
141518
141529
141544
141576
141578
141584
141585
141599
141613
141639
141642
141654
141655
141682
141698
141715
141720
141722
141727
141746
141760
141762
141767
141784
141789
141794
141795
141810
141820
141886
141918
141934
141945
141959
141997
141999
142003
142014
142015
142026
142027
142050
142051
142064
142071
142084
142088
142092
142093
142096
142101
142103
142114
142130
142134
142146
142148
142175
142192
142193
142197
142201
142217
142223
142231
142232
142235
142240
142245
142254
142258
142261
142263
142269
142270
142271
142274
142280
142285
142286
142298
142302
142303
142306
142307
142317
142337
142346
142354
142356
142376
142390
142404
142411
142415
142427
142436
142446
142460
142471
142476
142478
142482
142488
142490
142497
142499
142507
142511
142512
142520
142523
142536
142541
142553
142555
142556
142558
142566
142580
142582
142583
142603
142604
142611
142621
142622
142624
142625
142626
142628
142630
142634
142635
142643
142645
142653
142656
142659
142665
142672
142675
142678
142682
142701
142715
142739
142749
142759
142770
142773
142780
142785
142787
142803
142806
142809
142823
142835
142840
142845
142850
142859
142861
142866
142868
142872
142881
142899
142911
142912
142914
142933
142936
142944
142950
142954
142955
142960
142964
142969
142976
142981
142982
142985
142991
142997
142998
143001
143004
143007
143017
143029
143036
143051
143053
143054
143059
143062
143074
143084
143086
143087
143089
143099
143104
143109
143110
143115
143116
143127
143129
143133
143164
143170
143180
143184
143193
143200
143201
143203
143213
143229
143234
143241
143252
143262
143263
143277
143284
143286
143296
143297
143314
143330
143335
143357
143365
143382
143396
143403
143404
143406
143421
143429
143437
143446
143450
143472
143478
143488
143489
143490
143501
143505
143510
143524
143525
143526
143557
143570
143572
143575
143579
143586
143588
143600
143601
143604
143619
143621
143622
143632
143634
143638
143655
143670
143676
143677
143692
143697
143698
143702
143706
143728
143731
143736
143742
143749
143761
143771
143776
143780
143781
143792
143810
143814
143817
143825
143870
143872
143881
143882
143884
143896
143898
143900
143901
143914
143933
143936
143968
143973
143981
144001
144016
144039
144047
144079
144092
144106
144113
144123
144128
144136
144141
144147
144151
144158
144164
144171
144172
144176
144192
144197
144204
144213
144214
144222
144238
144246
144253
144258
144267
144274
144276
144282
144283
144287
144290
144292
144297
144302
144323
144326
144330
144355
144361
144369
144370
144371
144378
144379
144395
144403
144405
144423
144426
144429
144449
144474
144479
144482
144497
144509
144521
144522
144535
144542
144557
144572
144574
144583
144584
144590
144592
144600
144602
144619
144658
144663
144668
144671
144687
144688
144690
144691
144695
144710
144716
144720
144723
144724
144747
144815
144816
144820
144826
144848
144850
144858
144863
144873
144877
144889
144897
144906
144908
144934
144945
144965
144977
144983
144985
145017
145026
145076
145078
145088
145090
145110
145114
145121
145124
145127
145128
145131
145135
145159
145168
145169
145183
145206
145217
145218
145228
145241
145246
145253
145297
145306
145309
145338
145352
145357
145369
145370
145371
145377
145405
145409
145412
145433
145448
145450
145480
145483
145513
145522
145524
145527
145531
145557
145567
145594
145601
145605
145607
145652
145655
145656
145657
145659
145670
145680
145681
145684
145693
145697
145702
145723
145730
145746
145766
145771
145795
145796
145805
145806
145813
145823
145826
145830
145836
145842
145844
145847
145856
145859
145862
145875
145885
145888
145890
145899
145900
145903
145905
145908
145921
145922
145927
145928
145931
145955
145960
145986
145994
145999
146006
146011
146017
146024
146027
146036
146043
146055
146058
146060
146062
146065
146067
146091
146109
146113
146115
146118
146123
146129
146131
146132
146135
146136
146143
146147
146155
146162
146163
146164
146178
146179
146181
146182
146188
146190
146194
146213
146214
146216
146221
146234
146238
146250
146266
146281
146282
146288
146301
146308
146313
146318
146321
146323
146328
146335
146338
146344
146360
146361
146364
146383
146386
146389
146392
146402
146408
146420
146425
146437
146442
146443
146445
146461
146466
146472
146475
146483
146486
146489
146490
146501
146503
146505
146509
146515
146519
146522
146524
146534
146535
146549
146556
146560
146562
146571
146586
146609
146618
146619
146621
146624
146631
146646
146663
146668
146674
146676
146678
146679
146684
146702
146703
146708
146711
146720
146725
146726
146747
146750
146774
146777
146779
146782
146788
146791
146794
146802
146804
146805
146807
146810
146843
146857
146865
146869
146872
146886
146898
146902
146907
146908
146910
146919
146929
146939
146942
146957
146960
146964
146966
146971
146980
146983
146986
146989
146993
146996
146998
146999
147007
147012
147015
147016
147018
147020
147031
147037
147038
147046
147051
147062
147082
147085
147124
147134
147148
147160
147180
147188
147194
147197
147228
147234
147237
147249
147250
147251
147258
147274
147302
147307
147308
147315
147323
147324
147332
147337
147358
147361
147362
147366
147378
147381
147384
147387
147389
147401
147402
147403
147405
147406
147416
147419
147437
147440
147459
147461
147472
147478
147487
147488
147489
147490
147491
147492
147495
147504
147509
147515
147519
147540
147551
147560
147565
147566
147577
147579
147589
147590
147593
147596
147614
147616
147618
147619
147624
147632
147636
147640
147656
147660
147675
147677
147695
147696
147701
147710
147713
147715
147734
147741
147744
147747
147752
147757
147761
147770
147771
147778
147780
147785
147799
147802
147810
147811
147821
147829
147832
147837
147843
147856
147857
147859
147862
147867
147873
147875
147876
147880
147883
147891
147899
147901
147904
147905
147916
147927
147930
147932
147935
147958
147961
147962
147963
147971
147990
148004
148006
148033
148037
148050
148066
148067
148069
148074
148083
148092
148104
148109
148111
148117
148119
148128
148132
148148
148150
148155
148165
148166
148176
148182
148188
148204
148208
148210
148228
148229
148235
148236
148243
148244
148245
148246
148254
148257
148260
148262
148266
148268
148270
148271
148272
148278
148281
148286
148287
148289
148291
148296
148320
148322
148332
148335
148352
148359
148364
148374
148380
148384
148405
148415
148416
148417
148421
148422
148434
148435
148446
148470
148483
148491
148499
148517
148522
148523
148535
148539
148542
148545
148546
148553
148556
148566
148567
148568
148579
148591
148597
148598
148601
148603
148606
148607
148610
148628
148629
148631
148632
148643
148663
148666
148667
148670
148671
148672
148673
148759
148767
148783
148807
148820
148827
148850
148861
148864
148876
148882
148883
148891
148893
148909
148910
148919
148941
148943
148945
148961
148965
148969
148970
148975
148983
148985
148991
148993
149028
149038
149046
149048
149054
149060
149075
149080
149088
149092
149093
149102
149111
149127
149129
149131
149133
149135
149137
149141
149146
149161
149162
149171
149184
149193
149196
149205
149216
149222
149233
149235
149254
149266
149269
149276
149279
149281
149289
149290
149303
149305
149306
149307
149314
149316
149327
149329
149330
149331
149334
149338
149339
149340
149347
149349
149352
149356
149371
149373
149380
149383
149384
149393
149397
149404
149411
149417
149418
149421
149423
149427
149444
149451
149454
149460
149463
149464
149465
149467
149468
149470
149474
149477
149480
149483
149486
149489
149493
149497
149498
149499
149514
149515
149519
149521
149522
149523
149526
149532
149535
149537
149544
149546
149551
149553
149557
149561
149562
149565
149570
149571
149573
149579
149581
149588
149594
149596
149598
149605
149613
149615
149617
149620
149623
149626
149633
149641
149646
149656
149664
149666
149672
149673
149674
149676
149689
149692
149703
149712
149718
149719
149733
149735
149739
149740
149742
149744
149749
149755
149756
149758
149763
149769
149775
149776
149779
149809
149814
149838
149847
149848
149861
149871
149881
149891
149906
149910
149933
149943
149944
149946
149947
149973
149974
149980
149984
149986
149987
150004
150006
150008
150010
150017
150023
150024
150037
150040
150041
150044
150050
150057
150058
150060
150064
150067
150078
150080
150083
150084
150086
150091
150093
150094
150095
150098
150101
150103
150108
150118
150119
150122
150123
150124
150126
150131
150132
150143
150144
150171
150180
150187
150198
150199
150204
150211
150215
150220
150226
150227
150248
150256
150275
150284
150296
150304
150306
150308
150312
150318
150327
150334
150335
150336
150340
150348
150351
150352
150360
150363
150377
150378
150380
150385
150392
150397
150399
150402
150416
150426
150428
150429
150435
150436
150437
150450
150467
150469
150472
150475
150480
150484
150487
150489
150493
150494
150495
150501
150506
150507
150514
150518
150523
150525
150527
150529
150543
150549
150560
150571
150573
150574
150575
150579
150590
150592
150593
150604
150605
150606
150608
150621
150623
150625
150642
150654
150676
150677
150682
150694
150696
150699
150700
150716
150717
150727
150728
150731
150732
150733
150739
150740
150770
150786
150787
150790
150792
150793
150801
150803
150820
150821
150832
150835
150836
150841
150842
150861
150872
150888
150894
150897
150903
150905
150926
150933
150936
150947
150952
150954
150955
150961
150963
150964
150976
150985
150987
150990
150994
151001
151003
151007
151008
151022
151034
151036
151046
151058
151063
151065
151070
151072
151075
151080
151081
151082
151083
151089
151090
151092
151093
151104
151107
151108
151109
151110
151111
151116
151119
151120
151131
151133
151140
151147
151152
151155
151159
151162
151163
151165
151172
151173
151179
151180
151181
151183
151189
151191
151192
151195
151196
151197
151199
151203
151204
151205
151207
151210
151211
151215
151220
151226
151227
151231
151232
151239
151247
151248
151256
151261
151262
151267
151269
151273
151275
151276
151278
151279
151280
151290
151293
151299
151302
151309
151315
151323
151324
151333
151350
151355
151358
151359
151362
151369
151370
151371
151383
151384
151391
151392
151400
151418
151420
151422
151433
151435
151442
151447
151448
151455
151465
151467
151470
151476
151479
151481
151482
151494
151505
151507
151529
151544
151547
151567
151571
151591
151592
151608
151615
151639
151659
151663
151668
151675
151682
151689
151690
151699
151705
151712
151717
151721
151739
151743
151746
151758
151774
151794
151795
151800
151804
151808
151810
151812
151820
151821
151842
151846
151852
151861
151874
151877
151887
151894
151906
151918
151919
151925
151960
151968
151977
151978
151993
152005
152007
152013
152020
152036
152043
152053
152070
152074
152078
152084
152098
152109
152113
152138
152148
152157
152162
152167
152174
152180
152192
152202
152216
152218
152232
152237
152258
152270
152271
152298
152301
152303
152311
152312
152314
152321
152323
152331
152333
152348
152349
152352
152359
152362
152371
152373
152385
152416
152417
152419
152425
152426
152431
152444
152483
152497
152508
152516
152521
152529
152533
152543
152550
152557
152563
152569
152571
152587
152597
152615
152642
152643
152649
152653
152664
152665
152667
152671
152673
152679
152681
152684
152687
152697
152701
152730
152738
152772
152782
152810
152820
152827
152830
152833
152848
152859
152863
152866
152876
152888
152901
152907
152917
152920
152924
152939
152941
152942
152943
152951
152954
152956
152975
152977
152984
153010
153020
153052
153054
153057
153063
153067
153076
153082
153085
153089
153090
153101
153131
153151
153152
153155
153156
153157
153174
153175
153185
153191
153201
153202
153204
153205
153233
153234
153244
153248
153250
153261
153276
153278
153284
153285
153289
153294
153297
153298
153302
153315
153316
153318
153324
153335
153336
153346
153355
153370
153387
153396
153408
153419
153424
153443
153448
153462
153474
153488
153501
153547
153582
153596
153600
153612
153632
153642
153650
153665
153692
153695
153698
153713
153721
153724
153733
153753
153755
153780
153800
153812
153820
153821
153826
153835
153880
153885
153888
153893
153900
153912
153918
153919
153920
153926
153934
153936
153939
153943
153979
153994
154003
154010
154015
154019
154021
154024
154035
154043
154046
154048
154065
154071
154082
154083
154085
154092
154093
154095
154102
154108
154113
154114
154130
154145
154149
154151
154155
154164
154166
154169
154170
154176
154178
154197
154204
154207
154213
154214
154228
154230
154232
154236
154237
154244
154245
154254
154261
154272
154273
154276
154277
154301
154305
154310
154313
154321
154322
154328
154339
154341
154346
154350
154351
154353
154354
154362
154370
154378
154381
154382
154388
154389
154409
154415
154422
154430
154432
154441
154442
154443
154447
154448
154469
154471
154484
154485
154488
154490
154494
154504
154525
154526
154531
154533
154550
154554
154568
154578
154591
154593
154594
154620
154628
154633
154643
154650
154668
154672
154687
154693
154702
154714
154742
154747
154748
154768
154772
154798
154806
154810
154820
154821
154825
154842
154843
154845
154848
154854
154856
