152984
152901
152667
152529
152007
151977
151846
151682
151659
151547
151494
151476
151467
151465
151275
151227
151165
150527
150380
150215
150187
150144
150126
150091
150010
149944
149756
149676
149641
149620
149588
149562
149483
149477
149421
149314
149306
149290
149289
149269
149135
148983
148783
148607
148579
148517
148422
148335
148272
148271
148254
148245
148243
148069
148067
147963
147961
147935
147930
147927
147859
147780
147660
147640
147596
147579
147566
147565
147495
147489
147406
147405
147402
147387
147362
147337
147332
147324
147323
147307
147251
147250
147237
147197
147180
147160
147134
147124
147085
147051
147038
147037
147031
147018
147015
146983
146957
146939
146907
146898
146857
146843
146777
146747
146703
146676
146631
146624
146556
146524
146522
146519
146486
146483
146475
146443
146442
146437
146392
146389
146383
146361
146360
146344
146313
146281
146213
146181
146178
146163
146162
146143
146132
146118
146091
146067
146043
146027
146011
146006
145986
145931
145922
145921
145905
145903
145900
145862
145859
145856
145826
145806
145805
145702
145657
145601
145524
145522
145483
145480
145450
145448
145412
145405
145377
145357
145352
145309
145306
145297
145228
145218
145217
145206
145183
145169
145135
145131
145128
145127
145090
145088
145078
145076
145026
145017
144873
144863
144816
144724
144720
144710
144658
144584
144583
144572
144557
144479
144449
144429
144426
144379
144326
144297
144267
144176
144158
144147
144128
144001
143973
143901
143896
143881
143872
143814
143810
143736
143706
143670
143638
143619
143588
143557
143510
143488
143437
143403
143382
143357
143335
143297
143286
143284
143277
143263
143234
143203
143193
143127
143116
143115
143110
143099
143074
143054
143051
143029
143017
143007
142998
142991
142982
142954
142950
142936
142872
142861
142859
142850
142840
142809
142787
142785
142739
142678
142643
142630
142628
142626
142624
142541
142523
142520
142512
142497
142490
142476
142436
142415
142411
142337
142317
142302
142286
142285
142271
142270
142263
142235
142232
142175
142134
142130
142093
142084
142027
141999
141997
43679
141945
141918
141820
141810
141794
141784
43440
141746
141682
141655
141654
141584
141578
141544
141529
141518
141488
141425
141423
141395
141385
141372
141357
141336
141302
141258
141230
141170
141106
140999
140945
42392
140642
140638
140620
42202
140501
140500
140499
140372
140325
140319
140267
140178
140097
140079
41726
41623
41416
41390
41358
41178
39997
138047
137591
39201
137444
39056
137230
38860
38767
137084
137064
38310
136589
38162
136196
37863
136138
136081
136037
135985
37655
37529
135778
37392
135527
37000
36930
36904
36876
36770
36705
36683
36610
36590
36419
36326
36315
36212
36197
134486
134445
36068
36009
35923
35896
134184
35817
134069
35688
133973
35498
133804
35456
133639
133567
133337
34944
133209
133181
133138
133132
133098
132998
132959
34546
34011
33948
132256
33465
33378
131677
131595
32976
131291
32946
32779
32717
32633
32606
32384
32359
130666
130540
32218
32183
130463
32121
32004
31624
31553
31509
31435
31301
31283
31269
31165
31057
129368
31047
30985
30884
129162
30694
128961
30231
128548
128366
127315
127028
28703
28642
126781
126431
126186
27197
26882
124850
124760
124664
26329
124606
124543
26209
124149
25810
25675
123987
25636
25562
123805
123705
123579
123501
123499
123368
123267
24942
24887
123200
123177
24823
122999
24634
122741
122652
24281
122521
122403
122207
23738
121996
121884
121645
121470
23099
22969
22949
22909
121190
121158
121148
121116
121102
121083
121079
121059
22607
120896
120798
120628
120627
22157
120467
120453
120284
120230
120213
120206
120168
120150
120097
120078
120058
120050
120033
119960
119863
119819
119805
119737
21392
119709
119627
119596
119461
119457
119409
119367
119115
119077
20453
118668
118649
20225
118542
20158
118416
117952
117560
117520
117500
117354
117345
117266
117223
117079
117071
117070
117063
116990
116731
116729
116701
116684
116610
116609
116392
116151
116128
116026
115925
115817
115604
115478
115359
115169
115115
114941
114903
114902
114843
114814
114709
114621
114523
114049
113987
113977
113915
113745
113660
113499
113497
113425
113090
112909
112878
112831
112825
112788
112773
112771
112590
112530
112523
112453
112405
112395
112296
112083
112032
111926
111839
111807
111742
111555
111458
111436
111397
111313
111260
111156
111062
111032
110989
110905
110865
110843
110675
110659
110577
110324
11870
11846
11834
11755
11697
11486
11446
11422
11390
11341
11300
11261
11236
11162
11100
11073
11071
11046
10946
109195
109130
109071
109043
108986
108827
108771
108706
108466
108382
108381
108181
107964
107649
107482
107464
107331
107256
7449
7427
7376
7360
7280
7236
7193
7188
7146
7133
7006
104767
104634
104569
5748
103880
4847
4775
4756
4681
4612
4346
4337
4322
4312
4308
4299
4276
4265
4255
4211
102322
3676
3036
2908
2893
2815
2732
2705
2633
2571
2499
2480
2472
2462
2453
2436
2390
2328
2212
2185
2174
2159
97392
97313
97135
97065
96981
96783
96659
96337
96201
96150
96073
96010
95631
95486
95295
95179
94829
94813
94695
94670
94413
94410
94079
94032
94008
93764
93749
93670
93612
93560
93529
93521
93501
93466
93430
93345
93325
93314
93238
93213
93149
93132
93126
93051
93037
93013
92971
92964
92961
92951
92943
92924
92923
92922
142026
92861
92858
92822
92810
92794
92776
92751
92749
92740
92720
43507
92657
92574
92550
92518
92490
141639
92454
92453
92443
92441
92417
92396
92364
92346
92303
92251
92233
92210
92209
92207
141340
92183
92175
92166
92135
92122
141264
92102
92100
141256
92090
92045
91984
91966
91938
91924
91918
91917
91903
91886
91877
91869
91862
91850
91849
91845
91843
140992
91833
91818
91813
91799
91783
91777
91760
91743
91736
91733
91719
91711
91703
91696
91686
91677
91665
91619
91606
91602
91591
91583
140589
91432
91341
91300
91274
91244
91170
91163
140318
91161
91152
91144
91109
91097
91064
140210
91031
91019
90964
90945
90908
90903
90889
90888
90670
90656
90628
90605
90482
90468
90466
90428
90388
90382
90326
90270
90269
90123
90118
90008
90001
89990
89848
89792
89777
89747
89706
89572
89550
89549
89526
89305
89254
89232
89182
89165
89140
89131
89058
89056
89014
137678
137677
39321
137320
137192
38864
38625
38579
136623
136534
136463
136306
136284
136197
136006
37500
135417
135358
36994
36848
134829
36204
35451
34866
34472
132674
132234
132010
33682
33336
33331
131416
33015
131324
32631
32534
32114
31729
129961
31542
31260
30954
29065
127305
28296
125953
125330
75966
75961
125087
75862
75853
125006
75829
75787
124887
75715
124803
124794
75616
75615
75587
75560
75514
75465
75412
75315
75311
75269
75177
75126
75046
75031
75029
74983
74905
74902
74892
74666
74640
123734
123730
74553
123679
74495
74460
123504
74346
74335
74144
74130
74094
74056
123197
73952
73865
73779
24576
73709
73605
73599
122551
122522
73334
73332
73259
73204
73203
73189
73158
73108
73077
73074
73048
23661
121968
72773
72753
72698
121800
72615
72577
121676
121675
72507
23253
23245
72393
72371
72303
72258
72134
72034
121161
121154
71938
71914
71741
71676
120761
120653
120591
120525
120329
120247
120238
120084
120021
21534
119533
21094
119411
119311
70051
70045
69960
69954
69930
69896
118964
69784
69771
69741
69667
69662
69652
69637
69630
118776
69600
69576
69563
69482
69443
69401
69394
69359
69213
69142
69103
68973
68902
68871
68752
68718
68653
68648
68621
68540
68539
68382
117499
117192
117124
116601
116591
116498
116259
115919
115764
115703
115173
115038
114524
114040
113775
113254
113193
113143
112968
112926
112889
112852
63442
63435
63382
112525
63359
63347
63321
63182
63146
63135
63115
63066
62998
62987
62986
62921
62868
62864
62863
62856
62848
62816
62806
62753
62737
62705
62696
62646
62625
111687
111682
62511
62424
62411
62349
62324
62254
62231
62203
62190
62187
62159
62123
62116
62106
62073
62006
62001
61924
111043
61886
61881
61850
61833
61809
61799
61793
61732
61702
61687
61683
61682
61650
61600
61586
61577
61457
12265
61425
61424
12230
12228
12231
61388
12208
61364
61347
110426
61257
61230
61170
11991
11989
61147
11974
11962
11947
61068
11844
11831
11790
11789
11782
11778
11776
11757
60914
11741
11735
11705
11674
11616
11603
109861
60691
11515
60667
11380
11364
11316
11314
11310
11299
60453
60440
11266
11260
11256
60413
11249
11243
11232
11223
11222
11207
11205
11183
11124
11119
11061
11059
11038
11021
10981
10984
10983
60135
10966
10957
60070
60019
60001
59912
59904
59866
59859
59844
59771
108889
59706
59697
59677
59591
59573
59488
59466
108599
59441
59429
59417
59409
59398
59364
59323
59262
59248
59236
59219
59197
108333
59157
59138
59116
59095
59094
59093
59091
59053
59047
59029
59019
58882
58881
58875
58834
58817
58763
58750
107851
58661
107760
58507
107657
58441
107407
58139
58115
58061
58060
57885
57880
57841
57788
57681
57644
57600
57485
57366
57351
57336
57283
57218
57217
57161
57052
56972
56857
56853
56717
7552
7543
7545
56655
7487
7457
7382
56522
7357
56502
7254
7184
7179
7178
7168
56213
7038
7041
7019
104633
55426
55424
5725
54697
152863
5358
5319
5152
5122
152533
54164
54122
54101
53941
53860
4664
53811
53708
4328
4237
53339
53299
102366
52964
52920
3685
52736
3566
52573
3348
2577
2509
51610
51510
51417
2213
2216
51321
2122
2056
2029
2017
149423
51103
51052
149347
1474
1475
50622
50551
1376
1330
1238
50395
1229
1187
1152
1123
1114
1078
1071
50224
50119
943
865
148257
148228
49835
49811
642
148109
49783
498
485
147962
465
49608
443
441
410
389
49522
49509
49384
147677
49281
147560
49224
49170
49110
147419
49094
49077
147384
147361
147308
48889
147188
48836
48800
48782
97915
48683
146960
48625
48621
48519
48488
48466
146782
146726
146720
48392
48340
48330
146621
146619
48228
146535
48218
146501
48173
146408
146364
146328
146318
146301
146238
146214
146190
146179
146164
146131
146115
47782
47755
146060
146055
146036
145999
145927
145908
145899
145844
47470
145771
145693
145680
145656
145655
47306
47277
47184
145369
46951
46887
145168
145124
145110
46793
46763
144965
46637
46626
144897
46567
144850
144848
144820
144815
95602
144695
95415
144574
144522
95355
144497
144482
144355
144323
144283
144246
144238
144222
144164
144136
144123
144106
94943
144079
144016
143936
45570
143882
143870
143761
94586
94585
143742
45406
143702
143676
94500
94469
143601
143600
143575
143505
143490
143478
143365
143296
143213
143129
44694
142997
142964
44554
142868
142845
142806
93613
142773
142759
44371
93439
93376
142536
142511
142507
142446
93253
93191
93167
142307
142306
142298
93114
142274
142261
142231
142217
142197
142148
142146
142114
142071
43730
92816
43659
43595
92696
92672
141795
43424
141720
92562
43315
141599
117033
92426
141576
43228
141514
43195
43159
92288
141411
92254
92227
43039
43037
141287
141284
141200
92027
91956
91864
91841
140954
91797
91757
116243
42493
42249
91254
140286
91050
41832
90907
41640
41595
41484
90599
90494
41337
41306
41234
90389
41230
40904
90009
89992
89799
89548
89510
89478
114039
40273
40264
40258
40237
40215
113949
40186
89227
40057
40033
89166
39996
39979
39944
39928
39924
39921
39918
39904
113631
39851
39829
39827
39758
138066
39748
39751
39731
39717
39712
39694
39653
39589
113323
39547
113288
39489
39480
113209
39459
39447
39438
39435
39419
39400
39387
39386
39383
39312
39248
39211
39210
39193
137383
39052
39045
39044
112789
38979
38970
38889
38882
38841
63413
38798
38788
63360
38763
38722
38699
38689
38668
38660
38651
38645
38631
38607
38602
38601
38600
38550
38548
38495
63087
38490
38462
63052
38444
38429
38427
38419
38409
62963
38368
38329
38304
38286
38267
38230
136525
38173
38157
38145
62720
62719
38126
38125
38108
62689
62657
136302
37977
37963
37914
136172
37858
62394
136110
136040
37717
37710
37713
37674
62250
62249
111402
62234
62173
62142
135862
135813
37438
37420
111166
61985
37380
111126
61955
61915
37302
61872
61871
61864
135568
37223
37222
37177
37123
61663
37052
37009
36996
135245
36898
11794
11792
36290
36273
36268
11704
60823
36199
11633
36179
11525
60661
36063
109775
11461
11356
60516
11324
11308
11284
35845
11275
11225
11203
11156
35681
10922
35470
60057
59882
35289
133566
59699
35106
59638
59578
34943
34906
34838
34804
59382
34769
133043
59315
34715
59256
34572
34547
59056
59043
59021
34320
108063
58903
58842
107953
34083
33960
58489
58488
58413
58412
58396
132043
58271
33606
33582
58170
58095
33442
33421
57965
131650
33320
57910
57906
131594
33269
33234
57787
33186
33178
33128
33003
57533
32926
57394
32798
32795
32714
32693
57281
32651
32611
32587
57160
32501
57054
57034
32370
32304
32227
7593
56746
130462
7518
32057
32052
7467
31998
31983
31982
56533
7358
7275
7262
7235
31799
7203
31770
130018
31701
7106
31379
31347
31322
31236
55717
129405
31064
31008
30942
30840
30762
55265
104211
5732
30012
54598
5276
5284
128102
5160
5068
5036
4990
4966
4907
4900
152371
4813
4724
4707
4610
4596
4599
53563
4397
4357
127260
4366
4317
4260
4189
127096
4210
4192
4160
102441
4151
102365
28574
151162
52762
28186
28137
52692
28020
3394
126268
27939
27932
3337
27917
3286
3289
27856
3240
3231
3144
52241
3000
2868
2867
2828
2829
2769
2690
2640
2662
2620
2588
2591
51735
125456
2515
2468
2486
2445
2448
149943
2440
2458
2429
2432
2428
2431
2438
2418
2392
51530
2373
2398
2364
2363
2309
2333
2301
2304
2299
2302
149775
51458
2272
125179
2223
2239
2242
2203
2196
2199
2182
2176
2175
2173
26747
2178
2149
2139
2142
2158
2132
2150
51307
2121
2120
75863
2126
2129
2097
2112
2107
51264
2078
75828
2096
2072
2040
2043
2036
2035
2019
1994
2021
2014
2005
51133
1976
1963
1934
149404
75598
26435
124594
26270
75339
26182
75288
50633
1476
26019
75173
148876
1373
1381
1343
1344
1317
1293
1265
75006
1237
1213
1199
50375
1185
50364
1178
74918
1159
1151
1179
50336
1036
74786
1023
981
926
123803
879
868
860
50017
148270
49953
74517
49921
148155
49841
123521
74312
74310
25153
74292
123445
520
25113
513
507
504
501
491
487
49651
426
49555
123276
49482
24902
147752
73999
24829
123120
49378
49372
24764
73898
147509
24599
122883
147478
122875
24528
24491
122763
24407
48947
24354
122655
24276
122579
48745
122448
122447
73234
73229
122380
48494
73028
48412
122132
72975
23764
146618
23644
146549
23576
23503
23489
23463
72553
23383
23365
23344
72496
23295
121527
146113
146109
121481
146065
146058
47741
121456
23130
23083
121344
96715
22950
145842
121198
22884
121182
145730
47391
121030
47259
120954
22638
22593
71744
22574
47048
22441
22391
120708
120687
22344
22319
120617
46878
145159
120558
120532
22218
22175
120466
22099
144985
22071
120371
22057
120327
144877
21875
120151
120144
21823
120114
120081
120063
144600
46273
21680
21652
144542
144509
21555
21547
119864
119846
21508
119785
144378
21450
21411
119708
95142
144302
144292
119696
21382
119693
144287
45941
45920
119638
144197
119573
21252
21255
21223
21174
21167
45741
21105
143981
119364
21027
143900
70122
70111
119220
143792
69998
143731
143677
69914
69913
143655
143632
69872
20704
118998
20684
20661
20646
20632
20608
69755
69753
143501
143472
69719
20561
143429
20498
143406
143404
20470
69605
20434
69585
20393
20322
69458
20295
94026
69432
143180
69411
20249
69395
118544
69361
143104
20159
44667
69226
69138
93728
118289
93660
69049
69030
68968
68930
93500
68863
93428
68777
68663
93240
93203
142356
142346
68565
142201
43808
142101
141886
117196
141760
30899
116924
30859
30747
92208
141181
55151
128872
116526
104096
54807
153090
5153
5110
152587
5040
41744
4786
4663
41543
4583
53740
41451
4553
115174
4482
4414
114972
4343
28933
4301
28877
114772
28617
114609
53068
28421
28309
114143
52633
114065
114066
1734
12266
12252
61435
12213
12210
110538
61363
12193
49032
36730
61277
73558
36704
61289
36631
12035
12038
12014
122608
12017
11938
61062
11929
11829
11827
11823
11822
122424
73267
11817
11804
60987
11801
11791
11787
11786
11781
11768
11733
11732
11731
11722
11721
11710
11708
11698
11693
109995
11681
11668
60819
11619
11617
11610
60711
36104
11511
23781
11484
11482
11506
36037
11431
11428
11450
146609
11399
11373
11358
11347
11354
11323
60499
11313
11309
11306
11297
11317
11288
11265
109568
11251
11250
11273
35826
11233
11198
11201
11167
11155
11133
11129
11087
11070
11081
11052
11047
11045
10961
60108
23229
121534
10931
146024
59913
22966
59848
59723
59737
145723
59696
59541
59534
133224
34910
34844
108565
59422
34829
34814
120763
59181
46860
120487
59062
46662
58915
21951
58810
58799
58785
21841
120108
7635
7607
7597
7608
7559
56711
7581
7506
7500
7514
7479
7450
7453
7438
7411
1278
7386
142555
56531
7325
31881
7288
142478
7279
7256
7252
1074
1118
1089
7227
7218
7212
7202
7229
7186
7189
7214
7185
7180
56365
7145
7122
7138
7141
7112
7098
7080
7083
7061
7033
6987
6977
6958
6957
92962
117525
55698
31096
31036
55403
30826
61451
12262
147461
110576
55294
12246
30673
12244
12235
12234
24515
12220
12217
36802
36792
24487
12198
24482
73633
116655
104319
116566
42784
73481
12024
73465
24305
30443
12011
12001
5834
11998
5832
110307
24263
54960
5802
11930
104074
54917
11914
54905
11913
5735
5741
61069
122482
5701
11862
11839
11825
42550
11816
60998
11799
11798
103946
11780
103928
11779
54814
11767
11766
11752
11726
11724
11727
11716
11719
122319
103879
103878
54721
11714
54705
11711
11703
11688
103839
5531
36272
116127
5524
36254
11648
11647
36222
11622
11621
36211
146807
146791
73038
54625
5397
5407
5361
146725
5354
5369
5359
11498
5345
5312
152810
5318
5298
5275
5249
5250
11400
5243
11391
72835
5238
5233
5230
5226
11372
5201
5204
72814
5211
152679
72800
11353
11352
11346
5180
5176
54332
5190
97377
109680
128070
11320
5166
5165
11305
11304
5138
11294
11289
11282
5115
5130
146472
11262
11258
11259
54247
5090
60411
5045
11208
11204
109545
152543
11189
5038
54190
54205
11169
109505
54166
4986
11149
4992
11144
35736
121740
72583
152444
4970
35653
152352
4837
54010
152349
10965
152271
53981
10927
53956
4743
4754
10901
10897
4735
53861
4686
53806
152148
53812
35334
127439
145888
53667
59795
53658
22924
41363
145830
59806
4391
4377
114912
4290
4269
4247
28823
4231
4167
4138
151608
102431
4139
28685
28666
28654
59358
59335
120743
28572
59233
28377
114405
114383
3671
28248
3645
3636
3587
58728
3349
27924
52463
52477
52450
3256
52379
3217
3212
3206
3171
3153
126060
3128
52300
52295
52292
3121
3102
3093
3094
52264
3089
27682
125993
3082
3080
3083
27669
3090
3074
52221
3062
3077
3058
3038
52198
3056
119806
3034
21485
52176
3026
3009
3012
3004
3007
52158
3001
27593
2999
2992
2988
3002
2993
2970
52125
2964
58318
2963
52134
52115
125865
2952
2949
2965
2946
52103
150435
2942
2950
33694
2932
58282
2930
2929
27511
2933
52066
2909
2921
2902
2917
2899
58244
2889
2888
2898
52040
2879
52035
2877
52047
125775
2863
2856
2859
52014
2853
2850
2864
52011
2833
2825
2822
51993
2817
2813
51996
150284
2806
2809
2807
2819
2801
2790
2788
51948
2784
51944
2799
2780
2783
125690
27376
2777
2792
2773
2762
2754
2772
2743
27336
2761
51902
2739
2741
2738
2729
51886
2724
2718
51868
2701
2713
27285
51863
2697
2679
2670
2665
2664
2675
51857
2654
2666
51799
2657
2641
2635
2649
51835
2644
2625
2624
2639
2622
2634
51787
2630
2611
2610
2613
2612
2608
2621
2601
2604
51756
2599
2594
2596
2592
2607
2589
2586
2582
2580
2579
51763
2565
2563
2558
2561
2557
2559
2543
51715
2538
2552
76286
76285
2529
2544
51691
2534
2508
2517
70113
2498
2514
2510
2494
2497
2493
51668
51649
2500
27078
2478
2473
2476
149947
2488
149946
2467
2459
2474
2451
2454
2449
2443
2437
2441
51584
2442
2426
2425
2416
2419
2433
51585
2423
2402
2405
2400
2403
2394
2397
2386
2389
2383
2381
2362
2358
2376
2374
2350
76099
2345
51545
2359
2357
2341
2334
2348
2326
2310
26903
2325
2330
2312
2315
51471
2314
2294
2285
2322
2293
2290
2282
2277
2280
26844
2295
149769
149740
2244
26852
2235
2245
2229
26820
2271
51428
2222
2221
2236
2261
2232
2206
2217
2220
2230
51397
2193
2165
2168
2166
2181
2145
2189
2160
2170
51298
2153
2156
2152
2131
2140
2133
2130
2124
2106
2105
2118
2094
2109
2104
2103
75837
75806
2071
2069
2062
2070
2073
51230
51188
2010
51211
2025
2024
2001
2004
149493
2026
51183
1997
2012
1987
1999
2002
1983
1995
51155
1998
1993
1964
75714
2008
51165
1986
1957
1937
1935
51061
69489
51064
20307
75593
57191
50984
124704
50993
149281
149266
118543
20229
75525
1751
50911
1742
1743
1740
1749
1759
124640
149216
50869
149162
75409
149161
69261
69246
75346
75340
38482
26143
50685
26120
50717
50658
75249
7643
7638
1463
124351
56794
1430
26018
75174
1417
93620
7579
1427
7571
1418
7566
1412
7558
1404
1400
1383
1362
75112
7508
1339
1337
7491
1325
7488
1318
7482
1327
1326
28979
7475
1324
1323
1307
50476
1319
1315
1314
1297
53532
28968
7462
1311
1310
1294
1309
151874
1306
1304
1300
50456
1299
4361
7442
1286
1262
1275
25844
1251
7401
1279
1250
108785
7375
1202
1197
1176
4275
7324
7327
1173
1163
1145
1157
7304
1153
1161
148606
1132
1130
1129
1127
1121
1131
7298
1108
1095
7260
1106
50250
1093
1104
31847
1092
1116
1087
1081
4158
7223
1072
4150
1070
41030
1066
142404
7205
1083
1054
74785
7215
7183
1032
7181
1030
56354
7162
1011
1001
7143
28641
7135
980
74713
960
967
946
102319
915
924
114602
917
920
148421
28570
911
874
886
885
881
50013
871
858
861
59247
7008
25427
6982
6974
6967
6961
125234
6950
28451
2321
2320
2308
2306
2298
57648
53032
2288
49917
2292
2284
2283
2258
125168
49904
3791
2247
2243
123584
28344
26807
123572
2195
49817
51322
55959
49782
74334
2117
2114
58986
28220
58975
2101
2095
531
2055
527
3589
1292
523
1290
518
521
495
1273
7421
1269
529
74226
124923
151794
7404
484
475
478
1246
2003
75753
472
474
151795
7393
457
74207
4319
1240
471
7388
2011
463
466
129522
449
1231
490
461
453
452
123340
448
1975
75725
429
432
444
447
446
445
1212
1196
439
2006
51163
6963
1958
430
1969
1968
454
425
1184
415
75701
408
1171
1169
147867
1144
92578
417
49574
1140
7305
1154
49571
381
1149
1922
1147
124053
1146
7294
1143
117128
7293
1142
1134
7282
49929
1926
25320
2276
1111
49518
2257
1082
74063
1107
1077
26429
1075
49874
26416
2207
2209
27943
58879
489
492
124700
55791
440
26757
21754
148111
623
75512
1981
424
985
423
31360
24805
411
51503
6940
982
1170
49394
392
863
3205
2204
2248
73844
38711
862
30919
382
27706
3227
31471
52393
125167
24921
418
148435
75792
514
20248
21784
49451
7380
27878
104715
58443
104492
7318
1167
28055
497
877
143001
24701
28203
1041
51097
944
7020
51164
1978
117218
435
74479
931
2225
41023
1267
2205
49459
1138
1281
512
7435
1284
925
2200
