0
2
5
6
8
12
15
20
27
30
32
36
41
45
47
49
51
54
56
59
64
66
70
72
75
76
78
81
84
87
88
89
98
113
116
664
686
728
730
732
742
745
752
762
775
784
812
834
850
856
860
878
889
894
899
902
904
913
939
950
990
1006
1019
1048
1074
1078
1101
1106
1109
1112
1116
1124
1138
1147
1153
1163
1171
1177
1179
1216
1219
1226
1228
1229
1233
1235
1254
1271
1276
1288
1294
1296
1302
1340
1372
1373
1374
1379
1383
1384
1385
1391
1393
1396
1397
1402
1405
1408
1409
1413
1415
1421
1428
1438
1443
1445
1447
1448
1460
1464
1469
1470
1474
1476
1479
1481
1482
1483
1484
1489
1495
1499
1504
1506
1507
1510
1511
1521
1522
1523
1524
1526
1529
1530
1531
1536
1538
1544
1545
1547
1548
1549
1555
1558
1561
1562
1564
1568
1569
1572
1574
1576
1577
1579
1580
1585
1586
1588
1589
1592
1593
1598
1600
1603
1607
1608
1611
1612
1613
1616
1618
1623
1624
1630
1632
1634
1635
1636
1637
1638
1639
1640
1642
1644
1645
1647
1650
1651
1652
1655
1656
1657
1658
1660
1661
1664
1667
1668
1671
1673
1675
1676
1677
1679
1680
1681
1688
1690
1696
1697
1702
1703
1705
1709
1710
1711
1713
1714
1717
1718
1719
1721
1725
1726
1728
1729
1730
1732
1733
1736
1737
1738
1739
1742
1746
1747
1752
1754
1756
1759
1761
1762
1763
1766
1767
1774
1775
1776
1777
1778
1779
1780
1782
1784
1787
1790
1791
1793
1794
1795
1796
1797
1798
1802
1804
1808
1809
1810
1813
1814
1815
1817
1821
1823
1824
1825
1826
1830
1833
1834
1835
1836
1837
1838
1839
1841
1842
1843
1848
1849
1850
1852
1854
1856
1857
1860
1863
1866
1867
1868
1870
1873
1874
1876
1878
1880
1882
1887
1888
1889
1890
1893
1902
1906
1907
1910
1911
1912
1914
1915
1918
1921
1923
1926
1931
1936
1938
1940
1941
1943
1945
1946
1947
1948
1949
1950
1951
1954
1956
1957
1958
1959
1960
1964
1966
1967
1968
1969
1970
1973
1981
1982
1984
1985
1986
1989
1990
1993
1994
1995
1996
1997
1999
2003
2004
2008
2009
2011
2012
2015
2016
2017
2018
2019
2020
2021
2023
2028
2030
2031
2033
2034
2036
2040
2041
2042
2044
2046
2047
2048
2050
2053
2055
2057
2058
2059
2060
2061
2062
2063
2064
2065
2066
2067
2068
2069
2071
2072
2073
2075
2077
2078
2081
2082
2085
2087
2088
2089
2092
2093
2094
2095
2096
2097
2098
2099
2100
2101
2102
2103
2104
2107
2108
2109
2110
2111
2114
2115
2116
2119
2120
2121
2123
2124
2125
2127
2128
2131
2133
2134
2135
2136
2139
2142
2143
2144
2145
2146
2147
2148
2149
2151
2152
2154
2155
2156
2158
2159
2160
2161
2162
2163
2164
2165
2166
2167
2168
2171
2172
2173
2174
2176
2177
2178
2179
2180
2181
2182
2183
2184
2187
2188
2189
2191
2192
2193
2194
2195
2198
2200
2202
2205
2206
2207
2208
2209
2211
2213
2214
2215
2216
2217
2218
2219
2220
2221
2223
2224
2225
2229
2230
2232
2233
2234
2235
2237
2238
2239
2240
2241
2242
2244
2245
2247
2248
2249
2250
2252
2253
2254
2255
2256
2259
2260
2261
2262
2263
2265
2266
2267
2270
2271
2272
2273
2274
2275
2276
2277
2278
2279
2280
2282
2284
2286
2288
2290
2291
2293
2295
2296
2297
2299
2301
2303
2304
2305
2306
2307
2308
2309
2310
2312
2314
2315
2316
2317
2320
2321
2322
2323
2324
2325
2327
2328
2329
2330
2333
2334
2335
2337
2339
2343
2345
2346
2348
2349
2352
2357
2358
2361
2365
2368
2370
2371
2375
2376
2378
2380
2383
2384
2386
2387
2389
2391
2393
2394
2395
2397
2398
2399
2400
2401
2403
2407
2409
2410
2411
2412
2413
2415
2416
2417
2422
2424
2425
2426
2427
2428
2430
2431
2432
2433
2434
2435
2436
2437
2439
2440
2441
2444
2446
2447
2448
2450
2451
2452
2453
2455
2456
2457
2458
2462
2463
2464
2465
2466
2467
2468
2470
2472
2473
2477
2478
2481
2484
2485
2486
2487
2491
2492
2494
2495
2501
2502
2505
2506
2507
2510
2511
2512
2514
2516
2517
2518
2520
2521
2522
2524
2527
2529
2530
2531
2534
2536
2539
2540
2544
2546
2547
2548
2549
2551
2552
2558
2561
2562
2566
2567
2569
2573
2575
2576
2577
2580
2581
2582
2584
2585
2587
2589
2590
2591
2592
2593
2594
2595
2596
2598
2599
2600
2601
2604
2605
2607
2609
2613
2615
2617
2618
2621
2622
2625
2626
2627
2629
2630
2633
2635
2636
2639
2640
2642
2643
2644
2647
2650
2651
2653
2654
2655
2656
2658
2659
2661
2663
2664
2667
2668
2670
2671
2674
2675
2679
2689
2691
2692
2693
2697
2698
2699
2700
2703
2705
2706
2707
2709
2711
2712
2714
2716
2717
2719
2723
2724
2726
2730
2735
2736
2737
2738
2739
2740
2741
2743
2744
2746
2747
2749
2750
2752
2754
2755
2756
2758
2759
2760
2761
2762
2764
2765
2767
2768
2769
2770
2773
2774
2777
2778
2779
2782
2784
2785
2787
2788
2791
2793
2795
2796
2797
2799
2800
2802
2804
2806
2809
2813
2815
2816
2817
2823
2824
2830
2831
2834
2835
2836
2838
2841
2842
2844
2845
2847
2849
2850
2853
2855
2856
2860
2863
2865
2868
2869
2870
2871
2873
2875
2878
2880
2881
2882
2884
2885
2888
2889
2892
2893
2894
2896
2898
2899
2900
2903
2908
2911
2915
2920
2921
2922
2923
2926
2927
2930
2931
2934
2935
2938
2940
2941
2945
2946
2947
2948
2949
2950
2951
2952
2954
2956
2957
2958
2960
2961
2962
2963
2964
2965
2967
2969
2970
2971
2972
2973
2975
2976
2977
2978
2979
2980
2981
2983
2984
2985
2986
2987
2988
2989
2990
2991
2993
2994
2996
2997
2998
2999
3000
3001
3002
3003
3005
3006
3010
3011
3012
3014
3015
3016
3017
3018
3019
3021
3022
3023
3024
3025
3027
3029
3030
3031
3032
3033
3034
3035
3036
3037
3038
3040
3041
3042
3043
3045
3046
3047
3048
3049
3050
3052
3053
3055
3057
3058
3059
3060
3061
3063
3065
3066
3067
3069
3071
3076
3077
3079
3080
3081
3084
3085
3088
3092
3094
3095
3097
3098
3100
3101
3102
3105
3108
3110
3111
3115
3118
3121
3125
3126
3129
3130
3131
3133
3139
3147
3149
3150
3151
3152
3153
3154
3155
3157
3159
3160
3161
3162
3165
3166
3169
3170
3172
3174
3176
3177
3178
3181
3182
3183
3184
3188
3189
3190
3191
3192
3194
3196
3197
3199
3200
3201
3202
3203
3205
3206
3207
3208
3210
3212
3213
3215
3216
3218
3219
3221
3222
3223
3224
3225
3229
3230
3231
3232
3233
3234
3236
3237
3238
3240
3241
3243
3244
3245
3246
3248
3249
3251
3252
3253
3254
3255
3258
3259
3260
3261
3262
3263
3264
3268
3270
3276
3278
3280
3282
3283
3285
3291
3293
3294
3295
3296
3298
3299
3300
3301
3306
3307
3310
3313
3316
3317
3319
3320
3322
3323
3325
3330
3332
3333
3335
3336
3337
3338
3339
3343
3344
3347
3348
3349
3353
3354
3355
3357
3358
3359
3360
3362
3364
3368
3369
3370
3371
3372
3374
3375
3379
3380
3381
3382
3383
3384
3385
3386
3389
3392
3397
3400
3401
3402
3404
3406
3407
3414
3418
3420
3421
3422
3424
3426
3427
3428
3429
3430
3431
3432
3433
3434
3435
3436
3439
3440
3441
3442
3443
3444
3445
3446
3447
3449
3450
3458
3461
3464
3465
3468
3470
3471
3472
3473
3474
3475
3476
3477
3479
3480
3483
3488
3490
3491
3492
3496
3497
3498
3499
3500
3503
3504
3505
3507
3510
3511
3514
3516
3517
3518
3520
3521
3522
3523
3528
3532
3533
3534
3535
3536
3537
3539
3542
3543
3546
3547
3548
3549
3550
3551
3552
3555
3558
3559
3562
3564
3565
3566
3567
3569
3572
3574
3575
3576
3577
3579
3580
3581
3586
3588
3589
3593
3595
3596
3597
3598
3600
3602
3603
3605
3608
3610
3611
3612
3613
3615
3618
3620
3621
3622
3623
3626
3627
3629
3631
3634
3637
3638
3639
3640
3642
3648
3653
3657
3661
3665
3668
3669
3670
3671
3672
3673
3674
3675
3677
3678
3679
3681
3682
3683
3684
3685
3686
3691
3693
3694
3696
3697
3701
3703
3705
3706
3709
3710
3713
3714
3715
3721
3723
3724
3726
3733
3735
3736
3738
3740
3742
3743
3744
3745
3746
3747
3749
3750
3751
3754
3755
3756
3758
3759
3760
3761
3762
3764
3765
3766
3768
3770
3771
3772
3774
3775
3776
3777
3779
3781
3782
3783
3784
3785
3786
3787
3788
3789
3790
3791
3792
3794
3795
3796
3797
3798
3801
3803
3804
3806
3808
3809
3810
3811
3812
3813
3814
3815
3816
3817
3818
3819
3820
3821
3822
3825
3826
3827
3828
3829
3830
3832
3833
3834
3836
3837
3838
3839
3840
3841
3842
3843
3844
3845
3846
3850
3851
3852
3853
3854
3857
3858
3859
3860
3862
3863
3865
3871
3872
3876
3878
3879
3881
3882
3884
3889
3891
3892
3893
3894
3896
3897
3898
3899
3900
3901
3902
3903
3905
3906
3907
3908
3910
3911
3912
3914
3915
3919
3920
4666
4834
5267
5400
5432
5453
5454
5482
5498
5499
5501
5537
5599
5605
5639
5688
5691
5695
5699
5705
5706
5715
5721
5723
5730
5731
5738
5767
5777
5785
5791
5842
5843
5845
5879
5893
5903
5907
5908
5912
5915
5916
5917
5919
5921
5923
5930
5932
5946
5952
5953
5956
5960
5963
5964
5985
5990
5991
6004
6010
6020
6021
6048
6055
6057
6066
6069
6070
6076
6079
6081
6083
6084
6087
6095
6111
6133
6146
6153
6154
6171
6175
6185
6186
6191
6201
6203
6215
6219
6223
6224
6228
6231
6236
6239
6241
6260
6267
6270
6280
6281
6289
6303
6318
6325
6336
6338
6347
6350
6354
6355
6368
6370
6373
6377
6381
6384
6385
6399
6401
6402
6404
6407
6408
6409
6413
6414
6418
6420
6422
6425
6428
6430
6437
6441
6442
6446
6448
6453
6469
6471
6476
6477
6482
6484
6489
6498
6506
6509
6511
6518
6528
6533
6534
6535
6540
6543
6545
6556
6566
6571
6577
6589
6591
6599
6601
6611
6613
6616
6617
6627
6628
6631
6633
6635
6641
6647
6648
6650
6651
6655
6658
6659
6660
6662
6673
6675
6677
6683
6685
6686
6692
6699
6700
6704
6706
6717
6719
6721
6736
6745
6747
6770
6785
6789
6795
6809
6831
6843
6859
6862
6870
6875
6884
6889
6899
6901
6902
6906
6907
6910
6917
6925
6926
6928
6940
6942
6944
6947
6948
6951
6952
6957
6960
6963
6965
6969
6984
6990
7002
7014
7021
7035
7040
7042
7043
7045
7049
7051
7054
7055
7056
7058
7059
7061
7065
7066
7067
7069
7071
7073
7077
7078
7081
7083
7088
7089
7090
7091
7092
7093
7094
7095
7096
7098
7106
7117
7119
7124
7132
7138
7139
7151
7154
7159
7165
7167
7169
7185
7191
7192
7197
7198
7199
7206
7207
7235
7244
7276
7280
7284
7297
7300
7312
7320
7327
7350
7351
7355
7363
7364
7373
7396
7401
7404
7411
7413
7418
7442
7446
7456
7460
7466
7472
7475
7480
7481
7482
7492
7496
7505
7506
7510
7513
7518
7520
7521
7525
7528
7534
7541
7546
7547
7556
7566
7569
7573
7575
7577
7579
7593
7594
7602
7604
7606
7609
7627
7632
7633
7635
7640
7641
7645
7655
7656
7660
7661
7666
7667
7670
7673
7675
7676
7680
7681
7684
7688
7690
7693
7697
7700
7705
7711
7714
7715
7720
7725
7729
7732
7733
7742
7743
7745
7746
7750
7751
7758
7763
7767
7774
7779
7784
7790
7795
7802
7808
7819
7820
7821
7822
7826
7827
7832
7844
7850
7851
7860
7865
7868
7875
7886
7893
7899
7900
7902
7903
7907
7911
7922
7928
7936
7941
7944
7951
7955
7961
7986
7987
7989
7990
7997
8003
8018
8019
8036
8037
8039
8040
8055
8059
8061
8063
8067
8070
8072
8075
8080
8083
8088
8096
8098
8108
8115
8119
8120
8124
8125
8133
8134
8139
8141
8151
8154
8155
8159
8161
8165
8169
8242
8294
8316
8617
8636
8640
8649
8760
8769
8778
8780
8817
8830
8833
8848
8856
8859
8872
8889
8934
8941
8953
8965
9309
9341
9348
9353
9372
9381
9388
9508
9519
9521
9534
9542
9566
9579
9596
9636
9647
9659
9690
9693
9698
9707
9724
9752
9763
9795
9805
9822
9832
9855
9918
9927
9933
9943
9971
9991
10023
10097
10099
10103
10106
10113
10119
10130
10131
10134
10140
10144
10145
10159
10161
10164
10175
10176
10178
10181
10186
10189
10195
10198
10199
10212
10217
10219
10220
10222
10224
10227
10231
10232
10235
10236
10240
10241
10258
10275
10291
10295
10296
10300
10310
10314
10319
10323
10325
10329
10333
10336
10339
10373
10377
10382
10389
10393
10400
10402
10407
10438
10439
10441
10442
10445
10454
10456
10457
10468
10470
10474
10476
10480
10488
10499
10501
10504
10509
10510
10511
10530
10533
10549
10553
10559
10565
10567
10577
10586
10589
10593
10605
10607
10608
10612
10613
10616
10619
10620
10621
10623
10634
10650
10656
10669
10673
10685
10701
10717
10722
10725
10729
10732
10740
10742
10756
10761
10766
10781
10783
10785
10791
10792
10799
10808
10813
10814
10822
10827
10831
10837
10838
10845
10855
10856
10857
10858
10862
10869
10872
10874
10881
10890
10907
10915
10916
10919
10921
10924
10926
10931
10935
10937
10940
10947
10952
10962
10966
10970
10971
10973
10979
10984
10985
10986
10996
11002
11008
11011
11013
11014
11015
11024
11031
11035
11036
11038
11048
11049
11050
11054
11058
11059
11060
11063
11066
11070
11072
11074
11077
11082
11089
11093
11094
11097
11102
11103
11105
11106
11107
11111
11112
11117
11121
11122
11124
11131
11144
11145
11148
11149
11150
11151
11152
11160
11167
11170
11173
11174
11176
11181
11185
11190
11195
11200
11202
11204
11207
11209
11213
11217
11227
11238
11239
11245
11247
11252
11254
11257
11266
11273
11278
11288
11289
11293
11304
11320
11335
11336
11340
11342
11344
11353
11358
11372
11374
11383
11390
11407
11416
11420
11424
11427
11433
11439
11458
11466
11468
11470
11471
11472
11473
11478
11483
11486
11488
11490
11495
11499
11505
11506
11509
11510
11513
11515
11524
11526
11528
11536
11541
11543
11544
11547
11548
11552
11553
11561
11563
11569
11574
11578
11579
11600
11603
11608
11612
11619
11622
11628
11633
11634
11636
11637
11639
11645
11650
11658
11663
11672
11675
11678
11682
11683
11686
11692
11694
11698
11699
11704
11705
11722
11729
11734
11743
11750
11756
11765
11768
11777
11795
11799
11808
11827
11833
11839
11846
11848
11855
11860
11862
11872
11874
11880
11881
11882
11895
11899
11907
11939
11965
11966
11968
11970
11978
11981
11988
11990
11994
11995
12001
12009
12012
12019
12020
12028
12030
12041
12061
12074
12078
12079
12080
12083
12086
12091
12094
12098
12099
12100
12101
12102
12104
12113
12117
12129
12134
12139
12143
12146
12155
12158
12159
12162
12171
12175
12189
12192
12199
12212
12232
12241
12246
12249
12251
12253
12256
12264
12265
12268
12275
12277
12278
12280
12285
12294
12295
12296
12301
12309
12310
12314
12316
12317
12320
12326
12328
12333
12338
12341
12343
12360
12366
12367
12370
12396
12409
12420
12423
12433
12453
12460
12475
12479
12484
12491
12495
12504
12507
12521
12527
12543
12547
12556
12565
12585
12587
12593
12595
12597
12603
12628
12630
12645
12648
12707
12716
12722
12728
12729
12739
12780
12785
12798
12815
12820
12823
12826
12837
12847
12861
12901
12963
12966
12977
12979
12994
13011
13028
13031
13041
13042
13048
13067
13077
13100
13126
13127
13143
13152
13167
13169
13171
13173
13178
13180
13182
13186
13202
13203
13212
13214
13220
13225
13229
13234
13238
13240
13242
13247
13249
13258
13262
13268
13269
13270
13273
13275
13283
13284
13286
13289
13291
13300
13303
13306
13312
13317
13318
13329
13330
13337
13340
13343
13346
13362
13373
13381
13390
13391
13392
13395
13398
13401
13465
13469
13474
13480
13483
13494
13498
13513
13515
13537
13547
13558
13568
13572
13575
13576
13578
13579
13580
13582
13584
13586
13593
13598
13641
13663
13665
13681
13685
13701
13703
13709
13726
13729
13748
13750
13782
13784
13825
13842
13852
13861
13883
13891
13901
13914
13928
13965
13969
13995
14001
14005
14015
14019
14022
14037
14040
14083
14087
14089
14101
14137
14160
14178
14200
14202
14219
14249
14323
14333
14394
14519
14540
14543
14570
14614
14644
14649
14650
14672
14673
14682
14686
14692
14696
14697
14699
14715
14751
14760
14763
14780
14783
14795
14814
14829
14836
14838
14842
14846
14848
14857
14858
14870
14877
15098
15128
15132
15148
15161
15265
15277
15284
15316
15399
15414
15518
15527
15716
15794
15866
15928
15991
16016
16017
16045
16110
16225
16309
16333
16379
16438
16518
16695
16721
16730
16732
16733
16734
16739
16761
16771
16777
16786
16811
16829
16866
16867
16899
16934
16941
16946
16951
16998
17003
17012
17031
17049
17057
17061
17098
17114
17128
17148
17167
17189
17191
17194
17200
17205
17223
17258
17270
17297
17315
17334
17349
17353
17362
17365
17366
17374
17389
17395
17397
17399
17423
17447
17456
17460
17465
17480
17499
17519
17525
17536
17544
17561
17601
17621
17622
17629
17634
17641
17645
17647
17652
17657
17664
17679
17681
17694
17705
17708
17710
17733
17738
17742
17745
17751
17754
17756
17759
17763
17766
17771
17781
17793
17801
17814
17821
17822
17826
17832
17839
17844
17854
17862
17872
17878
17881
17886
17890
17898
17906
17918
17919
17924
17926
17930
17951
17962
17968
17970
17971
17973
17974
17979
17981
17988
17998
18014
18015
18017
18029
18030
18034
18051
18059
18060
18065
18068
18082
18090
18094
18108
18115
18119
18143
18145
18159
18161
18165
18176
18179
18192
18195
18196
18197
18202
18213
18221
18222
18223
18224
18226
18227
18230
18232
18234
18236
18242
18249
18257
18258
18272
18280
18283
18297
18301
18303
18308
18324
18326
18329
18334
18335
18336
18337
18348
18359
18360
18367
18397
18412
18414
18418
18419
18421
18422
18429
18432
18440
18448
18455
18457
18463
18465
18470
18478
18484
18493
18500
18505
18506
18526
18538
18544
18549
18566
18568
18572
18582
18585
18589
18624
18629
18637
18649
18650
18676
18685
18695
18696
18697
18707
18722
18740
18742
18758
18777
18788
18789
18806
18810
18816
18818
18833
18834
18840
18845
18864
18865
18869
18894
18923
18947
18952
18970
18975
18986
18988
18991
19006
19023
19026
19029
19036
19038
19046
19048
19058
19069
19087
19098
19100
19102
19108
19135
19146
19149
19152
19160
19161
19168
19170
19180
19189
19211
19216
19219
19220
19237
19250
19267
19270
19274
19275
19276
19279
19282
19297
19305
19308
19315
19322
19323
19343
19348
19351
19356
19357
19360
19365
19367
19422
19432
19443
19458
19459
19470
19488
19498
19506
19516
19517
19527
19535
19542
19543
19547
19551
19555
19563
19579
19585
19592
19615
19616
19632
19652
19658
19664
19685
19690
19701
19713
19735
19746
19748
19749
19758
19763
19787
19799
19808
19813
19829
19831
19832
19856
19873
19879
19880
19887
19889
19895
19902
19927
19928
19931
19936
19940
19959
19987
20008
20009
20010
20012
20015
20016
20035
20040
20042
20044
20073
20075
20083
20087
20088
20093
20105
20107
20109
20114
20116
20118
20119
20130
20138
20144
20149
20154
20159
20160
20166
20171
20183
20185
20186
20190
20199
20206
20207
20211
20212
20218
20220
20228
20231
20240
20243
20253
20261
20264
20272
20284
20285
20298
20299
20306
20309
20319
20321
20328
20330
20332
20333
20334
20336
20347
20349
20352
20354
20356
20358
20361
20362
20364
20367
20375
20384
20396
20407
20408
20417
20419
20420
20426
20427
20428
20434
20446
20471
20486
20488
20492
20494
20495
20496
20512
20515
20517
20539
20542
20545
20547
20559
20562
20563
20582
20588
20590
20594
20596
20598
20612
20632
20654
20656
20673
20685
20697
20702
20722
20729
20741
20742
20746
20754
20764
20767
20775
20777
20779
20780
20783
20784
20786
20816
20820
20828
20829
20834
20837
20840
20845
20848
20858
20868
20872
20873
20879
20885
20890
20891
20898
20899
20901
20911
20928
20929
20935
20941
20943
20948
20957
20966
20974
20984
21001
21008
21009
21012
21018
21034
21044
21049
21053
21058
21064
21070
21071
21079
21084
21087
21094
21107
21109
21118
21131
21132
21136
21138
21146
21155
21158
21161
21169
21199
21201
21206
21210
21223
21234
21237
21239
21244
21252
21255
21264
21273
21293
21297
21299
21318
21321
21331
21342
21344
21352
21355
21368
21369
21377
21378
21392
21395
21400
21401
21404
21406
21408
21418
21424
21431
21436
21440
21442
21444
21445
21467
21468
21482
21486
21490
21494
21495
21498
21502
21503
21508
21514
21515
21518
21528
21534
21538
21541
21543
21546
21547
21551
21556
21558
21564
21568
21573
21574
21577
21580
21581
21584
21588
21594
21596
21598
21600
21602
21604
21605
21607
21609
21611
21613
21615
21616
21619
21628
21631
21632
21634
21639
21643
21646
21649
21650
21653
21657
21658
21662
21672
21673
21679
21683
21688
21690
21703
21706
21712
21714
21718
21723
21724
21729
21731
21732
21733
21742
21748
21756
21763
21804
21806
21825
21834
21835
21837
21840
21844
21850
22160
22166
22190
22202
22243
22247
22248
22258
22262
22271
22281
22282
22287
22292
22302
22304
22307
22316
22320
22322
22325
22326
22327
22328
22331
22333
22334
22341
22342
22343
22350
22394
22397
22402
22406
22410
22412
22426
22434
22447
22451
22453
22456
22461
22467
22473
22505
22507
22515
22520
22528
22533
22543
22546
22635
22807
22819
22820
24517
24567
24569
24570
24608
24626
24631
24642
24645
24647
24653
24659
24663
24666
24678
24684
24691
24700
24705
24706
24713
24718
24735
24741
24745
24751
24769
24979
25007
25014
25023
25039
25040
25046
25048
25051
25054
25065
25083
25102
25112
25123
25125
25130
25133
25143
25163
25170
25173
25179
25186
25193
25195
25198
25200
25218
25219
25234
25236
25238
25248
25251
25279
25290
25296
25308
25314
25319
25333
25343
25362
25380
25387
25404
25415
25421
25425
25428
25458
25519
25522
25524
25525
25542
25545
25567
25583
25586
25587
25593
25594
25596
25628
25629
25630
25637
25638
25643
25647
25650
25661
25665
25676
25677
25681
25682
25691
25698
25711
25715
25719
25734
25736
25745
25748
25751
25758
25771
25790
25800
25805
25825
25832
25850
25877
25883
25893
25906
25908
25914
25916
25920
25929
25930
25945
25954
25956
25963
25969
25995
25996
26005
26020
26023
26029
26030
26033
26048
26058
26059
26067
26068
26074
26090
26093
26100
26107
26111
26118
26123
26130
26133
26145
26175
26207
26210
26223
26232
26253
26283
26286
26289
26294
26299
26307
26308
26310
26313
26314
26317
26320
26321
26328
26329
26336
26345
26348
26350
26360
26369
26371
26380
26413
26414
26426
26430
26436
26441
26445
26453
26456
26462
26466
26467
26471
26480
26486
26491
26505
26509
26519
26523
26533
26538
26540
26546
26548
26550
26559
26567
26570
26581
26584
26588
26593
26599
26602
26606
26610
26611
26614
26617
26619
26622
26625
26630
26635
26638
26640
26643
26654
26657
26667
26669
26674
26676
26677
26679
26695
26703
26709
26712
26714
26718
26746
26748
26757
26759
26763
26765
26775
26791
26793
26798
26804
26805
26807
26812
26814
26830
26831
26835
26844
26849
26857
26859
26874
26876
26881
26902
26909
26920
26946
26953
26965
26974
26980
26982
26987
26998
27006
27011
27012
27014
27018
27023
27035
27038
27045
27051
27068
27085
27088
27094
27097
27110
27111
27122
27137
27146
27164
27174
27176
27187
27190
27215
27232
27234
27239
27257
27265
27268
27273
27283
27287
27293
27296
27304
27326
27336
27339
27351
27360
27378
27382
27390
27399
27425
27427
27440
27448
27449
27458
27459
27462
27463
27471
27472
27482
27485
27486
27489
27492
27494
27497
27499
27501
27506
27513
27541
27548
27550
27552
27553
27554
27560
27561
27563
27565
27574
27577
27578
27594
27598
27603
27604
27611
27613
27617
27620
27629
27632
27638
27653
27657
27689
27700
27715
27722
27731
27757
27761
27764
27766
27779
27780
27789
27790
27806
27816
27822
27823
27841
27849
27867
27872
27913
27920
27927
27931
27944
27953
27956
27958
27998
28006
28016
28031
28040
28042
28066
28069
28080
28089
28093
28097
28102
28104
28106
28120
28124
28129
28131
28135
28138
28143
28150
28151
28171
28175
28177
28192
28197
28219
28224
28229
28235
28237
28246
28255
28271
28275
28310
28323
28328
28350
28359
28375
28378
28381
28383
28386
28388
28396
28399
28400
28401
28404
28405
28406
28408
28410
28416
28424
28430
28431
28433
28444
28448
28451
28453
28457
28460
28462
28463
28466
28467
28469
28470
28472
28482
28486
28491
28492
28503
28507
28510
28516
28520
28522
28533
28543
28545
28547
28584
28586
28591
28597
28600
28606
28608
28615
28618
28623
28629
28632
28638
28641
28654
28658
28660
28662
28668
28669
28680
28681
28682
28691
28697
28698
28704
28715
28725
28727
28730
28735
28751
28752
28766
28770
28777
28781
28783
28788
28795
28807
28810
28811
28812
28822
28838
28842
28852
28859
28865
28868
28880
28887
28895
28901
28913
28915
28944
28961
28964
28972
28976
28980
28994
29008
29009
29010
29016
29017
29024
29037
29054
29063
29065
29067
29071
29072
29081
29096
29101
29108
29123
29126
29132
29133
29141
29143
29144
29146
29165
29169
29170
29188
29190
29194
29199
29204
29213
29218
29219
29226
29229
29250
29253
29267
29275
29286
29288
29293
29294
29304
29307
29308
29323
29329
29347
29348
29363
29364
29376
29380
29384
29389
29393
29398
29402
29405
29407
29408
29409
29413
29416
29421
29427
29431
29433
29440
29442
29443
29449
29450
29455
29459
29460
29463
29476
29483
29485
29493
29497
29502
29512
29514
29518
29520
29544
29570
29572
29575
29577
29586
29589
29591
29604
29607
29608
29609
29617
29624
29628
29632
29641
29647
29651
29659
29666
29667
29673
29675
29683
29695
29698
29701
29707
29731
29732
29737
29738
29741
29749
29751
29754
29766
29785
29837
29851
29853
29859
29865
29868
29906
29927
29945
29958
29963
29971
29984
29985
29988
29992
29995
29998
30000
30001
30009
30013
30015
30016
30019
30022
30023
30025
30030
30031
30032
30035
30038
30042
30051
30055
30064
30068
30071
30076
30078
30081
30083
30084
30086
30087
30089
30095
30100
30105
30106
30124
30134
30136
30146
30153
30161
30163
30172
30176
30177
30178
30193
30199
30207
30211
30239
30260
30262
30266
30270
30273
30285
30288
30291
30293
30297
30298
30300
30302
30312
30315
30319
30326
30329
30333
30334
30335
30340
30343
30352
30355
30358
30364
30370
30371
30375
30376
30378
30388
30397
30398
30409
30418
30420
30449
30458
30462
30467
30470
30472
30474
30476
30481
30482
30486
30539
30558
30563
30568
30583
30584
30586
30594
30600
30604
30625
30628
30631
30636
30638
30644
30645
30646
30650
30657
30678
30686
30689
30693
30704
30707
30710
30720
30729
30736
30748
30751
30756
30760
30762
30766
30776
30786
30801
30834
30841
30879
30928
30981
30991
30994
31004
31009
31016
31017
31019
31029
31030
31042
31048
31051
31062
31089
31111
31122
31142
31158
31202
31204
31225
31296
31301
31324
31346
31378
31414
31485
31509
31527
31563
31591
31623
31636
31716
31739
31742
31766
31773
31807
31823
31866
31920
31993
32096
32122
32205
32246
32256
32267
32340
32511
32569
32617
32623
32644
32656
32658
32679
32680
32720
32731
32744
32758
32799
32803
32822
32881
32898
32905
32915
32978
32989
33013
33014
33092
33099
33111
33179
33180
33209
33216
33246
33302
33426
33444
33691
33720
33781
33854
33902
33903
33904
33912
33930
33944
33959
33963
33975
33995
34003
34024
34040
34041
34079
34084
34098
34102
34103
34108
34138
34145
34166
34270
34283
34296
34369
34382
34389
34396
34410
34417
34421
34433
34444
34461
34465
34490
34540
34561
34562
34623
34635
34638
34658
34689
34718
34749
34756
34759
34763
34768
34784
34805
34818
34827
34833
34839
34846
34851
34858
34863
34877
34892
34901
34920
34929
34935
34936
34944
34961
34969
35012
35013
35014
35144
35326
35375
35408
35417
35505
35533
35534
35535
35565
35578
35627
35640
35641
35656
35658
35689
35705
35727
35730
35736
35737
35753
35764
35768
35788
35838
35841
35895
35897
35946
35954
35998
36004
36012
36024
36034
36065
36074
36116
36130
36163
36171
36202
36203
36210
36230
36234
36256
36258
36259
36260
36261
36264
36265
36268
36281
36282
36286
36293
36295
36307
36308
36310
36315
36318
36323
36335
36382
36384
36391
36403
36447
36451
36453
36456
36488
36495
36500
36518
36521
36531
36536
36537
36538
36544
36547
36549
36564
36572
36585
36586
36587
36591
36594
36597
36600
36601
36602
36614
36619
36622
36624
36628
36633
36641
36642
36643
36652
36667
36672
36680
36705
36709
36712
36721
36740
36743
36747
36758
36762
36763
36778
36785
36788
36789
36822
36826
36827
36832
36837
36840
36848
36867
36878
36883
36887
36889
36892
36899
36906
36917
36921
36927
36942
36943
36944
36946
36952
36959
36970
36975
36979
36980
36986
36987
37000
37021
37024
37030
37039
37049
37050
37054
37056
37081
37093
37099
37102
37116
37121
37129
37130
37132
37134
37140
37141
37152
37157
37161
37167
37169
37180
37182
37184
37187
37192
37196
37203
37205
37212
37229
37230
37241
37265
37270
37273
37275
37280
37283
37284
37288
37289
37290
37291
37295
37299
37301
37310
37313
37323
37327
37332
37333
37338
37345
37351
37354
37357
37361
37364
37381
37394
37431
37435
37438
37443
37456
37458
37462
37480
37488
37492
37494
37496
37497
37499
37505
37510
37515
37526
37538
37541
37554
37555
37569
37575
37576
37579
37582
37594
37595
37602
37607
37608
37651
37657
37661
37666
37670
37671
37674
37677
37685
37689
37690
37695
37699
37704
37706
37707
37710
37713
37716
37717
37721
37727
37730
37740
37749
37752
37756
37757
37759
37762
37765
37766
37774
37775
37781
37782
37787
37797
37805
37806
37812
37813
37822
37826
37828
37829
37831
37832
37834
37837
37838
37846
37848
37855
37856
37862
37863
37868
37870
37875
37881
37882
37883
37885
37888
37893
37894
37896
37901
37903
37906
37907
37909
37917
37924
37925
37941
37946
37951
37952
37955
37957
37958
37959
37962
37963
37969
37974
37976
37977
37979
37985
37987
37988
37990
37992
37993
37996
38002
38004
38005
38006
38011
38013
38016
38017
38021
38022
38023
38027
38031
38040
38050
38055
38069
38071
38072
38075
38079
38083
38086
38087
38099
38108
38112
38122
38136
38169
38174
38182
38191
38192
38198
38203
38205
38206
38208
38209
38211
38213
38226
38228
38229
38230
38245
38248
38250
38251
38253
38254
38259
38266
38275
38284
38286
38287
38288
38291
38309
38317
38324
38325
38333
38343
38347
38353
38356
38360
38382
38384
38402
38403
38404
38407
38416
38423
38424
38426
38445
38449
38477
38488
38491
38495
38527
38532
38549
38554
38556
38559
38560
38571
38578
38585
38593
38594
38596
38604
38606
38609
38612
38616
38625
38631
38633
38637
38638
38641
38646
38650
38651
38653
38655
38663
38665
38668
38672
38674
38675
38676
38677
38691
38697
38699
38707
38710
38713
38716
38720
38723
38737
38745
38750
38752
38753
38758
38775
38777
38780
38781
38783
38784
38788
38793
38796
38797
38798
38801
38804
38807
38809
38819
38823
38828
38829
38847
38855
38856
38858
38869
38871
38879
38887
38888
38894
38899
38911
38919
38924
38929
38933
38941
38955
38957
38963
38976
38992
38998
39003
39012
39019
39033
39043
39068
39071
39079
39083
39098
39122
39144
39145
39146
39154
39162
39163
39167
39180
39181
39192
39206
39207
39208
39218
39227
39242
39244
39251
39252
39261
39265
39271
39277
39278
39279
39281
39287
39292
39316
39343
39344
39351
39357
39359
39365
39369
39370
39375
39383
39384
39385
39386
39387
39389
39397
39403
39404
39405
39412
39423
39425
39427
39429
39431
39432
39435
39438
39439
39442
39448
39451
39454
39457
39460
39462
39466
39467
39469
39470
39471
39476
39480
39481
39485
39487
39488
39490
39491
39494
39496
39498
39499
39509
39510
39511
39516
39519
39524
39527
39531
39533
39537
39539
39542
39546
39561
39604
39605
39607
39608
39616
39636
39637
39642
39654
39661
39664
39667
39675
39685
39691
39695
39696
39713
39715
39722
39732
39735
39739
39740
39747
39749
39757
39770
39771
39776
39778
39781
39786
39798
39809
39820
39826
39832
39837
39840
39846
39858
39859
39864
39866
39869
39870
39871
39872
39876
39886
39892
39899
39909
39926
39931
39936
39937
39948
39959
39964
39984
39989
39994
40005
40009
40011
40015
40016
40017
40022
40037
40059
40061
40062
40073
40079
40085
40087
40091
40097
40108
40123
40134
40152
40162
40175
40179
40223
40224
40225
40239
40243
40248
40254
40271
40272
40274
40275
40277
40284
40287
40292
40295
40296
40304
40308
40319
40351
40369
40370
40374
40380
40384
40389
40392
40394
40398
40405
40409
40413
40416
40424
40425
40426
40437
40439
40443
40446
40452
40457
40460
40464
40467
40468
40474
40479
40484
40493
40508
40548
40555
40559
40570
40579
40582
40593
40597
40602
40605
40609
40616
40618
40626
40639
40644
40657
40679
40684
40699
40701
40727
40754
40771
40812
40817
40830
40852
40867
40878
40896
40901
40914
40933
40955
40960
40974
40990
40991
40992
40997
41012
41020
41026
41037
41040
41043
41055
41056
41068
41072
41075
41089
41090
41093
41106
41107
41108
41114
41122
41131
41152
41153
41181
41193
41226
41231
41271
41302
41308
41326
41337
41352
41360
41410
41425
41445
41448
41457
41464
41487
41491
41503
41554
41563
41582
41650
41667
41676
41680
41692
41704
41705
41714
41728
41771
41786
41787
41800
41804
41827
41830
41845
41856
41857
41864
41870
41871
41873
41882
41893
41907
41912
41921
41929
41935
41966
41978
41981
41987
41995
41996
42009
42015
42017
42025
42035
42036
42048
42051
42053
42071
42080
42091
42097
42101
42130
42133
42136
42139
42143
42146
42149
42151
42160
42165
42166
42167
42178
42179
42186
42189
42200
42204
42206
42212
42217
42230
42232
42243
42250
42254
42264
42288
42305
42320
42369
42382
42390
42399
42401
42419
42442
42460
42464
42471
42472
42475
42477
42481
42490
42496
42504
42508
42530
42539
42553
42561
42579
42582
42588
42610
42611
42620
42629
42635
42637
42640
42651
42657
42660
42665
42668
42670
42671
42673
42679
42686
42693
42702
42705
42708
42740
42745
42747
42750
42753
42755
42762
42763
42764
42768
42781
42782
42783
42791
42792
42793
42798
42802
42804
42808
42813
42814
42815
42816
42819
42825
42832
42833
42842
42845
42846
42850
42864
42898
42900
42901
42910
42944
42945
42999
43006
43018
43029
43035
43049
43050
43051
43057
43062
43063
43064
43066
43068
43073
43075
43084
43092
43093
43100
43105
43106
43109
43110
43124
43155
43156
43166
43171
43182
43183
43220
43245
43292
43304
43330
43340
43354
43357
43358
43359
43447
43474
43491
43634
43748
43750
43786
43813
43831
43854
43883
43893
43909
43911
43916
43918
43919
43920
43922
43926
43930
43933
43937
43939
43943
43945
43949
43950
43954
43957
43958
43962
43967
43972
43976
43977
43989
43991
43994
44026
44056
44061
44112
44134
44137
44145
44159
44167
44179
44184
44188
44193
44195
44199
44209
44217
44220
44222
44223
44227
44234
44256
44264
44265
44273
44289
44295
44298
44307
44321
44325
44328
44330
44336
44344
44349
44352
44361
44370
44376
44395
44455
44456
44459
44467
44486
44506
44509
44514
44543
44564
44566
44576
44599
44615
44619
44633
44637
44657
44664
44678
44709
44711
44715
44732
44763
44770
44776
44779
44807
44820
44870
44872
44875
44878
44881
44883
44893
44895
44896
44898
44902
44915
44934
44936
44939
44942
44943
44947
44948
44952
44957
44958
44961
44962
44968
44971
44977
44980
44985
44988
44990
44991
44992
44999
45005
45015
45026
45031
45033
45039
45042
45047
45056
45058
45064
45065
45068
45069
45073
45075
45077
45084
45090
45101
45104
45108
45117
45123
45132
45135
45141
45143
45146
45148
45149
45154
45157
45163
45168
45171
45173
45195
45200
45202
45207
45213
45225
45226
45229
45232
45235
45237
45244
45246
45250
45252
45259
45268
45281
45282
45284
45286
45289
45292
45296
45306
45312
45315
45321
45323
45326
45328
45335
45341
45345
45347
45361
45365
45366
45369
45373
45374
45375
45378
45380
45384
45390
45391
45395
45401
45407
45409
45410
45412
45419
45421
45422
45425
45429
45434
45435
45442
45445
45459
45465
45473
45474
45485
45489
45497
45506
45510
45519
45524
45542
45560
45592
45595
45603
45613
45617
45630
45650
45652
45657
45662
45668
45682
45690
45692
45694
45703
45722
45726
45733
45735
45739
45754
45767
45768
45771
45786
45789
45799
45802
45807
45812
45821
45829
45838
45840
45842
45843
45862
45867
45870
45872
45883
45886
45896
45897
45901
45908
45910
45918
45921
45932
45937
45940
45943
45959
45961
45966
45968
45986
45989
45990
45997
46000
46002
46007
46014
46020
46021
46024
46027
46030
46032
46033
46034
46039
46041
46046
46047
46048
46049
46055
46059
46063
46070
46071
46075
46076
46079
46080
46084
46087
46091
46100
46111
46116
46117
46121
46124
46127
46129
46137
46139
46141
46154
46156
46159
46163
46175
46178
46186
46192
46193
46202
46229
46237
46242
46258
46259
46262
46264
46265
46266
46269
46285
46291
46293
46301
46314
46318
46320
46324
46343
46351
46356
46360
46367
46373
46379
46410
46438
46440
46447
46455
46464
46466
46467
46473
46475
46477
46497
46500
46504
46506
46512
46514
46525
46529
46530
46559
46563
46598
46603
46608
46609
46613
46618
46634
46637
46650
46674
46688
46689
46699
46701
46729
46749
46751
46757
46767
46771
46778
46783
46792
46794
46798
46814
46826
46830
46841
46849
46857
46866
46870
46875
46880
46885
46886
46892
46895
46909
46919
46921
46926
46929
46935
46938
46939
46957
46963
46975
46988
46993
47013
47020
47035
47037
47041
47046
47064
47066
47073
47099
47112
47118
47143
47195
47227
47243
47248
47280
47323
47335
47348
47376
47380
47404
47457
47458
47487
47498
47500
47508
47509
47513
47517
47539
47553
47624
47630
47638
47660
47665
47679
47682
47683
47686
47695
47710
47721
47740
47743
47770
47782
47789
47801
47815
47820
47843
47847
47848
47854
47874
47879
47886
47887
47901
47907
47909
47910
47942
47972
47984
47992
47994
48013
48023
48043
48045
48067
48079
48090
48097
48112
48117
48132
48147
48148
48150
48158
48162
48166
48168
48174
48176
48181
48184
48198
48204
48205
48209
48213
48218
48224
48232
48241
48247
48249
48256
48258
48270
48271
48278
48279
48285
48294
48298
48318
48331
48335
48340
48350
48356
48361
48377
48394
48413
48431
48443
48460
48475
48490
48499
48507
48515
48518
48524
48533
48541
48545
48551
48562
48565
48566
48570
48580
48583
48586
48587
48590
48592
48596
48602
48603
48606
48613
48617
48618
48639
48650
48653
48663
48674
48683
48694
48703
48706
48709
48733
48738
48755
48758
48762
48787
48804
48806
48815
48835
48841
48851
48863
48894
48921
48936
48945
48946
48948
48958
48965
48972
48975
48987
48989
48996
49001
49011
49014
49016
49017
49039
49057
49087
49115
49116
49142
49159
49161
49175
49176
49281
49299
49311
49328
49342
49472
49514
49569
49574
49703
49734
49758
49764
49788
49808
49818
49844
49895
49930
49945
49980
49988
49998
50000
50110
50150
50251
50312
50342
50430
50434
50440
50458
50465
50473
50483
50485
50503
50531
50559
50596
50608
50659
50676
50677
50711
50712
50721
50727
50744
50751
50757
50772
50795
50815
50830
50899
50903
50916
50917
50929
50930
50959
50969
50975
50982
50984
50993
51059
51100
51135
51146
51199
51257
51258
51275
51277
51400
51404
51444
51604
51622
51624
51626
51649
51695
51698
51709
51794
51848
51857
51881
51892
51928
51949
51982
52020
52048
52060
52063
52096
52104
52167
52216
52236
52238
52269
52288
52294
52295
52321
52327
52338
52350
52352
52363
52439
52461
52528
52557
52650
52697
52716
52729
52785
52797
52844
52852
52866
52898
52924
52932
52968
53016
53031
53079
53088
53090
53093
53096
53109
53152
53187
53195
53203
53204
53210
53218
53233
53266
53276
53293
53302
53358
53382
53388
53442
53452
53458
53465
53475
53495
53515
53527
53608
53632
53686
53700
53754
53772
53788
53838
53858
53869
53905
53910
53925
53938
53942
53979
53992
54010
54034
54045
54047
54050
54076
54104
54126
54152
54160
54202
54227
54278
54310
54313
54314
54321
54345
54395
54414
54415
54420
54435
54438
54443
54453
54473
54511
54542
54588
54636
54697
54710
54796
54847
54866
54883
54888
54925
55109
55114
55119
55130
55137
55148
55152
55154
55156
55161
55169
55170
55188
55202
55207
55219
55221
55226
55232
55233
55238
55240
55247
55262
55277
55294
55297
55302
55327
55339
55361
55386
55389
55391
55410
55422
55424
55427
55435
55438
55448
55479
55484
55487
55493
55527
55548
55586
55600
55603
55604
55618
55625
55715
55725
55729
55732
55734
55748
55762
55780
55783
55786
55787
55791
55801
55804
55808
55809
55829
55872
55876
55888
55901
55917
55919
55932
55945
55951
55956
55965
55968
55978
55986
55991
55993
56001
56006
56012
56026
56027
56029
56039
56043
56044
56049
56074
56076
56084
56085
56088
56099
56102
56113
56114
56116
56118
56120
56124
56125
56130
56148
56150
56156
56161
56171
56174
56180
56189
56191
56204
56211
56222
56233
56241
56251
56252
56278
56279
56297
56301
56302
56308
56311
56319
56334
56347
56354
56358
56360
56366
56371
56373
56376
56377
56378
56381
56382
56388
56391
56406
56412
56415
56421
56426
56427
56439
56453
56454
56456
56466
56491
56494
56504
56506
56510
56524
56528
56531
56544
56555
56561
56573
56577
56579
56613
56615
56621
56631
56635
56645
56647
56657
56661
56662
56665
56670
56691
56696
56700
56704
56720
56736
56742
56743
56745
56754
56762
56765
56768
56772
56774
56775
56778
56781
56785
56801
56809
56824
56832
56841
56847
56857
56862
56887
56891
56892
56897
56900
56911
56922
56928
56936
56942
56950
56956
56960
56968
56977
56982
56983
56996
56997
57000
57027
57029
57031
57037
57039
57041
57046
57060
57077
57086
57090
57097
57118
57125
57128
57130
57135
57142
57150
57160
57163
57172
57181
57184
57190
57191
57194
57197
57203
57207
57208
57209
57213
57214
57215
57216
57217
57218
57219
57220
57221
57222
57224
57227
57237
57243
57251
57253
57254
57255
57258
57259
57260
57261
57262
57263
57264
57267
57270
57271
57276
57278
57282
57283
57285
57294
57295
57304
57308
57309
57314
57318
57319
57324
57329
57332
57333
57335
57337
57339
57347
57348
57357
57358
57359
57360
57361
57362
57364
57369
57374
57376
57382
57391
57393
57396
57398
57403
57415
57418
57423
57425
57435
57442
57446
57448
57449
57450
57456
57463
57470
57478
57482
57483
57486
57492
57495
57498
57502
57503
57505
57508
57509
57514
57515
57518
57521
57523
57524
57536
57537
57538
57540
57551
57553
57558
57566
57574
57583
57588
57589
57593
57598
57606
57613
57614
57621
57622
57629
57633
57635
57639
57641
57644
57655
57659
57672
57689
57690
57695
57696
57700
57706
57707
57709
57712
57713
57724
57726
57731
57740
57744
57749
57750
57753
57754
57758
57761
57762
57763
57764
57770
57777
57781
57784
57787
57789
57790
57793
57800
57801
57807
57808
57810
57811
57813
57816
57818
57820
57829
57835
57841
57845
57855
57871
57872
57873
57878
57894
57903
57917
57921
57944
57948
57950
57964
57968
57969
57974
57975
57977
57983
57984
57988
57991
57995
57998
58003
58016
58020
58021
58024
58028
58030
58032
58040
58043
58048
58052
58054
58057
58061
58071
58084
58109
58128
58135
58139
58143
58147
58150
58158
58162
58164
58172
58174
58175
58183
58189
58198
58208
58209
58216
58219
58224
58229
58241
58244
58251
58288
58296
58303
58310
58316
58342
58344
58345
58386
58399
58415
58458
58496
58536
58538
58543
58546
58548
58569
58572
58582
58602
58614
58635
58649
58653
58666
58672
58680
58690
58691
58694
58698
58703
58711
58715
58727
58728
58737
58746
58753
58758
58769
58773
58781
58786
58792
58809
58817
58822
58842
58850
58853
58854
58858
58859
58869
58877
58878
58893
58903
58906
58907
58908
58914
58916
58923
58932
58944
58946
58948
58949
58950
58954
58970
58972
58975
58983
58989
58994
59001
59007
59009
59011
59014
59016
59027
59028
59037
59039
59041
59042
59043
59046
59049
59052
59054
59055
59058
59061
59062
59064
59072
59075
59079
59080
59082
59083
59084
59091
59093
59095
59102
59103
59105
59106
59110
59111
59115
59121
59123
59127
59131
59137
59144
59147
59156
59159
59163
59165
59170
59174
59182
59187
59194
59201
59213
59222
59236
59240
59247
59251
59259
59260
59264
59268
59272
59277
59282
59285
59298
59304
59317
59318
59326
59327
59328
59331
59334
59338
59341
59351
59352
59353
59356
59357
59358
59359
59368
59369
59371
59376
59377
59378
59381
59405
59409
59416
59423
59436
59440
59441
59443
59444
59446
59458
59459
59460
59464
59465
59472
59511
59527
59531
59533
59535
59539
59540
59543
59544
59548
59556
59557
59559
59566
59572
59576
59578
59582
59586
59588
59609
59612
59618
59622
59626
59634
59637
59642
59644
59645
59646
59647
59650
59655
59659
59662
59665
59686
59693
59694
59695
59698
59708
59712
59713
59719
59726
59730
59736
59753
59763
59776
59779
59782
59789
59800
59801
59802
59804
59812
59817
59821
59825
59828
59833
59834
59835
59837
59839
59841
59847
59851
59855
59861
59862
59874
59895
59900
59902
59915
59917
59921
59926
59931
59941
59954
59955
59964
59966
59973
59977
59979
59983
59990
59991
59997
60012
60027
60032
60040
60048
60052
60060
60074
60079
60085
60089
60100
60127
60149
60152
60155
60158
60160
60165
60172
60178
60179
60180
60182
60183
60195
60225
60235
60239
60240
60241
60244
60273
60285
60305
60311
60326
60327
60333
60357
60384
60390
60398
60402
60406
60411
60415
60416
60419
60423
60432
60434
60437
60439
60448
60461
60468
60473
60476
60486
60493
60500
60503
60504
60511
60516
60539
60566
60571
60604
60609
60622
60624
60643
60653
60677
60688
60693
60705
60716
60726
60738
60743
60754
60762
60764
60770
60780
60796
60804
60815
60828
60832
60835
60861
60869
60880
60901
60968
60986
60993
61006
61008
61032
61042
61058
61061
61062
61070
61071
61080
61093
61106
61118
61120
61153
61167
61186
61207
61223
61227
61253
61262
61268
61276
61306
61343
61355
61363
61368
61377
61389
61390
61398
61413
61414
61416
61418
61419
61424
61426
61435
61438
61439
61442
61446
61454
61456
61457
61460
61461
61466
61473
61475
61483
61484
61494
61498
61500
61501
61506
61512
61513
61514
61524
61525
61531
61533
61543
61546
61554
61569
61571
61578
61582
61589
61592
61594
61600
61601
61608
61610
61611
61618
61625
61626
61637
61641
61647
61648
61650
61661
61664
61668
61670
61673
61675
61676
61679
61680
61686
61690
61697
61706
61714
61715
61718
61723
61735
61751
61760
61763
61766
61767
61768
61774
61784
61786
61790
61793
61805
61813
61819
61830
61834
61838
61839
61855
61857
61863
61868
61879
61882
61897
61902
61904
61912
61914
61924
61928
61929
61930
61932
61935
61939
61945
61952
61959
61964
61971
61975
61980
61985
61987
61993
61999
62002
62011
62012
62017
62024
62026
62027
62030
62031
62040
62044
62050
62052
62063
62093
62095
62106
62109
62112
62117
62118
62122
62131
62149
62152
62156
62179
62181
62182
62198
62210
62213
62238
62240
62242
62269
62280
62298
62306
62309
62332
62333
62347
62354
62356
62367
62375
62381
62397
62403
62406
62441
62444
62447
62448
62449
62451
62454
62455
62458
62464
62476
62484
62486
62488
62490
62496
62500
62518
62523
62527
62528
62530
62531
62534
62535
62536
62540
62541
62546
62547
62550
62553
62557
62558
62562
62563
62565
62566
62584
62589
62592
62599
62604
62605
62609
62610
62611
62626
62628
62636
62639
62646
62647
62653
62658
62661
62662
62665
62668
62669
62673
62679
62693
62696
62706
62712
62715
62716
62747
62754
62759
62768
62771
62773
62783
62788
62800
62802
62810
62824
62828
62829
62832
62838
62842
62844
62850
62868
62872
62877
62881
62893
62919
62930
62943
62955
62973
62977
62995
63073
63095
63098
63119
63137
63168
63173
63191
63200
63209
63231
63259
63270
63277
63311
63314
63319
63331
63343
63354
63363
63365
63367
63385
63403
63407
63415
63423
63445
63449
63454
63464
63474
63475
63481
63496
63497
63502
63512
63513
63518
63525
63531
63534
63544
63574
63575
63581
63583
63584
63586
63596
63598
63619
63629
63638
63643
63652
63660
63733
63754
63764
63769
63831
63865
63881
63904
63908
63925
63927
63933
63940
63941
63945
63950
63961
63977
63978
63988
63997
64000
64001
64011
64017
64021
64027
64031
64049
64052
64059
64063
64072
64073
64075
64077
64083
64090
64097
64102
64114
64120
64131
64137
64152
64169
64174
64177
64182
64193
64206
64209
64213
64215
64216
64220
64221
64236
64242
64244
64248
64250
64253
64254
64256
64271
64278
64283
64298
64299
64308
64311
64320
64327
64342
64343
64348
64350
64353
64361
64363
64366
64369
64370
64371
64381
64389
64390
64411
64424
64430
64439
64442
64445
64446
64447
64461
64464
64480
64481
64486
64488
64512
64525
64534
64537
64550
64552
64562
64565
64580
64584
64587
64588
64595
64600
64613
64614
64624
64656
64657
64667
64673
64683
64684
64689
64701
64708
64709
64717
64720
64731
64737
64751
64763
64777
64784
64794
64803
64806
64807
64818
64827
64831
64836
64845
64846
64850
64851
64858
64862
64863
64866
64883
64896
64904
64905
64909
64910
64922
64929
64930
64936
64937
64943
64969
64976
64977
64990
64999
65002
65005
65023
65024
65026
65034
65036
65040
65042
65048
65050
65073
65085
65087
65095
65096
65098
65101
65102
65104
65109
65123
65125
65134
65141
65143
65146
65160
65163
65174
65178
65182
65188
65199
65201
65204
65216
65220
65233
65235
65241
65243
65244
65247
65253
65268
65269
65270
65272
65279
65280
65290
65298
65305
65313
65340
65347
65364
65387
65390
65413
65417
65442
65447
65451
65455
65477
65499
65516
65533
65557
65619
65651
65676
65701
65708
65722
65725
65737
65753
65771
65775
65783
65803
65806
65814
65818
65824
65828
65831
65836
65841
65852
65856
65881
65885
65890
65905
65919
65929
65932
65941
65961
65964
65970
65975
65976
65985
65993
65997
65999
66003
66013
66022
66025
66040
66041
66050
66052
66054
66072
66074
66082
66114
66129
66132
66135
66150
66174
66175
66198
66210
66221
66232
66235
66254
66256
66273
66276
66297
66304
66329
66337
66339
66340
66349
66382
66412
66442
66452
66455
66460
66477
66484
66485
66493
66507
66515
66533
66541
66564
66585
66588
66598
66599
66616
66621
66626
66627
66638
66654
66657
66696
66736
66756
66880
66891
66912
66990
67007
67010
67014
67030
67039
67045
67056
67093
67098
67108
67109
67113
67117
67127
67133
67140
67141
67144
67148
67159
67164
67167
67196
67211
67217
67231
67248
67258
67262
67276
67282
67290
67300
67301
67311
67330
67333
67352
67357
67365
67369
67372
67380
67386
67391
67395
67397
67416
67432
67440
67454
67487
67494
67495
67501
67508
67511
67513
67519
67529
67532
67533
67537
67542
67545
67546
67565
67567
67581
67582
67584
67586
67593
67597
67601
67603
67604
67608
67612
67628
67633
67634
67649
67668
67671
67703
67740
67743
67744
67745
67746
67747
67748
67752
67754
67756
67761
67766
67775
67779
67798
68354
68379
68405
68476
68494
68725
69025
69075
69119
69157
69186
69226
69254
69277
69319
69330
69399
69524
69537
69546
69564
69655
69724
69731
69732
69767
69770
69808
69818
69821
69972
70036
70112
70169
70326
70621
70688
70757
70811
70882
70912
70934
71093
71118
71119
71182
71198
71199
71375
71387
71411
71421
71453
71467
71469
71481
71636
71669
71725
71744
71946
71964
72017
72142
72181
72242
72277
72298
72310
72328
72359
72439
72452
72496
72517
72536
72564
72920
72934
72966
73010
73068
73069
73108
73146
73155
73156
73171
73172
73209
73237
73248
73260
73264
73265
73266
73291
73370
73399
73422
73431
73487
73488
73505
73507
73522
73533
73557
73558
73562
73607
73729
73744
73817
73833
73847
73981
74003
74028
74084
74134
74135
74151
74152
74188
74235
74698
74702
74800
74804
74893
75651
75691
75767
75796
75823
75832
75903
75959
76019
76122
76346
76393
76407
76416
76419
76438
76472
76490
76520
76540
76560
76574
76576
76583
76587
76591
76600
76628
76631
76634
76637
76644
76657
76677
76687
76692
76716
76719
76749
76755
76772
76815
76819
76878
76905
76920
76941
76956
76970
76974
76983
76988
76997
77016
77023
77041
77043
77052
77078
77079
77111
77134
77135
77170
77196
77212
77238
77282
77309
77319
77331
77354
77356
77384
77428
77437
77461
77463
77468
77472
77489
77506
77555
77572
77589
77606
77624
77642
77643
77645
77662
77690
77716
77730
77750
77754
77756
77762
77793
77794
77801
77814
77844
77849
77870
77885
77981
77984
78005
78047
78062
78069
78080
78097
78111
78126
78131
78139
78219
78227
78234
78308
78332
78337
78339
78342
78369
78401
78402
78413
78435
78440
78513
78554
78555
78567
78593
78594
78823
78840
78844
78874
78896
78900
78948
78978
78991
79062
79078
79100
79107
79110
79114
79137
79153
79167
79188
79203
79213
79226
79227
79260
79291
79292
79312
79326
79339
79369
79370
79378
79384
79387
79389
79397
79414
79417
79431
79448
79452
79473
79480
79495
79505
79509
79529
79588
79603
79630
79637
79648
79661
79674
79707
79715
79720
79725
79732
79740
79770
79802
79834
79839
79840
79847
79853
79888
79909
79969
79990
80004
80036
80047
80052
80083
80087
80102
80107
80150
80158
80161
80171
80184
80216
80232
80273
80278
80284
80291
80300
80304
80309
80316
80330
80334
80342
80345
80346
80365
80372
80373
80379
80380
80445
80447
80468
80470
80479
80488
80489
80490
80509
80514
80519
80523
80530
80531
80535
80537
80539
80542
80553
80555
80568
80576
80587
80591
80604
80608
80612
80630
80633
80634
80642
80648
80651
80719
80730
80745
80751
80760
80768
80769
80770
80782
80785
80787
80804
80814
80815
80830
80832
80860
80871
80877
80878
80880
80893
80895
80897
80900
80902
80906
80911
80915
80918
80919
80924
80928
80931
80932
80941
80943
80952
80964
80973
80980
80982
80986
80999
81025
81026
81045
81048
81054
81055
81071
81111
81137
81144
81148
81167
81168
81169
81173
81174
81175
81176
81179
81183
81186
81191
81192
81200
81203
81215
81228
81235
81247
81257
81274
81277
81279
81281
81286
81299
81305
81308
81309
81332
81334
81340
81346
81350
81358
81366
81370
81371
81372
81373
81378
81386
81396
81417
81421
81485
81490
81495
81497
81500
81508
81519
81521
81524
81537
81541
81545
81551
81552
81568
81577
81583
81588
81590
81595
81602
81612
81635
81640
81645
81651
81673
81674
81680
81699
81708
81710
81712
81722
81731
81739
81740
81745
81760
81769
81773
81797
81805
81816
81838
81842
81854
81863
81886
81895
81905
81911
81913
82068
82110
82129
82142
82205
82213
82221
82224
82226
82234
82240
82242
82250
82256
82261
82267
82273
82283
82294
82297
82300
82301
82311
82314
82331
82339
82352
82359
82389
82391
82395
82397
82407
82411
82423
82426
82442
82446
82455
82465
82472
82477
82498
82509
82510
82517
82519
82526
82527
82555
82572
82576
82583
82587
82604
82610
82647
82663
82666
82693
82695
82698
82701
82713
82752
82756
82770
82771
82779
82786
82787
82797
82824
82842
82850
82857
82860
82875
82878
82881
82885
82896
82907
82910
82925
82930
82945
82946
82951
82956
82958
82959
82964
82980
82985
82989
82990
82993
83004
83006
83007
83014
83015
83016
83027
83074
83076
83078
83081
83088
83097
83099
83106
83110
83111
83131
83139
83151
83155
83157
83161
83163
83179
83180
83188
83198
83204
83208
83210
83217
83218
83228
83231
83233
83236
83237
83243
83249
83251
83253
83263
83266
83267
83268
83270
83271
83273
83275
83278
83280
83281
83286
83288
83289
83300
83302
83303
83316
83319
83321
83333
83339
83345
83360
83361
83373
83380
83387
83397
83401
83403
83415
83425
83435
83449
83457
83460
83470
83475
83478
83481
83487
83488
83492
83498
83510
83514
83519
83531
83538
83541
83542
83557
83559
83569
83593
83603
83622
83630
83649
83657
83671
83697
83711
83721
83725
83749
83769
83788
83792
83802
83833
83840
83848
83867
83869
83896
83914
83948
83980
83993
83997
84044
84045
84057
84087
84097
84113
84122
84136
84138
84160
84181
84207
84211
84220
84251
84260
84361
84366
84368
84378
84388
84394
84422
84581
84583
84606
84607
84647
84673
84686
84690
84695
84705
84718
84720
84729
84747
84754
84762
84772
84791
84794
84800
84827
84828
84837
84838
84839
84841
84844
84853
84856
84862
84863
84872
84875
84886
84932
84974
85002
85013
85019
85030
85036
85039
85044
85045
85050
85051
85053
85056
85059
85063
85066
85075
85102
85109
85141
85150
85157
85159
85169
85196
85213
85247
85251
85263
85278
85288
85293
85303
85342
85346
85357
85375
85391
85410
85412
85428
85432
85447
85465
85467
85476
85486
85498
85505
85507
85530
85532
85537
85556
85567
85573
85578
85593
85602
85622
85634
85640
85648
85680
85688
85704
85710
85717
85738
85757
85759
85761
85769
85773
85774
85778
85797
85801
85810
85819
85821
85831
85843
85845
85859
85871
85885
85887
85895
85907
85910
85920
85928
85948
85954
85972
86008
86012
86043
86057
86075
86079
86091
86097
86108
86132
86144
86160
86200
86203
86216
86294
86336
86369
86391
86408
86430
86439
86450
86454
86468
86484
86501
86521
86526
86555
86560
86585
86599
86602
86617
86655
86706
86729
86751
86764
86793
86801
86835
86840
86873
86884
86891
86897
86908
86910
86928
86978
87001
87007
87014
87026
87031
87037
87045
87073
87105
87110
87116
87118
87123
87135
87138
87144
87148
87153
87157
87765
87824
87828
87838
87848
87850
87861
87862
87863
87867
87872
87873
87880
87884
87887
87888
87893
87898
87904
87917
87923
87924
87927
87938
87947
87951
87961
87978
87980
87984
87986
87993
87995
87999
88002
88005
88007
88014
88023
88024
88028
88030
88031
88034
88041
88051
88053
88054
88068
88069
88073
88074
88083
88084
88091
88097
88102
88112
88116
88133
88140
88143
88150
88221
88240
88264
88286
88306
88338
88360
88361
88375
88400
88434
88443
88447
88450
88457
88463
88479
88481
88499
88513
88517
88529
88535
88539
88540
88550
88556
88562
88564
88579
88585
88590
88591
88615
88619
88628
88638
88639
88648
88650
88656
88665
88677
88684
88700
88702
88727
88737
88753
88754
88771
88773
88774
88776
88777
88778
88794
88797
88803
88807
88809
88814
88820
88822
88832
88833
88858
88860
88870
88883
88890
88906
88917
88918
88922
88927
88931
88932
88955
88983
88988
88992
88998
89004
89006
89007
89010
89026
89038
89039
89042
89049
89063
89072
89090
89097
89102
89111
89118
89123
89132
89137
89159
89163
89168
89176
89184
89216
89249
89272
89284
89298
89304
89311
89317
89324
89333
89361
89373
89378
89388
89397
89410
89411
89415
89420
89444
89457
89458
89460
89465
89476
89497
89505
89515
89517
89523
89529
89537
89540
89552
89564
89566
89585
89589
89602
89621
89622
89635
89638
89648
89649
89660
89661
89681
89685
89691
89706
89709
89738
89739
89749
89757
89771
89780
89795
89799
89800
89823
89825
89832
89878
89895
89908
89916
89929
89937
89939
89940
89945
89948
89957
89958
89964
89970
89984
89985
89987
90000
90006
90007
90009
90012
90017
90029
90047
90052
90058
90064
90077
90084
90089
90105
90112
90127
90128
90136
90143
90145
90147
90180
90191
90198
90200
90204
90214
90217
90226
90242
90246
90258
90266
90269
90288
90291
90306
90325
90329
90341
90343
90351
90357
90387
90425
90429
90445
90451
90454
90472
90488
90492
90498
90523
90537
90566
90568
90570
90572
90575
90577
90585
90589
90595
90636
90647
90650
90653
90663
90666
90667
90668
90684
90686
90696
90711
90726
90741
90744
90746
90754
90763
90829
90837
90839
90875
90879
90941
90952
90962
90988
91005
91040
91060
91064
91067
91075
91082
91093
91118
91124
91132
91147
91151
91152
91160
91172
91175
91189
91191
91210
91218
91220
91227
91230
91255
91257
91274
91277
91284
91288
91292
91293
91303
91306
91316
91318
91339
91343
91354
91366
91372
91375
91379
91385
91418
91434
91460
91462
91490
91511
91546
91556
91558
91593
91600
91603
91614
91622
91631
91638
91645
91646
91651
91656
91660
91671
91686
91687
91703
91708
91716
91717
91723
91724
91743
91744
91762
91774
91782
91806
91810
91819
91831
91833
91844
91847
91849
91897
91899
92583
92856
92864
92958
93002
93035
93167
93208
93292
93692
93846
93853
93875
93885
93914
93924
94061
94077
94106
94122
94150
94493
94513
94543
94558
94563
94579
94598
94611
94637
94646
94687
94691
94727
94738
94756
94795
94823
94829
94875
94946
94962
94991
95119
95189
95280
95296
95431
95440
95441
95507
95549
95635
95656
95660
95663
95871
95924
95952
96065
96084
96525
96570
96600
96659
96672
96755
96789
96796
96807
96914
97067
97081
141966
141985
142094
142105
142106
142110
142171
142232
142237
142244
142296
142344
142364
142415
142453
142506
142525
142543
142580
142598
142671
142685
142686
