142686
142671
142580
142543
142525
142506
142364
142344
142237
142171
142110
142106
142094
141985
141966
97081
96914
96807
96789
96755
96672
96570
96084
96065
95871
95660
95656
95635
95549
95507
95441
95440
95431
94962
94875
94829
94823
94756
94738
94727
94687
94637
94563
94543
94513
94122
94106
94077
93853
93292
93208
93167
93035
93002
92958
92864
92856
92583
91849
91847
91844
91833
91831
91819
91810
91806
91782
91774
91762
91743
91593
91546
91490
91434
90763
90754
90746
90741
90726
90696
90686
90684
90668
90666
90663
90653
90650
90636
90357
90351
90343
90341
90329
90325
90306
90291
90269
90266
90242
90143
90127
32340
32096
31993
31527
31202
79213
79188
79167
79137
79078
78900
78840
78555
29329
78342
78227
78131
78062
78005
77793
77762
77756
77754
77750
77730
77645
77555
77506
77468
77428
77331
77238
77196
28031
77170
77135
77052
76988
76983
76878
76716
76637
76631
76600
76560
76520
76438
76416
27257
76346
26130
74893
74804
74800
74188
74152
74151
74135
74134
74084
73981
73562
73557
73533
73507
73260
73248
73237
72564
72517
72439
72242
72181
72142
72017
20356
20352
19323
19237
18457
18455
18440
18329
18283
18082
17979
17970
17951
17456
66442
17258
66382
66150
65753
65722
65676
16438
65516
65447
65387
65305
65290
65279
65270
65241
65220
65204
65201
65199
65143
15928
65085
15866
15794
64937
64929
64905
64866
64863
64862
64846
64827
64807
64803
64708
64689
64595
64565
64562
15265
64250
64220
64215
64177
64152
64137
63941
63940
63933
63925
63904
63881
63831
63769
63754
63733
63660
63629
14249
14089
13914
13901
13861
62943
62930
62919
62788
62783
62716
62693
12061
11846
11569
11548
11247
11209
11190
11082
11038
10872
10822
10607
59358
59352
59304
59298
59236
59222
59156
59137
59095
59093
59072
59011
59007
58994
58989
58903
58859
58854
58842
58809
58769
58703
58244
57975
57944
57917
57903
57855
57790
57726
57696
57588
57483
57403
57362
57359
57304
57259
57227
32658
57060
57027
56956
56887
56809
56785
56775
56774
56743
56736
56631
56555
56544
56531
56528
56456
56426
56391
56382
56360
56311
56302
56301
56297
56233
56222
56204
56174
56148
56124
56113
56076
56027
31414
55919
55829
55804
55791
55786
55780
55762
6591
55748
55732
55725
55625
55618
55603
55586
55548
55448
55435
6267
55294
55240
55233
55232
55226
55219
55188
55170
55169
5991
55148
55137
5715
5688
79312
79226
79100
78896
54202
54160
54152
53905
53838
53754
53700
53686
53632
53608
53527
77814
3829
3809
77437
3240
76974
3224
3177
76920
3133
2691
76407
2607
2552
2395
2384
2383
1966
1956
50969
1802
1798
1787
1630
50721
50676
1483
1481
1379
1374
50473
50434
50251
50110
50000
49930
49895
49758
49514
49472
74028
49281
73847
75
66
64
36
49176
49175
49161
2
49159
49142
49116
49115
49087
49057
73607
73558
48936
73522
48921
73505
73487
48894
73431
73399
48806
48703
73291
48683
73266
73265
73264
73209
48570
73069
73068
48475
48460
73010
48331
48279
48271
48270
47984
72536
97067
47820
72359
47740
72328
47695
96796
47509
47508
96659
47457
96600
71964
96525
71946
95924
46749
46729
46650
46634
46613
46603
46563
95663
46192
46186
46178
95280
46117
46116
46071
95189
46021
46000
94991
94946
94795
45542
45524
94646
45485
45474
45459
94611
94558
45345
94493
45328
45323
45306
45292
45284
45281
20654
44820
44807
44763
93914
93885
93846
44678
44664
44657
44615
44599
44566
44564
93692
142685
142296
19356
142232
18697
18589
18566
18470
18419
18280
18060
91744
91603
91558
91556
91511
17766
17754
91462
66541
17128
90744
90711
90667
65737
65701
90246
90145
15991
65095
64836
15414
39369
39344
38869
38855
38819
14202
14019
14001
62995
38230
38229
62773
37996
37888
37863
37838
37832
37431
37364
37299
37295
37273
37212
37187
37161
37152
37141
36979
36970
36917
36788
36763
36762
36709
11808
36318
36315
36308
36265
11694
36258
11645
36210
11628
36163
11483
36074
36065
36034
36024
36012
36004
11407
35946
35788
11174
11160
35753
11185
11149
11144
35737
35736
11170
11117
35705
11097
11060
11070
11036
10996
10862
10669
10650
10634
10621
10616
10565
10593
10553
59318
59317
59106
59075
59058
59016
58174
58162
58032
33216
33014
33013
32905
32881
32744
57260
32644
56704
56665
31920
56376
31766
56347
56319
56120
31346
31301
55872
55808
6540
6533
6318
55479
6289
30841
30786
30748
55302
55277
55238
6057
55221
30638
55202
5985
55152
5960
5946
55130
55119
5953
79588
5777
79509
5731
5695
79369
79397
30211
79387
30153
79292
79203
30000
54435
78991
29785
29766
78823
78844
54227
29617
29607
29572
54126
54104
29405
78554
29376
29286
90647
53458
53452
90288
90258
90147
77849
77844
77801
77794
77690
28510
28448
3834
3833
3815
28408
28406
3811
3808
28396
3760
77463
28237
28229
3626
28151
28138
28089
27944
77079
3300
3298
77041
3262
3129
76815
76772
27560
76677
76692
27497
76644
27485
27482
27440
76591
76576
27390
27360
27351
27336
27296
27268
2658
2639
27068
27051
39316
2430
39287
39281
2389
26982
2387
26980
26876
26775
26763
26718
26669
26657
26654
75796
75767
1940
26533
1910
1893
1830
26336
1742
1729
1680
1677
26232
13852
1555
26145
1536
1531
1526
1524
26111
1510
1504
26123
26093
1482
26068
1460
26030
26020
1421
26005
50559
25995
1396
1385
25956
25945
38226
1340
25920
25916
25908
25893
25883
13547
37868
37834
74702
49980
37381
74235
37313
37283
74003
37081
49311
113
84
70
73833
54
81
73817
27
47
73729
73744
36789
36758
73488
73422
72966
11488
11427
35838
48090
11148
35658
72496
72452
47348
95952
46771
46701
95296
95119
33246
57810
33209
33179
45465
94598
94579
20767
45347
45341
20729
45315
20697
20685
20673
20656
45244
45207
32803
94150
57220
20362
20336
57216
32623
20334
20361
94061
44779
93924
93875
44715
44711
44637
56911
44619
32267
44543
32205
56772
56662
56635
56577
56573
56510
56504
56415
56279
31636
19270
31509
142105
18952
18923
55809
18894
55715
18833
18816
18810
18789
18806
18777
31051
18742
18722
18685
18676
6350
6370
55527
18637
6347
55427
6260
6186
6154
55339
18432
55262
30645
30631
18335
30604
18301
5990
18094
18051
18034
18030
79495
5730
18015
5721
5699
79417
17918
79389
17890
17793
17781
17738
30016
91460
17710
17708
91418
79110
54438
54453
17366
54045
17057
17012
16941
66052
16866
65932
16739
16518
16379
16333
16309
77716
65347
65313
3782
3797
65272
65174
16017
3703
3669
3631
77384
3605
64969
64930
64909
64883
3301
3159
27715
76905
3088
3085
64552
3069
76755
27565
27563
15161
15148
15128
76587
2668
64114
2651
64097
2650
2643
2633
76393
2625
2562
64021
2590
2561
2536
63961
2520
63945
63927
2403
2386
2352
26859
2244
26791
2192
14219
1911
14200
1890
1804
14022
1530
26058
1428
1443
1405
1393
1373
56661
50440
1254
56561
37925
56377
37881
37862
74698
19365
49788
19046
18970
37333
37310
37301
18864
37291
37289
37280
37265
18788
37196
37180
37167
55604
18707
37132
30991
18695
31004
6325
37056
18624
49342
6280
98
18544
89
87
78
55410
6224
56
18484
41
18478
36899
32
12
55361
6175
6
5
18429
6133
36840
36785
36778
30644
18334
18326
55207
6021
6020
36747
30586
55161
36705
55154
55109
5952
11966
18090
18068
73370
17898
36310
36293
36282
17854
11675
36268
36264
11686
36261
17832
17826
17822
73108
36234
36230
11636
36202
11612
17759
30035
36171
17742
17733
11563
36130
11552
11547
11544
11513
11473
11468
35998
11344
35895
17447
78874
17389
11213
17353
17349
35768
17334
11152
11145
35730
11151
11150
35727
11107
11122
11074
17189
10971
10984
10985
29380
10858
10857
10845
10838
10837
10827
10799
10792
10791
16934
10783
10766
10781
10756
10742
16867
10701
65997
10623
10586
10605
10620
10530
59369
59357
16225
3661
58983
3653
64976
58753
64858
64845
77078
3299
3293
76997
3218
15518
3200
64657
3182
3155
3149
27541
27486
76687
2788
2723
76472
2679
58016
2644
2618
2575
2510
38911
75823
14333
1954
1951
20364
75691
1941
1912
1921
1856
1821
1848
1835
57172
57097
1756
1702
1705
44709
56977
1640
1577
1547
1499
26107
56824
1484
1495
1470
1447
10673
10656
56742
1383
56720
56691
10608
1372
56700
56696
10567
56615
56613
62754
142598
56491
38006
38005
142453
56378
31807
56381
56308
56278
59331
142244
19250
18988
18975
3575
3569
58878
58893
55801
3539
18845
6545
28042
49569
31111
31089
6368
30928
77043
3259
55422
72
6219
49
55386
51
76
30776
64588
3100
18463
0
55247
30625
55156
5930
5845
5842
18108
5791
18065
18059
5738
5705
18017
5691
5706
30266
2600
79431
54395
78948
54345
11289
35897
54310
1825
54076
1813
1810
29460
1808
1797
14101
1779
14087
1549
29199
26100
1522
56621
53442
41075
41072
28463
77662
77643
28467
77624
3843
3837
3832
16110
3764
3779
3771
16016
3706
77472
3675
3685
3672
77461
3682
3648
3629
3627
3622
3586
3581
58906
3567
3550
28143
3534
3551
3520
3518
64977
64922
15716
64910
64850
77134
64831
77111
1809
1777
1776
1782
29443
64784
3296
1791
1762
3255
3249
77023
3244
64701
3223
15527
77016
3236
3197
3212
3205
3210
76970
3176
46202
88
6239
18538
3152
3130
3121
15399
8
18448
3076
1521
1523
53788
1529
53772
18421
76819
3079
1506
15316
58345
18397
30646
76749
76719
15284
15277
27472
76657
76628
5964
5963
27458
76634
27427
15132
1288
15098
76583
76574
2768
27339
76540
2761
76490
30355
64182
53382
2653
76419
2613
2601
2581
2596
2595
17839
27006
39292
2397
2370
2368
2335
2327
2329
2334
77642
2308
28424
3825
2297
2284
3820
2256
2271
77589
2267
3806
28399
77572
2262
2247
65247
3772
3787
26835
2241
76019
26830
3777
26831
26814
26798
16045
3754
75959
2174
75903
26746
77489
63652
2161
63619
3701
2156
2139
3679
2143
2121
2136
2133
3677
26712
3674
2127
2110
26703
63598
3642
3657
26695
26679
65102
26677
75832
3637
14394
38955
2087
3620
3615
3612
3610
26640
26643
18947
77356
14323
26599
38879
2011
28129
57347
1993
1970
26559
28069
1948
1950
1943
13480
26519
1926
1923
55729
1914
1906
56466
26467
30300
2626
1842
1870
1837
1824
1823
1796
1790
3310
14040
1759
3295
39383
2516
1747
50903
3285
3282
1738
1737
44776
1721
1732
1711
94691
18649
1718
1713
1710
3252
1697
3222
55484
57000
1652
3194
1636
39278
3184
76956
1623
2393
1611
2358
26965
76122
2343
6203
45
2348
26133
18465
15
30
20
3092
1538
63764
78401
77606
1915
65298
39162
56862
1511
1918
65269
26844
51059
3796
2253
1474
1489
10685
1448
26807
1445
56765
1415
1408
50772
3705
25963
2346
2142
3618
55114
56453
1878
2065
10533
6303
38941
1479
50830
1673
1476
27780
3202
116
1464
62768
3566
3161
6231
59
1608
62679
1409
3537
1931
10577
142415
1413
39146
2279
5723
2451
75651
50485
11293
50465
1294
26619
50815
26523
1938
1936
56891
44633
6571
1852
3589
1667
1644
3750
1438
2391
76941
77212
55968
25969
1391
2252
1826
48515
3786
77282
