59
62
64
65
66
67
69
71
72
74
76
77
78
80
81
83
85
87
88
89
90
91
93
94
95
97
98
99
100
101
102
103
104
105
106
107
108
109
110
111
112
113
114
115
116
117
118
119
120
121
122
123
124
125
126
127
128
129
130
131
132
133
134
135
136
137
138
139
140
141
142
145
146
148
149
151
152
153
154
155
156
157
158
159
160
161
162
163
164
166
167
172
174
175
177
178
179
180
181
182
183
184
185
188
189
190
196
198
199
201
206
207
211
212
213
214
215
217
218
219
222
223
224
227
230
231
235
237
238
239
240
241
242
243
244
245
246
247
248
249
250
251
252
253
254
255
256
258
260
261
262
263
266
269
270
272
276
278
279
280
281
282
283
284
286
287
288
289
292
293
294
296
299
300
301
302
303
304
305
306
307
308
310
311
312
313
314
316
317
318
322
323
324
325
326
327
328
330
332
334
335
336
337
339
340
341
342
344
345
351
352
353
354
357
362
368
375
381
397
398
402
407
409
412
414
415
416
420
423
426
427
431
432
434
436
437
442
447
448
451
452
457
458
459
462
463
464
465
469
470
474
475
479
484
485
486
489
490
491
492
495
496
498
501
502
504
506
510
511
513
514
516
519
520
524
527
530
532
534
535
536
537
538
541
542
544
545
548
551
553
555
557
558
559
560
561
562
566
567
568
571
572
575
580
581
583
584
585
589
590
591
594
596
599
610
619
622
625
627
628
631
633
634
636
637
638
639
640
643
644
645
647
648
650
654
655
656
659
660
665
667
669
670
673
674
675
676
677
678
679
681
683
684
685
686
687
688
689
690
692
693
695
696
697
698
699
702
703
705
706
708
709
711
715
716
717
719
720
721
723
724
726
727
728
729
732
734
738
740
742
744
748
749
751
752
753
755
756
757
758
759
760
761
762
763
764
765
767
769
770
771
772
773
775
777
779
780
781
782
784
786
789
793
794
797
801
804
805
807
809
810
816
817
818
819
821
822
825
826
827
830
831
832
833
834
835
839
842
843
844
845
846
847
848
849
850
852
853
854
857
859
863
867
873
875
878
879
882
885
886
888
892
893
895
897
901
902
904
906
908
912
916
920
921
922
926
929
931
935
942
949
950
952
953
954
955
957
958
959
960
963
966
968
970
971
972
975
977
982
983
985
992
994
997
1001
1005
1011
1013
1014
1016
1023
1024
1025
1026
1028
1029
1030
1033
1036
1043
1044
1048
1049
1050
1051
1052
1053
1055
1057
1059
1060
1061
1063
1064
1065
1066
1067
1070
1071
1072
1073
1075
1076
1077
1081
1082
1084
1085
1088
1092
1093
1095
1096
1097
1098
1099
1100
1101
1103
1105
1106
1108
1109
1112
1113
1115
1117
1123
1125
1126
1128
1136
1138
1140
1142
1144
1145
1146
1149
1151
1152
1154
1155
1156
1157
1158
1159
1160
1161
1164
1165
1166
1167
1169
1170
1171
1173
1175
1176
1177
1178
1179
1180
1182
1183
1184
1186
1187
1188
1189
1191
1193
1194
1195
1196
1197
1198
1199
1200
1201
1202
1204
1207
1211
1213
1216
1217
1218
1219
1221
1223
1224
1225
1226
1227
1228
1229
1230
1232
1233
1234
1235
1238
1239
1241
1242
1244
1245
1246
1247
1249
1250
1251
1252
1255
1259
1260
1261
1262
1267
1269
1270
1271
1273
1274
1276
1277
1278
1279
1280
1281
1282
1283
1285
1287
1288
1289
1291
1292
1293
1297
1298
1301
1305
1306
1308
1311
1315
1316
1320
1322
1323
1324
1327
1328
1330
1332
1334
1335
1336
1337
1341
1342
1344
1346
1348
1350
1352
1356
1358
1360
1361
1363
1364
1371
1375
1377
1378
1382
1387
1393
1399
1400
1403
1406
1414
1416
1417
1419
1423
1427
1433
1440
1442
1445
1449
1450
1455
1459
1460
1464
1469
1474
1478
1483
1485
1487
1489
1492
1496
1501
1508
1525
1541
1570
1581
1583
1590
1595
1599
1602
1607
1612
1619
1621
1623
1626
1630
1632
1644
1645
1646
1647
1648
1650
1656
1658
1659
1669
1672
1674
1676
1679
1682
1683
1686
1691
1699
1702
1707
1711
1725
1726
1729
1731
1733
1734
1735
1737
1745
1755
1768
1769
1775
1776
1778
1781
1782
1784
1791
1794
1802
1805
1811
1812
1825
1834
1857
1877
1878
1879
1890
1892
1893
1904
1905
1909
1923
1925
1937
1944
1972
1979
1984
1993
1999
2001
2012
2014
2022
2027
2034
2056
2057
2064
2076
2080
2091
2093
2097
2099
2102
2105
2107
2108
2109
2110
2113
2117
2118
2119
2121
2123
2124
2128
2129
2130
2131
2133
2137
2138
2139
2140
2143
2144
2146
2147
2149
2150
2151
2155
2160
2162
2169
2171
2179
2180
2185
2186
2188
2189
2190
2191
2192
2195
2199
2207
2208
2213
2216
2226
2229
2244
2251
2252
2254
2256
2258
2259
2261
2269
2270
2272
2274
2275
2276
2279
2285
2286
2288
2289
2292
2295
2297
2303
2309
2320
2326
2327
2331
2334
2337
2346
2347
2349
2353
2354
2356
2357
2361
2362
2366
2369
2377
2410
2414
2419
2433
2438
2444
2445
2448
2451
2452
2453
2455
2457
2465
2468
2470
2473
2474
2476
2477
2478
2479
2483
2485
2489
2494
2510
2512
2520
2522
2524
2528
2529
2534
2540
2541
2544
2547
2570
2572
2575
2577
2580
2585
2590
2591
2598
2607
2617
2620
2621
2622
2624
2626
2628
2648
2684
2693
2697
2699
2795
2804
2853
2864
2873
2876
2879
2886
2893
2910
2917
2919
2924
2934
2936
2974
3005
3027
3032
3043
3061
3094
3102
3120
3125
3133
3136
3145
3210
3220
3243
3245
3253
3259
3262
3270
3271
3277
3280
3285
3292
3296
3298
3302
3303
3307
3314
3327
3333
3334
3338
3351
3355
3363
3380
3443
3475
3489
3519
3595
3617
3636
3640
3643
3660
3663
3674
3676
3681
3688
3700
3707
3715
3728
3730
3732
3734
3736
3740
3741
3753
3760
3761
3767
3769
3792
3811
3816
3829
3832
3834
3842
3851
3856
3859
3894
3899
3911
3916
3947
3988
3995
3998
4009
4013
4018
4021
4032
4035
4044
4047
4053
4056
4057
4068
4069
4077
4078
4082
4098
4103
4107
4114
4129
4144
4148
4150
4158
4164
4170
4175
4176
4177
4179
4183
4187
4195
4198
4199
4200
4201
4203
4204
4208
4210
4216
4221
4227
4228
4232
4236
4238
4251
4256
4261
4266
4267
4279
4285
4294
4300
4302
4308
4316
4325
4334
4338
4342
4349
4355
4365
4385
4390
4395
4398
4401
4402
4405
4408
4410
4467
4469
4476
4483
4486
4490
4503
4509
4539
4551
4558
4567
4572
4584
4586
4602
4611
4613
4618
4620
4630
4634
4636
4638
4649
4658
4659
4662
4668
4681
4687
4700
4703
4705
4712
4742
4746
4752
4758
4766
4771
4774
4782
4787
4792
4795
4801
4803
4805
4806
4811
4814
4821
4835
4846
4850
4854
4858
4861
4863
4865
4874
4899
4901
4906
4911
4918
4923
4924
4929
4933
4938
4941
4944
4953
4955
4959
4963
4994
4999
5001
5004
5007
5009
5010
5013
5046
5047
5048
5049
5053
5064
5068
5069
5072
5075
5077
5078
5080
5081
5086
5095
5103
5109
5116
5117
5118
5119
5125
5131
5136
5138
5142
5144
5156
5172
5176
5180
5185
5188
5189
5197
5213
5214
5217
5218
5224
5226
5227
5230
5233
5236
5243
5245
5260
5264
5267
5270
5273
5274
5275
5278
5282
5284
5289
5292
5295
5296
5302
5313
5319
5322
5324
5328
5329
5330
5333
5334
5335
5345
5347
5350
5352
5360
5365
5366
5367
5368
5372
5375
5377
5379
5383
5385
5388
5391
5393
5396
5399
5406
5411
5422
5427
5432
5448
5456
5459
5460
5467
5472
5473
5480
5485
5492
5498
5502
5513
5521
5522
5528
5532
5539
5544
5553
5555
5575
5576
5577
5582
5584
5585
5592
5597
5601
5606
5612
5634
5640
5641
5642
5645
5649
5652
5658
5661
5666
5669
5670
5682
5685
5695
5751
5760
5761
5764
5765
5769
5775
5778
5782
5788
5791
5793
5797
5799
5808
5834
5843
5855
5860
5861
5863
5870
5873
5879
5894
5896
5903
5907
5909
5928
5934
5942
5945
5948
5952
5953
5967
5969
5979
5985
5988
5992
5997
6003
6009
6011
6021
6025
6028
6031
6033
6034
6035
6036
6044
6048
6052
6062
6063
6066
6067
6070
6072
6076
6077
6078
6093
6095
6100
6102
6106
6107
6108
6110
6111
6114
6119
6127
6131
6133
6136
6140
6144
6155
6165
6175
6177
6189
6193
6196
6200
6209
6223
6240
6243
6249
6255
6257
6269
6272
6276
6313
6346
6347
6348
6354
6362
6365
6368
6369
6376
6379
6383
6385
6401
6405
6410
6418
6448
6454
6455
6456
6459
6460
6463
6466
6467
6469
6477
6479
6484
6486
6487
6494
6496
6498
6501
6502
6503
6505
6506
6516
6520
6522
6524
6526
6528
6531
6535
6537
6542
6550
6559
6566
6576
6579
6583
6589
6605
6619
6623
6626
6633
6635
6637
6643
6652
6654
6655
6663
6668
6673
6674
6678
6682
6690
6718
6731
6751
6754
6760
6765
6770
6774
6790
6796
6797
6799
6816
6817
6820
6823
6826
6829
6831
6845
6848
6849
6850
6852
6857
6860
6861
6866
6871
6873
6874
6878
6879
6881
6883
6892
6895
6897
6907
6918
6925
6927
6928
6929
6942
6946
6949
6951
6961
6966
6973
6977
6983
6989
6990
7006
7008
7009
7015
7016
7021
7023
7026
7041
7057
7062
7065
7072
7073
7074
7076
7077
7078
7083
7096
7098
7102
7103
7112
7113
7114
7115
7116
7119
7125
7126
7128
7135
7136
7138
7145
7148
7149
7152
7153
7156
7161
7166
7167
7178
7183
7185
7187
7197
7201
7206
7209
7218
7220
7228
7257
7272
7281
7285
7293
7297
7306
7311
7329
7336
7337
7339
7341
7358
7383
7391
7415
8861
8868
8871
8886
8891
8892
8896
8906
8909
8914
8920
8929
8939
8950
8952
8956
8963
8972
8980
8984
8991
9000
9010
9014
9019
9031
9043
9054
9055
9072
9079
9082
9087
9092
9095
9098
9105
9106
9109
9113
9123
9129
9151
9154
9156
9181
9192
9229
9237
9239
9243
9251
9254
9269
9273
9277
9284
9290
9310
9344
9386
9401
9407
9409
9418
9427
9451
9498
9517
9543
9620
9629
9637
9670
9683
9730
9738
9769
9796
9807
9823
9827
9828
9832
9837
9839
9847
9855
9870
9878
9887
9900
9906
9914
9924
9948
9949
9959
9960
9961
9964
9966
9971
9974
9979
9986
9991
9996
10012
10015
10024
10026
10039
10042
10047
10058
10065
10067
10069
10071
10075
10097
10102
10122
10136
10138
10143
10144
10151
10157
10165
10180
10182
10187
10190
10192
10196
10205
10217
10233
10240
10267
10272
10295
10301
10375
10379
10393
10395
10396
10409
10412
10418
10419
10431
10434
10439
10447
10451
10460
10463
10481
10489
10494
10503
10504
10545
10547
10552
10564
10565
10568
10569
10570
10573
10574
10577
10579
10580
10584
10585
10587
10588
10591
10593
10597
10601
10602
10606
10608
10611
10612
10616
10620
10622
10623
10628
10630
10636
10637
10639
10643
10644
10645
10647
10650
10653
10656
10662
10668
10670
10671
10675
10676
10677
10678
10679
10680
10681
10683
10684
10685
10687
10693
10694
10697
10708
10710
10711
10712
10713
10723
10730
10731
10733
10736
10737
10741
10743
10745
10748
10749
10751
10753
10756
10760
10770
10774
10778
10781
10785
10790
10792
10794
10797
10800
10801
10802
10803
10809
10812
10821
10822
10828
10829
10832
10834
10836
10843
10847
10848
10849
10850
10859
10862
10863
10865
10866
10910
10912
10913
10928
10946
10948
10951
10953
11020
11039
11075
11085
11109
11131
11151
11160
11165
11197
11213
11229
11247
11260
11270
11276
11283
11286
11290
11300
11337
11352
11362
11368
11416
11424
11430
11443
11450
11454
11455
11463
11475
11476
11482
11489
11492
11493
11507
11508
11513
11519
11522
11525
11528
11536
11543
11547
11548
11553
11555
11557
11558
11562
11567
11568
11575
11577
11578
11587
11593
11601
11602
11604
11608
11609
11610
11611
11615
11619
11621
11622
11623
11624
11627
11628
11629
11631
11632
11638
11639
11640
11642
11644
11645
11646
11648
11649
11656
11661
11664
11670
11672
11673
11675
11676
11678
11684
11686
11687
11688
11691
11694
11696
11698
11710
11712
11714
11716
11717
11719
11720
11728
11732
11733
11735
11737
11738
11739
11741
11742
11745
11747
11750
11753
11754
11757
11762
11765
11766
11767
11769
11770
11772
11773
11774
11775
11776
11778
11780
11785
11787
11788
11790
11791
11793
11795
11798
11799
11800
11803
11806
11816
11818
11823
11824
11829
11840
11845
11855
11857
11859
11860
11862
11863
11869
11874
11876
11879
11880
11882
11883
11886
11889
11890
11892
11893
11895
11902
11904
11905
11911
11912
11913
11920
11926
11928
11930
11932
11935
11943
11947
11949
11952
11956
11957
11962
11964
11968
11971
11973
11975
11976
11978
11979
11980
11983
11985
11986
11988
11989
11992
11997
11999
12004
12006
12013
12017
12018
12023
12026
12029
12036
12041
12047
12050
12064
12065
12069
12071
12075
12081
12087
12092
12097
12098
12100
12105
12106
12110
12114
12120
12121
12122
12125
12127
12129
12132
12133
12138
12141
12142
12147
12153
12158
12160
12163
12165
12167
12168
12172
12173
12174
12178
12181
12183
12200
12202
12211
12214
12218
12222
12225
12226
12230
12233
12241
12242
12245
12250
12257
12271
12272
12275
12286
12287
12291
12294
12298
12302
12304
12305
12319
12327
12335
12336
12343
12353
12358
12359
12375
12377
12384
12386
12388
12390
12393
12397
12401
12404
12409
12410
12413
12414
12415
12421
12424
12432
12440
12443
12458
12460
12463
12465
12471
12472
12473
12475
12484
12487
12488
12489
12501
12509
12511
12518
12519
12521
12522
12531
12534
12539
12541
12550
12552
12554
12559
12560
12566
12571
12579
12583
12586
12589
12591
12607
12609
12617
12635
12642
12648
12649
12653
12672
12684
12693
12696
12697
12703
12706
12708
12709
12713
12714
12716
12719
12720
12724
12728
12732
12733
12735
12745
12751
12753
12754
12756
12761
12762
12775
12778
12780
12814
12816
12820
12821
12822
12824
12831
12840
12848
12852
12858
12865
12870
12880
12887
12889
12898
12901
12909
12912
12916
12917
12920
12926
12941
12945
12946
12958
12960
12962
12967
12968
12973
12975
12998
13006
13007
13014
13018
13031
13034
13036
13039
13044
13046
13073
13074
13075
13080
13093
13112
13119
13120
13121
13127
13130
13133
13137
13145
13150
13157
13166
13176
13186
13198
13228
13230
13232
13242
13247
13277
13280
13290
13291
13294
13304
13307
13329
13332
13354
13375
13386
13406
13417
13433
13435
13441
13449
13454
13469
13512
13556
13562
13571
13584
13592
13630
13632
13651
13655
13670
13688
13705
13714
13722
13726
13728
13734
13739
13767
13774
13778
13789
13792
13793
13796
13798
13801
13803
13805
14906
14917
14931
14953
15099
15100
15101
15106
15108
15148
15177
15209
15245
15252
15278
15282
15290
15299
15377
15405
15407
15411
15423
15426
15435
15445
15448
15455
15495
15507
15512
15533
15534
15538
15600
15607
15610
15611
15621
15633
15637
15644
15658
15660
15666
15751
15767
15790
15796
15814
15831
15841
15849
15852
15858
15874
15878
15881
15884
15887
15889
15917
15920
15929
15956
15960
15990
16022
16048
16074
16088
16138
16148
16162
16171
16179
16196
16197
16201
16262
16285
16287
16300
16303
16309
16321
16327
16333
16350
16435
16499
16514
16518
16531
16542
16543
17572
17599
17607
17616
17637
17642
17662
17682
17690
17733
17738
17739
17762
17763
17785
17811
17821
17832
17945
17960
17969
17974
17991
17998
18003
18010
18013
18026
18097
18105
18106
18107
18120
18132
18148
18152
18160
18167
18188
18197
18201
18207
18213
18225
18254
18260
18279
18292
18305
18332
18341
18372
18376
18387
18392
18402
18419
18426
18430
18449
18451
18459
18475
18482
18485
18497
18513
18514
18525
18535
18550
18579
18584
18592
18617
18621
18631
18635
18641
18647
18650
18651
18659
18668
18684
18688
18695
18700
18722
18744
18756
18757
18760
18770
18773
18797
18801
18810
18811
18818
18821
18842
18849
18858
18864
18872
18875
18976
18980
18982
18994
19031
19037
19052
19058
19060
19066
19083
19094
19106
19125
19169
19174
19189
19192
19202
19203
19208
19227
19229
19240
19241
19254
19258
19283
19287
19288
19293
19298
19302
19305
19308
19310
19319
19322
19324
19329
19343
19348
19349
19354
19397
19411
19414
19415
19423
19430
19441
19442
19446
19450
19453
19454
19456
19467
19468
19470
19483
19489
19503
19543
19546
19548
19551
19557
19563
19575
19576
19590
19605
19608
19637
19638
19644
19649
19662
19670
19672
19683
19698
19703
19715
19717
19718
19724
19725
19732
19733
19747
19751
19754
19756
19758
19763
19768
19769
19780
19791
19794
19816
19823
19829
19832
19843
19856
19858
19860
19862
19863
19865
19874
19922
19933
19941
19945
19953
19955
19960
19961
19985
20018
20028
20039
20045
20049
20078
20080
20087
20095
20098
20118
20127
20132
20141
20159
20163
20172
20182
20183
20187
20210
20212
20215
20224
20228
20234
20235
20248
20257
20270
20288
20292
20293
20301
20308
20321
20324
20329
20336
20339
20348
20353
20363
20374
20381
20391
20393
20396
20404
20416
20421
20423
20427
20431
20432
20442
20452
20461
20472
20485
20492
20498
20500
20509
20510
20512
20515
20516
20524
20525
20530
20538
20551
20558
20564
20589
20603
20612
20616
20625
20629
20637
20640
20650
20654
20660
20662
20671
20673
20676
20681
20685
20687
20698
20707
20710
20712
20713
20728
20731
20741
20744
20755
20760
20784
20788
20803
20804
20818
20824
20828
20838
20852
20871
20878
20886
20890
20902
20905
20906
20912
20916
20924
20932
20934
20937
20945
20955
20963
20967
20976
20983
20991
21002
21011
21015
21016
21035
21036
21043
21061
21080
21088
21100
21104
21124
21129
21171
21184
21185
21186
21199
21202
21210
21216
21251
21255
21280
21283
21284
21285
21288
21293
21302
21306
21310
21317
21318
21355
21357
21359
21361
21366
21374
21376
21379
21380
21383
21389
21409
21413
21419
21427
21433
21435
21439
21443
21464
21486
21487
21599
21625
21629
21634
21672
21678
21688
21691
21703
21705
21730
21735
21753
21755
21821
21827
21840
21846
21857
21880
21928
22047
22078
22099
22100
22132
22136
22163
22209
22217
22271
22272
22306
22323
22345
22350
22375
22385
22409
22419
22422
22443
22468
22473
22475
22484
22488
22497
22506
22514
22521
22536
22542
22543
22546
22572
22573
22580
22605
22612
22615
22623
22642
22668
22670
22674
22688
22690
22702
22712
22723
22729
22768
22776
22777
22796
22797
22805
22810
22811
22830
22854
22861
22862
22863
22865
22883
22893
22908
22914
22917
22925
22928
22929
22931
22956
22980
22986
22994
23002
23012
23013
23018
23034
23035
23037
23040
23046
23064
23077
23082
23085
23090
23100
23150
23154
23159
23178
23207
23211
23230
23231
23235
23241
23259
23297
23305
23331
23357
23361
23369
23374
23385
23387
23400
23404
23407
23410
23412
23417
23419
23423
23425
23428
23430
23433
23448
23458
23459
23460
23467
23468
23470
23473
23474
23482
23483
23488
23489
23500
23501
23503
23508
23515
23516
23521
23526
23528
23529
23532
23539
23546
23547
23548
23553
23558
23562
23566
23575
23576
23589
23594
23595
23599
23615
23620
23681
23690
23695
23707
23718
23723
23726
23736
23743
23744
23745
23747
23757
23763
23770
23775
23778
23797
23805
23814
23822
23840
23846
23856
23861
23869
23870
23876
23884
23887
23890
23894
23899
23901
23903
23904
23905
23912
23917
23918
23921
23928
23935
23940
23942
23944
23950
23959
23968
23971
23972
23977
23982
23987
23998
24001
24006
24011
24020
24026
24028
24035
24037
24043
24067
24069
24070
24080
24085
24088
24093
24095
24103
24111
24116
24119
24121
24125
24129
24132
24138
24139
24158
24165
24166
24174
24178
24180
24184
24220
24226
24237
24242
24275
24283
24289
24306
24312
24316
24356
24357
24363
24368
24376
24386
24401
24412
24436
24445
24454
24465
24472
24493
24501
24507
24519
24530
24544
24553
24570
24577
24612
24613
24619
24638
24647
24653
24658
24664
24718
24735
24752
24780
24790
24826
24909
24921
24923
24938
24939
24949
24956
24976
24988
24992
25009
25016
25025
25030
25052
25065
25081
25097
25109
25135
25161
25174
25232
25236
25243
25273
25276
25279
25283
25286
25303
25307
25308
25328
25365
25372
25385
25389
25391
25400
25402
25407
25441
25446
25447
25459
25462
25467
25470
25484
25493
25499
25502
25510
25548
25578
25592
25600
25642
25656
25678
25685
25691
25700
25754
25777
25796
25831
25862
25908
30808
30830
30835
30872
30892
30902
30912
30929
30942
30955
30981
31012
31049
31070
31078
31079
31095
31098
31107
31129
31134
31139
31151
31156
31170
31175
31239
31245
31266
31282
31288
31310
31328
31342
31346
31358
31413
31418
31426
31440
31448
31458
31502
31513
31524
31547
31550
31559
31600
31609
31632
31642
31668
31751
31758
31791
31831
31844
31913
31924
31947
31951
31956
31961
31971
31975
31988
31995
32016
32017
32035
32071
32078
32098
32104
32115
32122
32138
32152
32155
32181
32189
32198
32276
32295
32334
32344
32349
32365
32371
32372
32392
32447
32477
32486
32490
32493
32499
32505
32507
32521
32533
32545
32556
32566
32573
32599
32612
32638
32640
32641
32652
32657
32659
32669
32674
32679
32681
32683
32694
32701
32710
32718
32719
32721
32723
32725
32736
32745
32746
32755
32757
32760
32763
32767
32771
32775
32781
32784
32787
32793
32800
32801
32811
32813
32822
32823
32826
32828
32831
32840
32846
32855
32857
32862
32872
32884
32929
32931
32936
32939
32940
32947
32950
32963
32974
32976
32979
32984
32988
32994
32996
32997
32998
33000
33006
33013
33030
33042
33047
33051
33067
33068
33070
33071
33075
33081
33087
33088
33091
33097
33107
33108
33109
33116
33118
33119
33125
33129
33130
33131
33134
33143
33148
33149
33152
33154
33166
33171
33173
33175
33181
33196
33199
33202
33213
33223
33227
33228
33229
33231
33243
33249
33256
33260
33267
33277
33284
33287
33301
33309
33310
33311
33320
33322
33328
33332
33341
33345
33374
33381
33383
33393
33404
33405
33414
33420
33422
33423
33428
33432
33436
33438
33446
33455
33459
33460
33464
33477
33479
33492
33504
33525
33535
33549
33587
33611
33614
33622
33629
33630
33639
33649
33653
33671
33707
33733
33750
33770
33808
33820
33834
33846
33852
33856
33858
33866
33880
33883
33886
33887
33889
33896
33905
33916
33939
33944
33953
33954
33957
33963
33992
34006
34012
34013
34020
34032
34045
34053
34060
34076
34094
34096
34123
34134
34141
34149
34163
34169
34186
34213
34216
34236
34240
34254
34272
34280
34294
34311
34317
34336
34345
34350
34371
34373
34381
34396
34402
34405
34445
34450
34480
34495
34496
34501
34504
34509
34512
34524
34529
34533
34539
34545
34559
34566
34567
34580
34593
34594
34609
34614
34627
34628
34629
34641
34642
34652
34658
34660
34682
34719
34723
34730
34740
34748
34768
34775
34781
34787
34800
34806
34813
34815
34820
34821
34826
34833
34836
34840
34854
34859
34872
34877
34880
34883
34890
34891
34902
34907
34912
34914
34916
34919
34934
34938
34940
34952
34956
34960
34967
34971
34986
35001
35009
35019
35025
35061
35076
35126
35136
35161
35163
35178
35206
35219
35227
35266
35269
35288
35338
35351
35357
35373
35391
35404
35411
35415
35428
35433
35447
35449
35483
35498
35501
35506
35545
35547
35592
35630
35660
35678
35686
35716
35723
35730
35785
35802
35821
35844
35846
35857
35863
35865
35869
35874
35886
35889
35892
35895
35897
35906
35908
35917
35919
35921
35922
35930
35934
35937
35946
35948
35960
35964
35966
35980
35989
35996
36001
36013
36014
36015
36025
36028
36030
36031
36032
36036
36039
36044
36046
36051
36058
36062
36073
36075
36076
36079
36081
36091
36097
36098
36102
36111
36119
36120
36122
36123
36134
36135
36161
36173
36181
36187
36189
36200
36211
36215
36216
36221
36227
36233
36292
36300
36308
36322
36347
36357
36361
36362
36364
36367
36369
36371
36376
36377
36387
36411
36419
36425
36432
36437
36444
36449
36453
36460
36642
36741
36745
36761
36774
36823
36830
36834
36867
36883
36979
36980
36999
37003
37069
37081
37092
37130
37166
37184
37187
37205
37228
37247
37258
37264
37272
37299
37325
37327
37347
37357
37367
37393
37466
37520
37573
37615
37639
37642
37650
37661
37664
37678
37703
37716
37758
37769
37795
37825
37847
37850
37874
37888
37903
37904
37976
37991
37994
38006
38034
38051
38055
38058
38066
38093
38097
38121
38231
38232
38244
38248
38266
38276
38281
38293
38297
38301
38302
38310
38321
38327
38342
38350
38360
38364
38367
38373
38376
38382
38409
38414
38435
38444
38487
38518
38570
38599
38638
38643
38654
38668
38695
38713
38722
38727
38734
38751
38783
38867
38868
38884
38887
38915
38947
38953
39579
39596
39616
39628
39633
39678
39689
39691
39758
39762
39783
39786
39792
39795
39801
39814
39815
39816
39821
39840
39848
39853
39856
39863
39871
39877
39890
39895
39910
39937
39943
39959
39961
39968
39997
40023
40034
40036
40041
40060
40091
40093
40094
40099
40114
40127
40143
40147
40167
40180
40182
40259
40264
40265
40266
40295
40297
40364
40365
40374
40377
40378
40384
40411
40416
40417
40421
40436
40450
40456
40461
40483
40495
40527
40530
40535
40548
40554
40555
40568
40571
40600
40612
40699
40734
40741
40840
40865
40873
40880
40910
40919
40949
40955
40963
40965
41015
41021
41026
41034
41046
41060
41073
41099
41102
41107
41110
41142
41152
41158
41174
41187
41199
41200
41318
41408
41453
41561
41572
41589
41602
41629
41647
41864
41874
41892
41918
41945
41951
41962
41995
42034
42041
42045
42049
42066
42083
42084
42101
42285
42312
42314
42319
42326
42377
42380
42399
42406
42451
42454
42496
42550
42571
42576
42656
42681
42719
42750
42779
42801
42806
42824
42846
42883
42893
42931
42940
42959
42974
43299
43348
43358
43489
43559
43575
43587
43588
43592
43613
43618
43620
43657
43667
43673
43714
43769
43882
43906
43918
43943
43945
43947
43994
43995
44054
44059
44073
44076
44090
44215
44222
44236
44252
44269
44272
44278
44284
44286
44295
44326
44329
44331
44356
44383
44388
44429
44433
44438
44449
44454
44472
44494
44495
44530
44532
44542
44544
44563
44574
44576
44585
44590
44609
44623
44630
44654
44655
44667
44682
44685
44692
44712
44725
44892
45076
45418
45463
45625
45808
45827
45876
46152
46165
46194
46201
46219
46244
46249
46250
46509
46515
46538
46546
46550
46557
46577
46586
46606
46608
46687
46701
46707
46710
46724
46734
46742
46764
46771
46980
46987
47003
47005
47013
47020
47024
47077
47096
47123
47154
47166
47172
47195
47203
47244
47259
47296
47298
47307
47308
47314
47348
47363
47753
47783
47789
47814
47817
47887
47901
47910
47944
48008
48200
48219
48226
48256
48323
48356
48399
48405
48446
48455
48457
48476
48507
48526
48528
48560
48563
48597
48723
48740
48804
48816
48833
48848
48860
48864
48873
48878
48881
48895
48922
48925
48940
48943
48995
48998
49006
49032
49034
49057
49062
49067
49073
49075
49078
49090
49095
49102
49119
49121
49123
49127
49138
49145
49148
49154
49155
49156
49162
49166
49168
49174
49182
49187
49195
49198
49212
49214
49221
49231
49252
49276
49277
49280
49285
49302
49304
49307
49310
49312
49316
49324
49332
49333
49338
49342
49344
49347
49352
49378
49381
49399
49421
49427
49438
49449
49452
49459
49471
49472
49490
49494
49495
49511
49521
49523
49534
49539
49558
49571
49586
49592
49677
49684
49690
49695
49702
49711
49728
49731
49734
49738
49740
49743
49749
49750
49752
49769
49771
49772
49790
49801
49805
49822
49824
49828
49842
49844
49847
49852
49863
49864
49867
49873
49875
49878
49888
49891
49907
49914
49917
49920
49931
49932
49933
49937
49952
49955
49958
49999
50008
50011
50023
50060
50067
50089
50096
50097
50111
50112
50139
50143
50144
50152
50165
50209
50224
50306
50314
50322
50362
50367
50387
50394
50411
50419
50431
50444
50469
50490
50510
50528
50541
50544
50563
50585
50589
50608
50628
50643
50666
50675
50686
50694
50696
50724
50741
50743
50761
50797
50802
50824
50833
50848
50849
50857
50882
50923
50935
50975
50977
50987
50998
51002
51006
51008
51032
51049
51054
51059
51062
51078
51091
51096
51108
51114
51136
51142
51156
51160
51170
51188
51201
51222
51231
51236
51243
51248
51270
51277
51349
51360
51366
51375
51386
51398
51405
51415
51437
51446
51451
51460
51475
51490
51528
51543
51582
51611
51641
51654
51712
51734
51767
51775
51781
51819
51831
51856
51859
51872
51896
51904
51906
51918
51919
51930
51938
51942
51949
51956
51962
51982
52000
52006
52013
52026
52066
52080
52087
52116
52122
52151
52184
52188
52202
52210
52218
52221
52228
52229
52230
52231
52241
52250
52267
52271
52278
52281
52286
52293
52294
52296
52297
52308
52330
52354
52356
52368
52372
52377
52387
52389
52395
52398
52423
52434
52438
52450
52452
52507
52514
52533
52543
52584
52603
52705
52738
52761
52764
52765
52772
52777
52806
52818
52825
52876
52892
52904
52909
52912
52924
52928
52932
52934
52946
52958
52966
52970
52976
52980
52982
52994
53019
53030
53033
53053
53060
53064
53077
53085
53096
53101
53121
53129
53143
53145
53150
53155
53192
53196
53212
53215
53232
53234
53239
53250
53251
53260
53296
53302
53310
53328
53333
53351
53378
53392
53394
53401
53450
53462
53465
53497
53521
53527
53533
53535
53541
53607
53684
53686
53692
53728
53751
53799
53831
53843
53874
53880
53902
53915
53916
53929
53962
53982
54010
54016
54018
54043
54089
54109
54120
54130
54188
54189
54202
54231
54264
54270
54279
54316
54343
54345
54363
54365
54375
54387
54397
54418
54446
54452
54469
54513
54522
54555
54570
54613
54664
54675
54685
54691
54706
54710
54745
54753
54765
54768
54784
54809
54813
54829
54873
54890
54959
54964
54974
55004
55012
55023
55049
55053
55073
55078
55082
55107
55125
55143
55160
57658
57671
57872
57935
57989
58019
58074
58085
58100
58128
58139
58146
58167
58225
58227
58239
58258
58263
58327
58341
58419
58447
58507
58515
58531
58560
58620
58629
58680
58795
58831
58842
59729
59930
60044
60045
60069
60084
60110
60117
60240
60251
60261
60264
60326
60359
60365
60372
60403
60404
60421
60424
60425
60464
60467
60472
60488
60495
60514
60544
60564
60574
60591
60664
60665
60672
60685
60699
60704
60705
60722
60723
60749
60759
60768
60776
60801
60818
60822
60863
60891
60900
60916
60918
60919
60933
60980
60985
60990
60994
60996
60997
61020
61025
61037
61045
61052
61058
61062
61083
61106
61117
61118
61124
61125
61134
61181
61196
61197
61218
61220
61244
61247
61248
61252
61268
61291
61316
61335
61340
61348
61360
61364
61374
61389
61392
61394
61405
61413
61461
61498
61502
61512
61527
61533
61538
61540
61547
61551
61571
61580
61581
61584
61585
61589
61597
61605
61609
61611
61614
61619
61622
61629
61649
61651
61660
61662
61667
61675
61682
61685
61690
61710
61711
61724
61726
61727
61736
61752
61756
61764
61773
61776
61779
61782
61786
61789
61814
61820
61825
61834
61835
61837
61841
61846
61865
61868
61874
61878
61889
61898
61901
61902
61908
61913
61920
61928
61931
61942
61946
62004
62014
62017
62022
62048
62051
62053
62067
62071
62072
62078
62085
62099
62107
62110
62122
62123
62131
62136
62148
62150
62156
62160
62164
62168
62172
62179
62184
62203
62215
62220
62229
62230
62233
62234
62235
62236
62243
62246
62251
62258
62275
62285
62290
62295
62311
62329
62331
62332
62340
62353
62381
62389
62391
62417
62424
62425
62428
62443
62448
62469
62478
62485
62497
62499
62510
62514
62530
62531
62533
62536
62540
62544
62557
62560
62570
62577
62579
62580
62589
62592
62595
62599
62604
62609
62620
62634
62641
62648
62655
62661
62662
62663
62666
62671
62677
62678
62686
62699
62705
62726
62729
62745
62769
62801
62822
62841
62843
62851
62858
62861
62862
62865
62866
62889
62892
62894
62898
62902
62909
62916
62920
62921
62923
62935
62950
62951
62953
62967
62974
62994
63003
63018
63025
63031
63033
63035
63036
63037
63061
63067
63068
63108
63117
63131
63134
63138
63145
63174
63177
63186
63205
63207
63212
63218
63225
63233
63253
63260
63262
63279
63286
63299
63311
63313
63322
63334
63345
63355
63375
63377
63378
63386
63395
63401
63409
63418
63420
63426
63431
63435
63454
63475
63481
63530
63532
63545
63560
63567
63579
63593
63624
63631
63635
63641
63646
63660
63669
63670
63674
63679
63690
63697
63698
63699
63714
63716
63723
63753
63756
63761
63764
63780
63783
63790
63805
63809
63810
63821
63839
63853
63854
63866
63867
63870
63871
63885
63886
63891
63902
63921
63929
63944
63946
63954
64008
64011
64013
64037
64047
64085
64091
64106
64108
64110
64125
64133
64159
64165
64167
64168
64169
64237
64274
64286
64295
64308
64310
64315
64318
64324
64348
64351
64356
64364
64365
64374
64376
64380
64394
64398
64431
64434
64452
64471
64484
64491
64495
64503
64512
64519
64530
64531
64542
64569
64572
64576
64579
64586
64596
64601
64609
64618
64620
64621
64622
64627
64629
64641
64648
64655
64656
64659
64660
64711
64715
64716
64729
64734
64740
64743
64755
64759
64764
64772
64777
64791
64796
64805
64820
64821
64823
64826
64839
64864
64871
64884
64912
64929
64945
64962
64963
64977
64990
64996
65007
65010
65014
65027
65030
65037
65041
65059
65070
65076
65091
65095
65097
65111
65114
65125
65128
65138
65149
65153
65159
65164
65171
65185
65187
65199
65201
65202
65210
65212
65218
65223
65229
65232
65235
65244
65254
65264
65278
65294
65297
65307
65313
65316
65323
65336
65339
65346
65365
65375
65388
65393
65396
65409
65446
65461
65473
65502
65506
65534
65536
65537
65543
65546
65563
65572
65582
65594
65597
65598
65613
65620
65686
65693
65697
65706
65716
65719
65728
65740
65788
65789
65813
65820
65826
65832
65837
65842
65859
65879
65882
65888
65894
65937
65949
65965
65970
65985
65990
65991
65997
66005
66014
66021
66023
66027
66029
66042
66047
66055
66063
66100
66105
66107
66112
66121
66123
66135
66144
66148
66153
66154
66162
66213
66219
66222
66231
66234
66256
66258
66271
66329
66336
66357
66359
66367
66380
66426
66454
66473
66480
66495
66502
66522
66534
66558
66561
66570
66572
66577
66594
66608
66611
66614
66616
66618
66634
66653
66800
66893
66923
66949
66965
66999
67045
67106
67112
67152
67159
67212
67228
67235
67308
67314
67323
67328
67357
67407
67410
67412
67424
67431
67449
67467
67485
67491
67498
67505
67526
67531
67560
67631
67647
67709
67760
67771
67786
67793
67829
67835
67880
67930
67945
67976
67986
68061
68063
68088
68102
68146
68170
68173
68209
68233
68253
68264
68299
68317
68325
68335
68350
68352
68360
68379
68390
68397
68404
68407
68436
68471
68482
68487
68500
68508
68523
68554
68567
68598
68638
68642
68656
68839
68853
68886
68894
68905
70738
70752
70818
70822
70841
70848
70852
71002
71011
71028
71038
71055
71066
71068
71080
71190
71194
71218
71226
71237
71241
71244
71433
71439
71495
71580
71582
71621
71634
71644
71666
71706
71721
71727
71732
71735
71746
71760
71771
71778
71799
71837
71855
71877
71893
71913
71918
71949
71951
71959
71963
71991
71994
71999
72001
72003
72008
72050
72082
72091
72105
72557
72565
72582
72590
72598
72606
72609
72619
72626
72629
72648
72662
72670
72676
72705
72717
72727
72747
72748
72753
72768
72769
72816
72829
72855
72862
72906
72920
72925
72927
73057
73069
73075
73079
73103
73121
73152
73183
73210
74355
74386
74393
74419
74425
74431
74469
74484
74494
74525
74545
74558
74566
74573
74579
74592
74623
74633
74638
74649
74657
74679
74689
74693
74704
74711
74726
74727
74737
74746
74763
74775
74778
74800
74806
74811
74813
74839
74874
74876
74882
74883
74890
74895
74905
74911
74914
74920
74929
74936
74960
74976
74982
74995
74998
75007
75009
75014
75059
75082
75108
75126
75139
75174
75197
75201
75241
75255
75282
75345
75350
75377
75384
75390
75396
75414
75415
75418
75444
75445
75453
75471
75492
75502
75511
75516
75524
75537
75546
75560
75572
75578
75593
75600
75601
75606
75626
75634
75662
75668
75672
75675
75681
75689
75692
75750
75759
75833
75850
75852
75867
75901
75940
75949
75953
75977
75995
76002
76012
76014
76016
76031
76033
76071
76078
76088
76091
76103
76108
76118
76126
76128
76142
76149
76152
76154
76155
76162
76174
76196
76208
76227
76260
76270
76279
76286
76293
76300
76309
76311
76315
76337
76361
76384
76391
76416
76431
76450
76468
76474
76479
76490
76496
76501
76512
76515
76526
76533
76536
76538
76541
76544
76579
76584
76586
76590
76591
76629
76642
76651
76659
76672
76707
76708
76712
76715
76716
76731
76741
76749
76761
76766
76774
76780
76803
76843
76845
76868
76906
76932
76973
76997
77018
77038
77042
77046
77092
77140
77147
77182
77194
77230
77256
77260
77294
77309
77382
77424
77469
77497
77512
77522
77546
77599
77648
77701
77705
77737
77749
77763
77781
77791
77810
77836
77852
77859
77867
77906
77921
77937
77951
77988
77998
78001
78010
78021
78033
78041
78050
78064
78090
78099
78102
78109
78115
78134
78143
78148
78149
78154
78165
78169
78176
78179
78194
78201
78215
78233
78245
78349
78356
78411
78422
78451
78471
78522
78529
78547
78564
78569
78589
78595
78631
78641
78650
78654
78688
78696
78709
78745
78774
78840
78855
78896
78931
78947
78966
78968
78991
78995
79007
79009
79017
79021
79022
79027
79056
79092
79104
79112
79117
79125
79143
79179
79194
79202
79230
79232
79246
79254
79263
79267
79283
79349
79374
79376
79379
79388
79413
79464
79484
79493
79496
79515
79559
79560
79573
79586
79601
79618
79619
79627
79634
79638
79651
79685
79696
79732
79746
79791
79800
79804
79819
79850
79852
79872
79877
79922
79924
79928
79957
79958
79960
79970
79980
79996
80028
80035
80036
80053
80071
80072
80074
80075
80099
80102
80112
80113
80125
80146
80154
80164
80218
80219
80236
80255
80265
80269
80274
80301
80322
80345
80405
80439
80447
80462
80466
80480
80483
80532
80579
80608
80612
80660
80666
80688
80697
80703
80706
80729
80740
80742
80749
80752
80764
80788
80800
80837
80838
80865
80873
80881
80891
80904
80912
80931
80935
80954
80963
80968
80979
80987
80988
80992
81030
81031
81033
81057
81077
81089
81093
81100
81107
81154
81156
81168
81177
81184
81190
81192
81199
81201
81204
81210
81229
81252
81254
81256
81260
81263
81267
81269
81276
81313
81318
81324
81334
81340
81346
81348
81350
81364
81371
81389
81393
81395
81397
81399
81402
81422
81429
81434
81439
81445
81446
81450
81451
81452
81461
81471
81475
81477
81481
81587
81588
81612
81685
81768
81840
81920
81961
81980
82060
82061
82147
82236
82291
82292
82464
82470
82498
82732
82876
83072
83111
83216
83540
83588
83608
83641
83643
83648
83688
83776
83778
83799
83810
83827
83870
83882
83886
83893
83902
83909
83939
83944
83958
83985
83998
84005
84017
84018
84019
84086
84096
84117
84153
84190
84264
84278
84290
84298
84299
84301
84335
84397
84424
84432
84437
84454
84474
84510
84550
84564
84606
84611
84650
84688
84703
84726
84890
84961
84967
85003
85004
85011
85013
85022
85029
85034
85035
85036
85111
85135
85142
85143
85152
85181
85215
85231
85237
85256
85339
85359
85374
85390
85398
85404
85405
85407
85408
85411
85418
85433
85434
85436
85458
85462
85468
85469
85485
85490
85495
85496
85532
85541
85543
85560
85587
85594
85653
85660
85663
85679
85685
85757
85765
85779
85791
85798
85800
85809
85914
85915
85920
85922
85952
85957
85976
86006
86014
86029
86045
86057
86063
86067
86068
86117
86121
86132
86175
86180
86184
86185
86187
86220
86237
86242
86264
86267
86272
86279
86292
86322
86323
86329
86333
86363
86382
86387
86394
86397
86403
86410
86412
86430
86433
86434
86441
86447
86451
86466
86468
86479
86494
86500
86502
86514
86524
86526
86527
86537
86560
86578
86596
86614
86621
86627
86637
86656
86661
86668
86673
86694
86699
86744
86748
86759
86796
86810
86819
86829
86832
86848
86850
86858
86859
86862
86870
86878
86881
86888
86893
86897
86899
86912
86921
86922
86930
86931
86942
86958
86960
86970
86971
86977
86980
86987
87008
87009
87015
87024
87025
87027
87051
87065
87068
87070
87083
87084
87087
87091
87101
87108
87125
87128
87150
87152
87159
87167
87170
87172
87209
87211
87217
87227
87268
87275
87282
87293
87297
87304
87315
87324
87333
87335
87351
87353
87359
87360
87367
87371
87384
87388
87420
87422
87434
87437
87445
87464
87517
87531
87543
87563
87567
87569
87584
87587
87588
87602
87603
87606
87607
87609
87611
87614
87618
87630
87631
87633
87636
87646
87647
87653
87661
87663
87672
87673
87678
87684
87705
87707
87711
87714
87717
87720
87730
87735
87863
87876
87877
87880
87884
87895
87924
87950
87962
87968
87975
89396
89423
89424
89522
89559
89592
89607
89618
89724
89739
89869
89910
89946
89957
90024
90054
90078
90125
90135
90136
90173
90179
90192
90201
90263
90293
90317
90466
90472
90484
90495
90508
90534
90565
90592
90606
90613
90620
90687
90729
90748
90750
90770
90845
90850
90902
90924
90947
90949
90965
90973
90985
91007
91020
91062
91128
91136
91154
91162
91205
91252
91263
91286
91303
91313
91320
91337
91345
91361
91369
91412
91450
91463
91469
91493
91495
91543
91559
91569
91576
91582
91615
91632
91636
91651
91677
91738
91749
91759
91770
91791
91811
91819
91830
91831
91834
91872
91886
91907
91909
91913
91926
91947
91951
91955
91962
91974
91995
91999
92023
92030
92039
92048
92057
92068
92074
92080
92084
92092
92099
92114
92125
92211
92217
92258
92305
92324
92334
92348
92349
92369
92406
92440
92442
92455
92492
92509
92515
92533
92541
92546
92560
92563
92575
92588
92605
92649
92650
92661
92699
92712
92713
92773
92792
92808
92835
92838
92869
92894
92923
92963
92991
92993
93000
93005
93015
93041
93046
93047
93050
93053
93056
93064
93065
93070
93071
93087
93108
93113
93114
93120
93123
93133
93137
93143
93149
93150
93161
93162
93176
93177
93178
93212
93239
93267
93289
93303
93334
93335
93384
93386
93435
93460
93466
93472
93473
93506
93522
93537
93545
93551
93555
93575
93579
94217
94307
94312
94319
94349
94381
94392
94413
94457
94503
94519
94523
95068
95085
95132
95214
95242
95313
95345
95380
95386
95474
95496
95508
95545
95574
95643
95683
95692
95734
95781
95807
95928
95946
96039
96081
96094
96164
96173
96230
96343
96399
96422
96453
96467
96556
96560
96627
96655
96727
96780
96784
96845
96847
96854
96867
96904
96919
96922
96927
96934
96945
96952
96954
96970
96981
97017
97036
97061
97062
97065
97082
97091
97110
97134
97162
97178
97194
97199
97218
97256
97313
97354
97376
97391
97398
97427
97435
97459
97462
97467
97486
97498
97505
97510
97522
97532
97539
97547
97552
97557
97560
97624
97633
97639
97648
97657
97659
97677
97684
97685
97721
97726
97734
97739
97753
97764
97784
97792
97804
97820
97821
97827
97863
97869
97880
97888
97895
97897
97902
97903
97916
97920
97925
97935
97945
97950
97951
97962
97971
97972
97997
97999
98006
98007
98011
98012
98015
98026
98030
98037
98047
98051
98058
98060
98083
98084
98085
98087
98090
98091
98118
98126
98138
98139
98144
98147
98151
98156
98160
98162
98170
98186
98189
98190
98192
98224
98225
98238
98247
98257
98264
98280
98281
98286
98288
98298
98300
98304
98306
98312
98331
98341
98344
98368
98369
98371
98372
98377
98378
98387
98390
98391
98394
98401
98422
98427
98438
98451
98475
98502
98518
98526
98530
98531
98549
98550
98558
98565
98566
98572
98585
98592
98600
98621
98631
98637
98646
98650
98670
98683
98685
98686
98693
98701
98707
98712
98732
98734
98737
98743
98759
98776
98782
98789
98801
98806
98816
98817
98824
98834
98839
98850
98865
98890
98903
98909
98912
98914
98922
98928
98933
98943
98961
98973
98988
98993
99024
99027
99035
99042
99050
99059
99061
99069
99083
99092
99099
99104
99113
99129
99134
99140
99168
99176
99193
99200
99207
99211
99242
99259
99261
99287
99296
99303
99313
99316
99319
99321
99324
99327
99328
99329
99332
99333
99344
99351
99357
99361
99362
99373
99379
99388
99395
99411
99418
99420
99422
99423
99443
99449
99450
99454
99473
99482
99489
99493
99505
99523
99528
99529
99531
99547
99548
99553
99555
99560
99575
99594
99601
99608
99609
99612
99614
99627
99634
99644
99649
99656
99664
99666
99667
99679
99680
99699
99701
99703
99708
99713
99714
99715
99716
99718
99734
99738
99741
99743
99767
99768
99781
99782
99787
99809
99825
99827
99833
99847
99852
99862
99865
99867
99872
99883
99887
99888
99889
99892
99910
99911
99912
99914
99923
99924
99936
99943
99946
99952
99954
99955
99959
99961
99967
99971
99973
99988
99989
99990
99996
99997
100004
100005
100009
100014
100019
100022
100035
100039
100055
100077
100079
100080
100088
100096
100123
100128
100134
100137
100143
100145
100164
100166
100169
100187
100192
100207
100209
100213
100215
100241
100248
100249
100261
100262
100275
100277
100279
100284
100289
100293
100295
100302
100314
100319
100330
100336
100338
100370
100377
100394
100410
100416
100441
100445
100450
100459
100462
100464
100465
100470
100472
100490
100495
100502
100503
100559
100571
100574
100575
100580
100584
100591
100600
100606
100612
100614
100617
100629
100645
100646
100650
100656
100660
100661
100669
100687
100693
100696
100697
100702
100705
100706
100707
100717
100723
100725
100732
100742
100752
100757
100764
100767
100768
100778
100779
100780
100786
100805
100809
100822
100826
100829
100839
100841
100850
100873
100875
100877
100879
100882
100897
100901
100967
100972
100978
100997
101006
101035
101052
101064
101066
101080
101093
101097
101108
101121
101130
101152
101156
101160
101172
101174
101188
101221
101241
101245
101255
101273
101279
101287
101297
101327
101333
101343
101351
101357
101406
101412
101422
101440
101480
101520
101541
101565
101615
101682
101725
101736
101782
101850
101871
101917
101933
101977
101992
102016
102034
102068
102118
102137
102184
102210
102238
102239
102248
102302
102308
102341
102348
102365
102372
102421
102478
102493
102501
102518
102544
102600
102614
102629
102637
102640
102721
102734
103329
103331
103346
103360
103377
103381
105059
105109
105154
105166
105208
105217
105281
105333
105383
105443
105510
105524
105528
105544
105585
105613
105664
105682
105688
105710
105714
105728
105756
105759
105784
105794
105797
105800
105802
105810
105812
105821
105824
105832
105837
105845
105863
105865
105866
105873
105885
105888
105905
105910
105915
105919
105920
105927
105944
105951
105953
105979
105981
105984
105985
105986
105994
106002
106011
106019
106021
106023
106033
106039
106041
106043
106045
106046
106048
106061
106066
106078
106080
106087
106093
106094
106108
106116
106117
106130
106143
106151
106162
106169
106173
106175
106179
106182
106184
106186
106204
106215
106217
106246
106250
106252
106253
106257
106258
106276
106281
106308
106337
106338
106348
106349
106359
106362
106365
106366
106370
106371
106402
106415
106420
106428
106435
106436
106445
106458
106459
106461
106464
106488
106493
106513
106530
106543
106565
106575
106581
106583
106585
106588
106601
106611
106630
106632
106636
106649
106650
106658
106659
106665
106671
106699
106704
106742
106743
106744
106758
106769
106782
106812
106819
106822
106826
106829
106842
106845
106855
106876
106898
106922
106929
106934
106951
106966
106967
106972
106988
106992
107002
107009
107023
107027
107042
107056
107059
107067
107074
107078
107132
107136
107143
107145
107152
107159
107171
107172
107190
107221
107232
107238
107240
107248
107263
107266
107268
107278
107309
107317
107318
107360
107363
107407
107418
107430
107478
107496
107501
107518
107534
107541
107588
107607
107662
107667
107693
109122
109229
109268
109284
109296
109358
109412
109419
109427
109447
109457
109468
109472
109487
109500
109505
109551
109565
109567
109570
109576
109587
109595
109713
109726
109801
109805
109824
109860
109874
109875
109877
109933
109935
109937
109953
109954
110007
110011
110028
110035
110041
110044
110104
110107
110113
110123
110146
110147
110155
110160
110176
110184
110233
110254
110273
110289
110295
110313
110415
110452
110463
110503
110558
110578
110596
110606
110618
110753
110769
110794
110798
110807
110819
110831
110841
110869
110896
110917
110921
110938
110942
110945
110973
111042
111051
111060
111073
111078
111086
111093
111110
111119
111140
111150
111160
111174
111202
111227
111231
111241
111250
111294
111298
111302
111333
111342
111351
111372
111374
111383
111384
111387
111391
111398
111399
111406
111414
111415
111446
111456
111462
111479
111493
111507
111509
111586
111594
111600
111605
111617
111619
111623
111633
111637
111644
111677
111681
111701
111729
111741
111760
111770
111773
111779
111795
111802
111808
111812
111815
111936
111949
111984
111994
112035
112036
112037
112066
112075
112100
112101
112108
112109
112113
112114
112126
112177
112180
112191
112220
112232
112233
112259
112260
112275
112280
112282
112315
112321
112332
112338
112342
112349
112356
112376
112464
112473
112492
112509
112513
112517
112529
112536
112539
112541
112543
112544
112549
112565
112572
112576
112583
112584
112590
112599
112605
112622
112623
112642
112656
112670
112674
112676
112707
112733
112737
112742
112743
112749
112750
112857
112861
112865
112877
112878
112880
112973
113026
113030
113052
113080
113135
113147
113195
113199
113224
113228
113269
113291
113327
113330
113356
113448
113502
113517
113519
113548
113559
113577
113594
113629
113646
113650
113692
113697
113707
113726
113771
113780
113812
113828
113848
113862
113873
113912
113934
113950
113953
113972
113992
113996
114002
114017
114020
114027
114029
114032
114033
114046
114055
114067
114083
114089
114115
114121
114141
114156
114164
114190
114213
114244
114257
114264
114303
114304
114322
114325
114381
114390
114435
114456
114482
114486
114521
114522
114529
114530
114573
114575
114594
114597
114651
114658
114668
114672
114687
114695
114696
114705
114730
114739
114752
114762
114765
114769
114791
114796
114805
114820
114837
114846
114866
114902
114912
115014
115019
115028
115052
115053
115107
115123
115193
115224
115238
115247
115249
115268
115302
115347
115348
115358
115370
115380
115389
115409
115412
115430
115453
115465
115488
115491
115514
115517
115525
115536
115537
115561
115585
116078
116088
116091
116097
116104
116117
116209
116222
116232
116274
116298
116318
116336
116345
116351
116363
116368
116369
116376
116380
116402
116404
116431
116439
116451
116452
116460
116504
116540
116541
116545
116558
116559
116568
116571
116577
116580
116585
116593
116604
116613
116614
116623
116624
116672
116677
116704
116726
116743
116750
116754
116759
116767
116774
116797
116808
116828
116834
116860
116893
116900
116907
116917
116955
116972
116980
117051
117053
117093
117123
117161
117198
117205
117262
117342
117360
117362
117387
117398
117418
117444
117447
117484
117502
117506
117516
117521
117542
117590
117598
117637
117641
117644
117651
117685
117728
117738
117752
117757
117766
117775
117791
117794
117802
117807
117814
117839
117843
117866
117872
117892
117903
117906
117911
117918
117922
117931
117932
117943
117946
117958
117964
117965
117992
117995
118008
118017
118026
118028
118039
118042
118045
118050
118051
118053
118063
118064
118070
118072
118085
118086
118087
118096
118101
118108
118109
118113
118117
118131
118139
118145
118147
118151
118152
118158
118163
118170
118171
118173
118174
118185
118187
118196
118210
118211
118212
118216
118222
118226
118227
118230
118235
118238
118241
118242
118248
118253
118258
118260
118272
118275
118276
118282
118291
118294
118296
118299
118300
118303
118309
118314
118315
118320
118331
118333
118334
118342
118349
118350
118352
118356
118366
118368
118369
118372
118376
118377
118378
118388
118390
118396
118402
118410
118412
118424
118425
118436
118438
118449
118451
118458
118459
118467
118482
118484
118487
118491
118492
118495
118500
118523
118525
118528
118532
118539
118542
118545
118550
118553
118557
118560
118561
118562
118572
118577
118579
118583
118586
118593
118595
118596
118597
118603
118605
118606
118610
118611
118612
118691
118743
119173
119236
119255
119256
119274
119311
119846
120132
120570
120699
120859
121012
121035
121037
121349
121519
121532
121536
121798
121799
121845
121850
121851
121861
121916
121917
121933
127346
127428
127510
127569
127580
127780
127872
128018
128146
128177
128178
128251
128254
128271
128460
128482
128484
128485
128519
128587
128672
128678
128748
128833
129057
129126
129148
135530
135576
135641
135702
135703
135740
135793
135921
136107
136335
136412
136516
136518
136543
136874
136889
136890
137252
137297
137396
137517
137572
137610
138058
138355
138597
138793
138853
138872
138935
139038
139142
139324
139659
139843
139892
140186
140187
140311
140346
140568
140832
140905
140906
140988
141048
141219
141600
141601
141677
141876
141973
141980
142194
142230
142321
142388
142568
142612
142617
142940
143113
143152
143271
143305
143339
143350
143430
143431
143558
143709
143754
143954
144158
144181
144326
144349
145590
145704
145755
146056
146060
146178
146330
146634
147172
147187
147256
147343
147344
147541
147556
147602
147888
147930
147931
147951
148012
148017
148145
148171
148270
148295
148304
148352
148460
148563
148583
148625
148630
148655
148656
148679
148697
148799
148838
148839
148845
148853
148879
148912
148916
149086
149087
149092
149113
149122
149123
149152
149166
149196
149213
149216
149258
149259
149265
149272
149518
149567
149604
149651
149687
149718
149720
149736
149737
149754
149902
149950
150134
150203
150300
150446
150454
150468
150491
150499
150540
150605
150654
150746
150771
150776
150786
150789
150820
152171
152317
152333
152503
152817
152881
152958
153050
153063
153096
153115
153168
153216
153259
153350
153416
153451
153472
153491
153526
153570
153665
153804
153859
153875
153933
153936
154035
154091
154302
154344
154399
154450
154453
154735
154754
154773
154856
154989
155134
155199
155205
155343
155359
155416
155506
155524
155539
155594
155692
155706
155739
155773
155814
155946
155947
155980
156098
156140
156141
156186
156225
156255
156258
