156258
156225
156141
156098
155980
155947
155946
155814
155739
155692
155539
155524
155199
154754
154735
154450
154091
153936
153875
153665
153570
153491
153472
153168
153096
152881
150786
150605
150468
150446
150300
150134
149736
149272
149259
149152
149122
149086
148912
148879
148845
148295
147888
147541
146634
146330
146178
146060
145755
145704
144326
144181
143754
143558
143431
143430
143350
143339
143271
143152
142940
142194
141980
141973
141876
141601
141600
141219
141048
140905
140832
140568
140346
139659
139324
139142
139038
138935
138872
138853
138793
138597
138058
137517
137297
136890
136518
136335
136107
135921
135793
135740
135703
135702
135576
135530
129126
129057
128748
128485
128484
128482
128271
128254
128251
127780
127569
127510
127428
127346
121917
121851
121850
121798
121536
121532
121035
120859
120570
119846
119311
119256
119173
118743
118438
118314
118296
118272
118158
117641
117542
117398
116097
116091
116078
113650
113646
113080
113052
112877
112865
112861
112749
112743
112742
112737
112707
112656
112622
112605
112590
112584
112576
112565
112549
112544
112541
112539
112536
112529
112517
112513
112492
112356
112349
112342
112338
112321
112315
112282
112275
112260
112259
112233
112232
112220
112114
112113
112101
112037
112035
111994
111949
111936
111808
111802
111795
111779
111773
111770
111760
111681
111644
111637
111633
111623
111509
111507
111493
111462
111456
111446
111398
111374
111333
111298
111250
111241
111202
111160
111150
111093
111086
111073
110942
110295
110273
110184
110160
110155
110011
109877
109875
109874
109824
109805
109801
109296
156255
155773
155706
155343
155205
154989
154773
153451
153050
150789
150776
150746
150540
150491
149737
149720
149718
149123
149087
148839
148679
148460
148352
148270
148171
148017
147931
98701
98585
98377
98372
98368
98306
98288
98238
98225
98190
147344
147343
98162
98147
98144
98138
98091
98090
98085
98058
98026
147172
98015
98012
98011
98007
98006
97972
97971
97962
97950
97916
97902
97895
97888
97869
97863
97827
97821
97764
97753
97739
97721
97684
97677
97659
97639
97624
97560
97557
97547
97539
97532
97522
97510
97505
97498
97467
97462
97459
97313
97162
97134
97110
97091
97082
97062
97036
97017
96867
96854
96847
96845
96784
96780
96727
96655
96627
145590
144349
143113
93551
93537
93522
93506
93473
93466
142617
93460
142612
93386
93384
93335
93334
93303
93289
93267
93239
142388
92713
92712
92699
92650
92649
92605
92563
92533
141677
92455
92349
92048
140988
140906
140186
139843
40555
40416
40378
40182
40094
39959
39943
39762
39678
39596
39579
137610
136516
37187
85922
85915
85663
85660
85560
85469
85436
85434
85256
85231
85215
85143
85142
85135
35906
85036
85034
35874
85013
85004
35846
85003
84967
84726
84688
84550
84397
84335
84017
83882
34642
83799
34628
83778
83776
83111
82291
82236
82061
81768
81612
81588
81587
81439
81422
81402
81276
81229
81184
81077
80912
80838
31426
31282
80439
31239
31098
31079
80236
80219
80113
30942
80099
80075
80074
79970
79922
79852
79850
79696
128678
128519
79143
79117
128178
79021
78991
78966
75126
75082
74920
74914
74890
74883
74811
74806
74800
74775
74726
74711
74693
74579
74431
74425
121916
121799
22956
22925
22796
121012
120699
118299
19037
18858
18818
18797
92509
18402
67531
92057
18305
18292
18213
67323
67314
18107
67228
116336
116318
116088
140311
65789
65788
65740
65719
65716
65706
65697
65693
65686
65446
65409
65396
65388
65375
65254
65202
65201
65138
40495
65059
65037
65030
65007
40147
40091
40060
64531
64491
64484
64471
64434
39856
64169
64168
64167
64165
64125
64108
64106
64047
64011
64008
63954
63946
63944
63921
63902
63891
63886
63885
113030
63871
113026
63867
63854
63810
63809
63805
63753
112880
63723
63716
63714
112857
63698
63697
63679
63674
63670
63624
112750
63593
63579
112733
63560
63545
112642
112623
63454
63435
63431
112583
63420
63418
112572
63409
112543
63377
112509
112376
63212
63205
63177
63145
63131
63061
112191
63003
62950
62923
112066
62902
62892
62865
62858
62851
62843
62822
62678
62663
62662
62661
62641
62634
62609
62604
62595
62580
62579
62570
62560
62557
111701
62544
62533
62530
111677
62514
62510
111619
111617
111605
62448
111594
111586
62424
62417
62353
111415
111406
111399
111391
111383
111372
62215
111351
111342
111302
111294
62099
62085
62072
111140
135641
12728
61878
37272
37166
12554
61711
61374
12114
61218
61197
11926
11904
85594
11840
85587
60994
11785
11772
85485
85462
11712
11698
60591
85181
10946
10912
84650
10862
10848
10801
10693
84437
10687
10675
10662
10591
84301
84264
83641
34336
58239
58225
156186
57872
156140
82292
57658
82147
81920
155416
155359
7337
7336
7126
80873
80837
7041
6977
80579
31151
80102
79924
153259
153115
128460
5539
5532
5492
5411
5284
128177
5270
5267
128146
5233
5224
5180
5117
5116
5081
5069
5068
5048
152503
4963
4929
4899
4865
152317
4846
4758
4712
4681
127580
4638
4618
4611
4586
4567
4551
4539
4486
4469
4467
4390
4385
4349
53328
53310
53302
53296
53251
53234
53196
53150
53129
53121
53077
53033
52934
52924
52904
52777
52764
52761
150654
150454
150203
149950
149902
100702
2289
2199
2190
2143
2129
2124
2113
2110
2108
149567
2091
2076
149518
1937
1909
1905
149196
149166
149113
148838
148799
74929
148630
1109
1103
1097
1085
1067
74813
74689
74592
74566
74545
74525
583
148012
538
536
458
451
442
402
98686
324
314
49471
302
49381
98387
98378
49187
98341
49168
98312
98304
49145
98298
98281
49119
49078
49073
98224
49062
49057
98192
49034
98189
147256
48940
98084
48925
147187
98030
97999
97951
97945
97935
97920
97903
97897
48740
97880
97784
48597
48563
48526
97633
48405
48399
97552
97435
97427
23400
23385
47944
97065
97061
47887
47817
47783
47753
23046
47259
46201
46152
45827
143954
45418
143709
143305
44892
44609
44544
44532
44472
93575
93545
44388
93472
19446
19441
43994
43945
142230
19343
92661
92515
18684
18641
18584
18392
18387
18260
40910
40571
40554
65128
40535
65076
40483
40365
40384
40295
40266
40265
40264
40259
40180
40167
40127
40143
40114
40093
40036
39997
64530
39937
64495
39853
39848
39871
39840
39821
39816
39815
39814
39795
39792
39783
39801
39758
39633
39628
64110
63783
63764
112878
112674
112670
137252
63475
112473
63233
112180
63031
63025
112177
112108
62916
62599
62497
37258
85914
12121
61220
85653
61052
110146
11829
11774
85543
36322
85490
85468
11656
85433
85404
85407
36221
85405
36215
109935
11621
36181
11611
11568
36161
109860
85237
11508
60665
11476
36031
36001
35989
35980
109726
85152
35966
35937
85111
35922
35897
35895
35886
85035
84890
84606
10822
10809
10790
10753
10681
59729
83827
34658
34566
34512
34504
34496
34396
34381
34373
34280
34272
34213
34186
34163
83216
58128
57935
82498
82464
57671
81980
81840
7339
7311
7297
7285
80988
7161
80904
7116
7102
7113
7078
7074
7065
7016
31513
80612
31448
31413
31358
80532
31346
31328
31288
31266
31245
31170
31139
31129
31078
31095
80154
30981
80112
30955
30929
18592
30872
129148
30830
30808
79980
18419
128833
18120
79559
5642
5584
5480
5406
79179
5328
5185
5176
5125
128018
5064
5046
5001
140187
5010
127872
4955
4941
4933
4805
4787
4814
4795
4766
4774
4687
4658
4630
4398
53401
53378
53351
53212
53143
52772
40461
40099
39968
39863
2195
2189
2138
2117
2057
2001
63378
1857
148583
111741
1105
1101
148563
1092
1064
1082
1053
1052
1016
74704
74679
74638
74494
74393
534
465
61898
452
423
12708
414
334
328
300
172
98369
97997
110176
110113
11799
11795
85532
11753
85495
36300
109954
85390
36233
85359
36173
11557
11454
36036
36025
97486
36015
35908
121933
85022
35865
121861
121845
84961
23467
23419
23412
23404
84703
10953
121519
146056
109122
10802
23100
23085
23082
59930
23077
23064
84510
10731
121349
23035
23018
23013
22994
10676
22980
22931
22929
22914
22908
22811
22805
22797
22768
22729
47308
22712
22690
22623
22615
22605
22572
84018
22543
22514
83944
22488
22475
22473
22468
22443
22419
34609
34559
34350
58842
34141
120132
83072
45876
144158
45808
45625
82470
119274
119255
119236
45463
45076
155594
118691
118572
118562
118542
81685
19703
7358
19662
7178
19468
7149
19453
7135
19397
19348
19329
19324
19322
19302
117590
19283
31502
117516
31440
31418
19094
19066
19060
19058
31342
19052
18849
18842
92588
18773
18744
80164
18647
18621
18514
18513
18497
18482
18475
18430
18279
18207
79634
18188
18160
18152
18132
18106
18105
18097
153216
67235
18003
17945
5641
5459
5350
79092
5289
5217
5047
4994
4944
4811
4835
4806
4801
4302
4285
65336
52976
52932
65149
40548
40436
40450
65014
40421
65010
40417
40374
40023
39890
39877
64452
64431
39691
64133
113224
64091
64085
63929
63870
63866
63853
149754
149687
2216
2207
63635
149651
2180
2162
2169
2147
112676
63532
112599
63375
1879
112464
63286
112332
136874
63067
63036
112100
112109
112126
148916
112036
62889
62841
111984
1267
62620
1117
1081
62295
148304
111384
74355
516
520
469
61902
18872
432
416
431
381
37247
311
303
284
270
12560
12522
12518
12511
12489
12475
184
30912
183
182
12471
178
157
36979
18449
79872
18376
12202
12200
153526
18332
12174
12158
12142
12138
12133
12125
18201
79619
61196
18148
61118
11930
11928
11913
67212
11890
11863
18013
11824
17974
11823
17969
11816
110123
11780
110104
11790
11788
11787
11769
11778
11776
11773
11770
11767
11765
11747
85541
11762
11754
11745
11739
11738
11732
153063
36308
110044
85458
11750
110035
11720
36292
110028
11714
110041
11691
11687
11678
60818
11661
85411
11648
11645
85418
109953
36200
85398
109933
11615
36187
11578
11593
11562
5422
85339
11553
11543
11548
11513
11489
11528
11492
5329
35917
85029
85011
5013
60264
10951
10910
10866
10859
10850
10849
10847
10843
10836
10834
10828
4703
10821
139892
10797
10812
10803
10794
10792
10778
10770
10774
10745
10760
10749
23037
10748
23034
4634
10743
10736
10733
10730
23002
10713
10711
10708
22986
10697
10694
10685
10684
10683
10679
10677
84454
4558
10647
10653
10650
10645
10644
10643
22928
10639
10636
22917
10628
10602
10574
22854
84298
22777
4325
65728
22674
22670
22573
84019
22542
40919
40873
53192
83902
40865
22422
83893
83886
34660
34652
34641
65365
34593
34529
65264
40600
83648
34345
34311
40456
34236
40034
113629
82876
82732
2064
81961
155506
63108
142568
74995
74976
7306
7293
74839
1060
1075
1048
7197
7185
1029
7167
19442
7153
7145
7138
7119
62428
7073
19354
74633
19305
19298
74623
154453
31550
19287
117598
111387
31458
589
551
571
111174
535
475
111078
462
448
436
426
12709
98734
420
80345
18864
37264
397
18821
368
31107
31070
92560
318
110921
305
31049
18757
304
12534
153859
12519
18651
30835
18535
18485
67560
49095
12172
12165
85920
12132
153416
12075
18225
12069
12064
18167
153350
67328
11911
128672
85679
61058
11874
11803
5652
110107
11793
5597
5612
5606
11741
11737
11733
11728
85496
11717
11684
5513
11672
5521
110007
11642
109937
11623
152958
5467
11632
85408
11629
11624
5473
36189
85374
11608
5456
5427
36135
5391
5385
5379
5377
5366
79125
152817
5345
5368
5365
5324
5319
11463
5282
5273
5275
79027
5260
79009
5230
5245
79022
5243
5236
35964
5264
5227
5214
5213
35919
5197
35889
5156
5144
5142
5138
5131
5118
5103
5095
5075
5049
109500
5009
5007
4999
4959
4953
4923
4938
4924
4906
4918
4911
4901
152333
4874
4858
4850
4861
10948
10913
10928
4771
4746
10865
10863
4668
4659
23090
4636
84564
10785
10781
4613
10756
4602
23040
10751
10741
10737
155134
4584
62974
23012
10723
4572
10712
84474
10710
10678
10671
10668
4509
10656
4503
4490
10637
4483
4476
81269
4410
4408
4342
4316
53450
62648
148625
117943
148655
53394
53392
7272
47203
53333
19467
19450
53239
80935
7156
111600
19423
7114
7098
7083
74649
7023
111479
53085
53064
52966
154302
702
74419
148145
40568
599
34405
52818
65070
527
514
111110
147930
459
474
65027
34240
12733
31175
40377
412
427
31156
40364
154035
357
330
40297
341
312
272
18688
49421
98391
39961
64503
39910
150499
39786
39616
64159
64037
110147
11800
5649
11791
5640
36227
11649
137572
11519
5367
2244
52892
5274
40612
2185
2155
2151
2150
2149
5226
2146
2144
2140
35946
2160
2131
82060
2130
2099
561
2097
557
5172
2093
2014
5078
5072
1984
1972
5004
1923
1893
18801
31134
354
1890
4854
149216
180
4792
4803
12424
138355
40041
10829
4662
10800
4649
4620
39895
112075
10680
10670
10630
44433
10623
148853
22883
1348
75108
18254
12105
136543
62729
93435
1255
148697
74998
136412
74982
81093
121037
111815
4266
111812
62655
148656
74876
1100
1098
74874
1095
1088
111729
1084
7218
1051
1049
1059
1044
1050
1072
1043
80963
1057
80931
7152
74763
142321
117728
7125
74737
7115
111414
74558
74573
53053
80703
154399
65278
63780
74469
52994
154344
52980
74484
52958
52912
52928
74386
2137
19031
65125
40530
590
568
40527
31310
2123
580
2119
2118
2105
562
560
2102
572
559
558
1330
532
98806
464
75007
457
74960
98712
398
362
74905
18811
7281
1108
352
351
1113
7257
1106
92575
74882
1877
98646
1099
1096
98670
327
325
37184
1055
98565
49452
266
31012
283
150820
37130
12552
292
1030
35996
2188
137396
63646
2186
149265
12539
2179
74778
1013
1011
18695
4863
269
2171
281
61727
12521
149258
19430
61685
5218
2139
12509
149604
2133
4821
149213
74746
2128
585
18650
190
2121
174
189
18635
188
80891
150771
153804
53215
179
49338
181
74727
49316
159
12463
4782
92348
30902
158
145
12460
164
162
155
98475
161
154
22830
49310
153
18994
152
151
156
80071
149
5188
2109
2080
537
30892
133
148
147602
146
141
140
112280
136889
37003
524
134
19349
36999
323
519
4752
322
100752
5136
703
92546
39689
98824
62536
1061
1076
18760
307
306
34317
36980
98427
128587
1073
153933
1071
92541
74657
1077
7228
1070
308
301
313
299
80036
49276
296
2034
294
2022
479
7209
12571
282
98592
278
147556
177
2107
152171
4700
149092
18525
293
98631
317
80028
166
154856
40411
4742
2208
4705
2027
163
287
5189
470
286
1024
147951
6989
53096
18722
98390
5292
7015
84611
10832
