0
1
2
4
5
8
10
13
14
24
27
35
37
40
43
45
47
51
53
54
55
60
61
67
73
75
79
82
89
91
102
105
108
115
117
118
124
125
130
132
133
134
135
136
140
141
143
156
157
160
162
163
165
166
167
168
170
172
173
174
175
179
180
187
188
189
194
195
197
200
205
206
211
212
215
216
217
219
220
221
224
227
228
229
232
233
234
236
237
240
241
242
243
244
245
248
249
251
253
254
255
256
261
263
264
265
266
267
268
269
270
274
275
277
278
279
280
284
288
292
294
295
298
301
303
305
306
308
309
311
315
317
321
324
325
326
328
329
330
331
334
335
336
338
339
340
347
348
351
355
356
357
358
360
361
362
363
366
368
370
371
372
377
379
380
381
382
383
384
385
386
388
390
392
394
396
397
398
399
401
402
403
404
405
408
409
412
414
415
416
420
426
427
428
429
430
440
442
443
445
448
451
452
453
459
461
462
465
466
467
472
474
477
478
479
483
484
487
488
489
491
492
500
503
505
507
509
511
512
515
519
522
523
527
531
532
534
535
537
540
543
545
546
547
548
550
551
552
553
556
557
558
560
561
562
564
566
568
571
572
573
574
575
576
577
579
583
584
585
586
588
589
592
593
594
595
596
597
598
601
602
603
604
607
608
609
613
614
615
617
618
619
620
621
622
624
625
632
633
634
640
641
642
643
648
651
652
653
658
659
660
661
662
666
667
670
671
673
674
681
685
686
687
688
690
692
693
694
695
697
701
702
705
706
707
708
712
713
716
717
718
719
720
721
724
725
726
731
733
737
738
739
740
741
742
745
747
748
749
751
754
755
758
759
761
762
763
768
770
771
772
774
775
776
779
783
789
791
793
794
796
801
804
807
813
814
819
828
830
831
834
836
840
841
842
843
845
846
847
850
851
855
856
857
862
864
866
868
869
875
878
879
880
881
883
884
885
887
889
890
892
893
896
897
900
904
905
906
907
909
910
911
912
913
915
917
921
922
928
930
933
934
935
936
939
940
941
943
944
946
949
952
953
956
964
965
966
973
975
976
978
980
981
986
988
990
994
995
997
998
999
1000
1003
1004
1006
1010
1013
1015
1016
1017
1018
1019
1020
1021
1024
1025
1026
1028
1029
1030
1032
1033
1035
1036
1037
1038
1040
1041
1042
1045
1046
1047
1049
1052
1054
1055
1057
1059
1060
1064
1066
1068
1072
1073
1075
1077
1078
1079
1080
1081
1084
1087
1089
1091
1092
1093
1094
1096
1098
1100
1102
1106
1107
1108
1109
1110
1111
1113
1114
1116
1118
1122
1123
1124
1126
1128
1130
1131
1132
1134
1138
1142
1143
1147
1148
1154
1155
1156
1161
1164
1165
1167
1169
1171
1173
1174
1178
1179
1181
1183
1184
1186
1187
1193
1197
1201
1204
1208
1209
1212
1214
1215
1217
1219
1222
1223
1224
1226
1229
1235
1237
1241
1242
1245
1247
1250
1254
1257
1259
1260
1263
1264
1265
1266
1269
1272
1276
1278
1282
1284
1286
1290
1293
1298
1303
1306
1308
1310
1312
1316
1317
1319
1320
1322
1326
1327
1328
1329
1332
1335
1337
1338
1339
1340
1343
1344
1345
1346
1347
1348
1357
1358
1361
1362
1364
1366
1372
1376
1379
1381
1382
1385
1386
1387
1390
1391
1393
1395
1396
1397
1398
1399
1404
1412
1413
1414
1416
1418
1419
1424
1426
1428
1429
1430
1434
1437
1440
1441
1442
1443
1447
1448
1449
1450
1451
1455
1458
1459
1461
1464
1465
1466
1468
1470
1472
1473
1475
1478
1483
1484
1496
1497
1499
1500
1501
1502
1504
1509
1512
1513
1515
1516
1517
1518
1521
1523
1525
1526
1529
1530
1534
1536
1537
1538
1540
1541
1543
1544
1546
1547
1551
1553
1557
1559
1562
1563
1566
1568
1569
1570
1571
1572
1578
1579
1581
1589
1591
1594
1597
1598
1599
1600
1601
1602
1604
1606
1607
1612
1614
1616
1620
1621
1622
1623
1624
1625
1627
1633
1635
1636
1638
1639
1642
1644
1649
1650
1651
1652
1660
1663
1669
1671
1672
1675
1679
1685
1693
1697
1700
1702
1723
1725
1727
1728
1733
1737
1738
1739
1751
1753
1760
1768
1771
1772
1773
1774
1780
1781
1785
1786
1791
1793
1800
1801
1803
1814
1816
1818
1820
1823
1826
1827
1832
1834
1846
1851
1854
1857
1858
1861
1863
1866
1869
1870
1871
1875
1876
1878
1879
1880
1882
1884
1887
1889
1895
1897
1905
1906
1908
1910
1912
1914
1916
1921
1928
1929
1930
1933
1935
1936
1938
1942
1943
1945
1947
1948
1949
1951
1952
1954
1955
1956
1957
1958
1960
1961
1962
1963
1964
1966
1968
1969
1970
1971
1972
1973
1974
1975
1976
1977
1978
1979
1980
1982
1983
1984
1986
1987
1988
1990
1998
1999
2001
2002
2003
2004
2005
2006
2007
2008
2009
2010
2011
2012
2013
2014
2015
2016
2017
2019
2021
2022
2023
2024
2025
2026
2027
2028
2029
2030
2031
2032
2033
2034
2035
2036
2037
2038
2039
2040
2041
2042
2043
2044
2045
2046
2047
2048
2049
2050
2051
2052
2053
2054
2055
2056
2057
2058
2059
2060
2061
2062
2063
2064
2065
2066
2067
2068
2069
2070
2071
2072
2073
2074
2075
2076
2077
2079
2080
2081
2083
2085
2086
2087
2088
2089
2091
2092
2093
2094
2095
2096
2097
2098
2099
2100
2101
2102
2103
2104
2105
2106
2110
2111
2112
2113
2114
2115
2116
2117
2118
2119
2123
2126
2127
2129
2130
2133
2134
2135
2136
2137
2139
2141
2142
2144
2145
2146
2148
2149
2152
2153
2154
2155
2157
2158
2159
2160
2161
2162
2164
2166
2170
2171
2173
2174
2175
2176
2177
2179
2180
2183
2184
2185
2186
2187
2189
2191
2192
2193
2197
2199
2201
2202
2204
2207
2209
2210
2213
2214
2215
2218
2219
2220
2223
2225
2226
2227
2229
2231
2232
2233
2235
2236
2240
2242
2243
2244
2245
2247
2250
2252
2254
2258
2259
2260
2261
2262
2263
2264
2265
2266
2267
2270
2271
2272
2273
2275
2276
2278
2279
2282
2283
2284
2288
2289
2290
2291
2293
2296
2297
2298
2299
2300
2301
2302
2307
2309
2311
2312
2315
2316
2319
2320
2324
2325
2326
2327
2328
2329
2330
2332
2334
2341
2346
2347
2349
2350
2352
2353
2354
2355
2356
2359
2361
2364
2366
2367
2370
2371
2372
2375
2376
2377
2379
2380
2381
2385
2386
2388
2390
2391
2392
2397
2399
2401
2404
2406
2407
2412
2413
2414
2417
2418
2420
2424
2427
2428
2431
2434
2437
2438
2439
2441
2442
2444
2448
2450
2451
2453
2454
2458
2459
2460
2461
2463
2466
2469
2471
2473
2477
2478
2480
2481
2483
2484
2486
2487
2490
2491
2498
2507
2510
2515
2517
2520
2521
2524
2531
2537
2538
2541
2543
2544
2547
2548
2554
2562
2563
2566
2567
2570
2571
2572
2577
2582
2584
2585
2587
2591
2593
2594
2595
2598
2604
2606
2607
2612
2613
2625
2626
2630
2632
2633
2634
2636
2638
2640
2641
2642
2644
2646
2647
2648
2651
2654
2657
2658
2660
2662
2664
2665
2666
2670
2671
2678
2679
2682
2683
2688
2692
2696
2697
2701
2702
2709
2715
2724
2728
2746
2749
2750
2755
2757
2760
2764
2766
2767
2768
2769
2770
2772
2777
2786
2787
2797
2800
2801
2803
2806
2808
2809
2810
2813
2817
2830
2833
2835
2836
2837
2839
2848
2853
2854
2856
2860
2864
2867
2868
2871
2872
2873
2876
2878
2879
2880
2881
2883
2885
2888
2889
2892
2895
2896
2897
2899
2904
2910
2911
2915
2916
2917
2918
2919
2923
2927
2930
2931
2934
2936
2937
2939
2940
2944
2945
2946
2949
2955
2961
2963
2966
2967
2968
2971
2977
2982
2984
2985
2987
2994
2995
2996
2998
2999
3001
3003
3006
3011
3012
3013
3020
3028
3030
3031
3034
3035
3036
3038
3040
3049
3053
3058
3061
3063
3064
3065
3068
3069
3070
3073
3074
3077
3079
3082
3088
3090
3092
3097
3100
3103
3105
3106
3108
3125
3127
3136
3138
3139
3144
3147
3149
3152
3155
3160
3161
3167
3168
3170
3171
3172
3179
3180
3182
3185
3187
3192
3196
3199
3200
3206
3207
3212
3214
3215
3217
3218
3220
3225
3229
3230
3235
3236
3237
3239
3242
3244
3245
3246
3248
3257
3258
3263
3266
3267
3268
3270
3271
3272
3274
3277
3278
3282
3288
3289
3296
3297
3302
3303
3308
3311
3312
3316
3317
3321
3322
3325
3327
3330
3332
3336
3338
3342
3343
3349
3355
3356
3362
3365
3366
3367
3369
3371
3392
3393
3395
3398
3400
3403
3407
3414
3422
3423
3425
3432
3433
3437
3444
3451
3452
3456
3461
3463
3465
3466
3468
3469
3470
3473
3474
3476
3479
3480
3482
3483
3486
3494
3495
3496
3498
3501
3503
3507
3508
3509
3511
3514
3515
3519
3520
3521
3524
3527
3529
3535
3538
3548
3549
3551
3552
3554
3555
3557
3565
3566
3569
3570
3576
3577
3579
3583
3584
3586
3591
3592
3597
3598
3599
3602
3603
3604
3605
3609
3615
3616
3618
3626
3628
3630
3633
3635
3642
3648
3649
3651
3653
3654
3657
3658
3661
3665
3669
3670
3673
3676
3680
3681
3682
3683
3690
3694
3698
3699
3700
3701
3706
3707
3709
3718
3719
3721
3724
3725
3732
3733
3735
3736
3741
3743
3744
3746
3751
3754
3755
3756
3762
3767
3768
3771
3774
3775
3778
3780
3785
3787
3791
3793
3797
3800
3801
3802
3807
3808
3817
3821
3822
3830
3831
3832
3834
3837
3838
3839
3840
3842
3843
3844
3847
3849
3850
3854
3860
3861
3862
3864
3865
3866
3867
3872
3874
3875
3881
3882
3883
3885
3890
3892
3899
3900
3905
3907
3908
3909
3910
3911
3912
3919
3923
3928
3929
3930
3939
3943
3944
3949
3950
3961
3965
3969
3973
3974
3976
3977
3980
3983
3988
3993
3994
3995
3996
4000
4006
4007
4010
4014
4015
4017
4020
4021
4027
4029
4030
4036
4038
4042
4043
4045
4048
4050
4051
4052
4057
4059
4060
4061
4062
4064
4071
4072
4073
4083
4084
4085
4090
4096
4098
4101
4102
4112
4119
4120
4121
4122
4124
4125
4126
4128
4131
4133
4136
4141
4143
4145
4149
4154
4162
4172
4175
4184
4185
4188
4191
4200
4206
4210
4213
4214
4215
4225
4228
4243
4256
4262
4264
4275
4276
4278
4282
4295
4297
4302
4309
4318
4327
4333
4338
4342
4347
4350
4352
4357
4363
4368
4376
4386
4388
4402
4415
4422
4450
4492
4536
4550
4587
4594
4616
4617
4619
4639
4640
4672
4696
4713
4717
4727
4728
4739
4759
4768
4832
4844
4845
4848
4860
4868
4873
4893
4938
4942
4944
4953
4954
4962
4984
4993
4997
5017
5047
5050
5057
5072
5081
5095
5101
5133
5139
5141
5147
5167
5168
5169
5171
5195
5202
5205
5212
5216
5218
5219
5223
5224
5227
5231
5233
5241
5242
5243
5246
5247
5249
5252
5258
5259
5261
5262
5270
5279
5280
5282
5286
5290
5291
5292
5297
5301
5302
5304
5307
5311
5314
5318
5321
5323
5324
5326
5329
5331
5334
5339
5341
5342
5344
5350
5351
5354
5356
5359
5360
5361
5362
5365
5366
5367
5368
5369
5371
5378
5379
5381
5386
5387
5391
5392
5393
5395
5396
5398
5400
5403
5405
5407
5408
5410
5411
5414
5415
5418
5421
5423
5424
5425
5426
5427
5428
5431
5434
5435
5440
5445
5453
5456
5462
5465
5466
5469
5471
5475
5480
5482
5489
5491
5495
5496
5497
5503
5505
5508
5510
5511
5512
5514
5515
5521
5522
5524
5529
5536
5537
5539
5540
5541
5542
5543
5544
5546
5548
5549
5550
5557
5560
5561
5564
5566
5568
5571
5572
5573
5576
5577
5578
5579
5583
5584
5586
5592
5593
5595
5598
5599
5601
5602
5603
5607
5610
5611
5616
5617
5619
5623
5627
5628
5629
5630
5631
5632
5633
5636
5637
5638
5640
5641
5643
5645
5647
5650
5652
5653
5654
5655
5659
5660
5667
5670
5671
5672
5673
5675
5677
5678
5683
5684
5686
5688
5689
5690
5695
5696
5698
5699
5700
5701
5702
5703
5704
5705
5707
5710
5711
5713
5714
5716
5718
5720
5721
5723
5732
5735
5738
5741
5743
5744
5745
5746
5747
5750
5751
5752
5753
5755
5756
5757
5763
5767
5770
5771
5775
5777
5778
5779
5780
5781
5784
5785
5786
5787
5791
5793
5796
5799
5800
5803
5804
5805
5808
5810
5812
5813
5817
5821
5822
5824
5828
5832
5834
5837
5838
5841
5842
5843
5844
5845
5847
5850
5852
5853
5856
5857
5860
5861
5862
5864
5865
5866
5867
5869
5871
5872
5878
5883
5884
5885
5886
5887
5889
5894
5896
5897
5898
5901
5905
5907
5908
5909
5910
5911
5912
5913
5916
5917
5923
5924
5926
5928
5932
5934
5936
5939
5940
5945
5947
6001
6634
7298
7432
7508
7544
7545
7617
7970
7984
7990
8047
8069
8082
8477
8560
8588
8589
8754
8756
9179
9332
9486
9526
9537
9628
9685
9790
9953
11176
11202
11265
11480
11484
11493
11497
11508
11511
11518
11530
11535
11567
11573
11598
11599
11603
11610
11659
11704
11714
11764
11813
11826
11847
11879
11897
11925
11929
11931
11941
11953
11955
11957
11959
11962
11964
11966
11984
11990
11991
11992
12006
12007
12008
12015
12018
12023
12033
12039
12044
12050
12052
12069
12079
12099
12108
12114
12115
12122
12123
12124
12127
12141
12142
12149
12159
12161
12163
12168
12169
12177
12180
12191
12195
12199
12202
12209
12221
12226
12232
12240
12245
12247
12248
12249
12256
12266
12269
12270
12272
12276
12279
12280
12294
12311
12329
12331
12338
12339
12344
12347
12350
12354
12362
12369
12370
12372
12381
12389
12399
12404
12405
12407
12416
12428
12433
12437
12438
12440
12446
12466
12475
12478
12483
12484
12489
12495
12496
12497
12503
12504
12506
12507
12514
12515
12517
12520
12521
12524
12528
12532
12536
12541
12546
12547
12548
12549
12550
12553
12555
12556
12561
12563
12566
12572
12577
12578
12580
12582
12584
12587
12588
12593
12598
12600
12601
12603
12613
12616
12617
12618
12619
12625
12626
12627
12631
12632
12635
12636
12640
12641
12645
12646
12647
12648
12651
12653
12658
12659
12661
12662
12663
12668
12669
12671
12679
12680
12684
12687
12688
12689
12692
12696
12699
12702
12705
12706
12707
12710
12715
12718
12719
12720
12721
12723
12727
12734
12736
12743
12744
12746
12759
12766
12770
12773
12775
12776
12780
12783
12787
12788
12789
12791
12793
12795
12798
12799
12811
12812
12816
12817
12824
12826
12828
12834
12836
12837
12840
12845
12849
12854
12855
12857
12870
12879
12882
12890
12892
12895
12899
12902
12907
12912
12914
12921
12927
12930
12933
12942
12944
12948
12950
12955
12959
12960
12986
12991
12999
13000
13001
13005
13010
13013
13015
13018
13019
13025
13029
13030
13031
13032
13033
13037
13038
13040
13043
13055
13059
13065
13068
13072
13074
13077
13079
13081
13082
13084
13085
13086
13091
13094
13095
13096
13097
13099
13102
13105
13106
13107
13112
13116
13119
13122
13129
13131
13139
13140
13144
13149
13155
13164
13168
13171
13173
13174
13177
13178
13179
13191
13198
13207
13218
13219
13221
13226
13232
13233
13240
13257
13260
13262
13267
13270
13271
13273
13280
13282
13283
13285
13288
13289
13290
13296
13298
13302
13309
13310
13311
13315
13321
13322
13332
13338
13339
13344
13345
13346
13348
13353
13356
13360
13362
13373
13377
13380
13382
13387
13389
13408
13415
13421
13422
13425
13429
13430
13443
13444
13449
13453
13455
13457
13461
13464
13465
13476
13478
13486
13488
13492
13495
13501
13505
13513
13519
13528
13531
13535
13538
13543
13544
13550
13567
13574
13576
13584
13587
13589
13591
13592
13599
13600
13617
13618
13622
13626
13631
13634
13637
13639
13642
13647
13656
13658
13659
13675
13680
13682
13683
13691
13692
13695
13698
13703
13710
13713
13714
13722
13736
13737
13739
13740
13742
13746
13751
13768
13771
13773
13774
13776
13779
13781
13789
13801
13802
13813
13820
13826
13828
13829
13832
13833
13843
13870
13877
13885
13888
13892
13895
13899
13906
13925
13926
13930
13931
13939
13944
13946
13949
13961
13965
13966
13978
13982
14043
14048
14057
14068
14074
14083
14084
14087
14091
14106
14109
14113
14142
14144
14167
14182
14183
14189
14190
14192
14203
14205
14211
14218
14233
14244
14253
14255
14266
14316
14317
14320
14327
14331
14333
14342
14344
14354
14359
14369
14370
14375
14378
14379
14383
14384
14389
14392
14397
14398
14400
14410
14411
14415
14423
14426
14430
14433
14434
14437
14440
14444
14445
14449
14450
14455
14458
14463
14465
14471
14473
14486
14493
14496
14500
14525
14526
14545
14562
14575
14578
14614
14620
14622
14624
14630
14633
14639
14644
14652
14661
14684
14712
14715
14753
14762
14773
14783
14785
14812
14813
14845
14854
14856
14879
14884
14885
14905
14920
14933
14958
14962
14969
14983
14984
14985
14996
14998
15006
15010
15014
15015
15023
15040
15042
15051
15056
15058
15059
15075
15079
15083
15086
15092
15099
15101
15103
15108
15115
15121
15122
15132
15133
15139
15140
15147
15151
15154
15156
15157
15158
15163
15169
15180
15182
15185
15186
15203
15208
15213
15221
15222
15226
15228
15231
15241
15242
15245
15246
15249
15253
15255
15264
15266
15269
15276
15278
15279
15280
15294
15296
15297
15305
15312
15315
15316
15318
15322
15324
15326
15330
15340
15343
15344
15345
15351
15356
15357
15363
15368
15369
15383
15384
15386
15394
15395
15405
15406
15407
15414
15415
15416
15417
15422
15429
15430
15434
15440
15441
15447
15449
15450
15451
15469
15498
15504
15523
15524
15529
15533
15544
15550
15570
15575
15579
15581
15584
15586
15593
15596
15600
15615
15616
15622
15626
15627
15636
15644
15655
15666
15670
15671
15676
15677
15686
15688
15698
15699
15713
15714
15722
15725
15727
15735
15736
15741
15745
15749
15752
15753
15756
15758
15762
15765
15768
15769
15772
15785
15788
15795
15799
15800
15869
15871
15872
15906
15922
15951
15962
15983
15991
15995
16005
16016
16035
16063
16065
16097
16098
16099
16143
16144
16149
16155
16157
16159
16162
16164
16184
16191
16203
16205
16208
16217
16219
16222
16225
16239
16245
16247
16258
16259
16261
16264
16265
16271
16276
16285
16286
16288
16290
16291
16292
16293
16294
16295
16305
16306
16307
16309
16312
16317
16318
16324
16325
16326
16327
16339
16342
16344
16351
16356
16357
16361
16363
16364
16376
16378
16385
16390
16393
16395
16397
16401
16402
16403
16405
16407
16408
16413
16415
16419
16420
16422
16424
16425
16429
16431
16433
16435
16437
16438
16448
16449
16450
16451
16452
16454
16456
16460
16461
16462
16463
16466
16467
16468
16470
16471
16472
16473
16475
16476
16477
16479
16481
16488
16493
16503
16506
16511
16516
16523
16539
16541
16543
16545
16548
16559
16566
16568
16570
16571
16572
16578
16590
16594
16595
16596
16599
16600
16602
16605
16609
16610
16615
16617
16618
16619
16622
16624
16630
16631
16635
16637
16648
16651
16652
16653
16656
16658
16663
16668
16670
16674
16680
16681
16685
16686
16687
16699
16713
16717
16723
16724
16727
16728
16733
16739
16741
16742
16744
16745
16747
16750
16753
16757
16761
16766
16769
16773
16774
16780
16784
16785
16788
16790
16794
16798
16801
16802
16805
16809
16819
16836
16838
16842
16846
16853
16865
16866
16867
16869
16870
16872
16878
16881
16885
16891
16894
16899
16900
16901
16902
16903
16904
16905
16912
16915
16916
16917
16933
16939
16940
16942
16948
16954
16959
16970
16983
16997
17006
17016
17022
17057
17058
17066
17069
17074
17076
17089
17106
17109
17131
17141
17158
17164
17167
17171
17179
17213
17218
17235
17237
17247
17248
17280
17284
17285
17300
17313
17332
17337
17344
17355
17361
17363
17369
17371
17385
17391
17393
17401
17404
17417
17433
17435
17440
17442
17446
17452
17457
17458
17468
17471
17477
17478
17481
17484
17485
17495
17496
17497
17501
17507
17512
17538
17545
17557
17563
17565
17566
17567
17571
17574
17575
17583
17587
17592
17596
17598
17604
17605
17606
17608
17609
17611
17614
17620
17622
17625
17627
17637
17638
17651
17654
17657
17665
17671
17677
17678
17679
17680
17685
17686
17690
17694
17699
17702
17707
17715
17716
17717
17724
17729
17730
17732
17733
17741
17744
17748
17751
17752
17755
17760
17761
17767
17771
17772
17775
17778
17783
17785
17789
17794
17795
17806
17807
17809
17810
17811
17818
17822
17832
17837
17840
17841
17842
17843
17845
17849
17853
17855
17856
17857
17859
17860
17861
17865
17870
17877
17880
17881
17890
17894
17896
17898
17913
17914
17919
17934
17943
17945
17968
17984
17995
17999
18003
18004
18005
18008
18016
18017
18026
18035
18036
18041
18042
18043
18044
18045
18047
18049
18050
18052
18054
18060
18061
18063
18066
18067
18068
18069
18071
18074
18075
18076
18080
18088
18091
18097
18103
18104
18107
18111
18114
18115
18116
18117
18118
18121
18125
18132
18133
18134
18136
18137
18138
18141
18143
18152
18157
18159
18164
18167
18168
18171
18174
18175
18176
18178
18182
18183
18186
18189
18190
18198
18200
18202
18204
18205
18208
18210
18211
18213
18219
18222
18223
18227
18228
18229
18230
18231
18233
18235
18236
18237
18240
18241
18243
18257
18258
18261
18264
18265
18274
18284
18286
18292
18294
18296
18298
18304
18311
18312
18330
18337
18348
18354
18359
18361
18363
18387
18391
18398
18404
18419
18439
18452
18458
18467
18473
18475
18481
18482
18497
18502
18510
18517
18520
18529
18534
18538
18544
18550
18554
18560
18562
18571
18573
18576
18577
18582
18592
18600
18608
18613
18621
18648
18651
18652
18653
18664
18679
18684
18688
18699
18708
18714
18717
18720
18723
18756
18764
18770
18776
18787
18791
18801
18802
18806
18819
18821
18828
18831
18842
18844
18845
18851
18853
18867
18868
18874
18885
18888
18894
18898
18901
18902
18904
18916
18918
18927
18930
18932
18935
18948
18949
18962
18967
18969
18985
18988
18993
19002
19003
19004
19015
19017
19018
19020
19024
19038
19041
19043
19045
19053
19056
19059
19066
19071
19074
19077
19078
19080
19081
19083
19086
19094
19097
19100
19106
19110
19112
19113
19122
19123
19126
19128
19148
19155
19157
19158
19166
19168
19170
19175
19178
19179
19191
19194
19200
19212
19221
19227
19230
19234
19237
19239
19240
19244
19246
19247
19248
19249
19250
19252
19253
19257
19258
19260
19263
19267
19273
19274
19276
19293
19302
19316
19325
19335
19345
19354
19358
19363
19366
19370
19372
19374
19378
19381
19385
19386
19395
19396
19398
19401
19402
19404
19409
19421
19422
19424
19427
19432
19434
19436
19442
19444
19445
19451
19454
19464
19466
19469
19473
19484
19488
19499
19501
19506
19509
19512
19518
19523
19529
19535
19539
19542
19548
19549
19562
19573
19574
19576
19595
19597
19599
19604
19612
19616
19620
19623
19629
19632
19634
19638
19648
19651
19656
19670
19682
19716
19724
19726
19758
19764
19778
19782
19787
19788
19789
19791
19802
19805
19807
19808
19809
19812
19814
19825
19828
19830
19834
19835
19843
19847
19850
19852
19856
19857
19860
19867
19888
19895
19906
19909
19911
19913
19915
19917
19918
19925
19930
19940
19944
19946
19949
19951
19957
19962
19963
19965
19973
19978
19980
19986
19989
19993
19998
20000
20004
20006
20008
20011
20018
20019
20023
20024
20031
20036
20043
20045
20051
20071
20075
20079
20085
20091
20094
20114
20115
20121
20137
20140
20148
20149
20150
20153
20157
20162
20166
20168
20171
20177
20184
20190
20196
20198
20201
20207
20209
20223
20224
20225
20227
20228
20230
20234
20235
20238
20241
20242
20247
20257
20262
20265
20278
20279
20284
20293
20294
20301
20307
20308
20314
20318
20321
20324
20325
20327
20328
20330
20331
20338
20341
20342
20347
20354
20360
20371
20372
20373
20380
20381
20385
20389
20393
20404
20405
20414
20418
20441
20445
20446
20450
20454
20456
20464
20467
20472
20476
20477
20486
20488
20493
20502
20503
20506
20527
20529
20538
20539
20541
20551
20556
20557
20558
20559
20563
20568
20570
20571
20573
20576
20578
20583
20593
20600
20613
20619
20621
20631
20634
20636
20638
20646
20660
20666
20679
20688
20697
20704
20714
20724
20725
20744
20747
20756
20758
20765
20766
20767
20770
20771
20772
20786
20789
20791
20793
20798
20799
20804
20822
20823
20829
20832
20834
20852
20854
20862
20865
20866
20874
20886
20890
20898
20910
20913
20916
20917
20918
20921
20930
20938
20941
20943
20951
20956
20957
20973
20997
21016
21019
21030
21053
21054
21066
21134
21177
21185
21191
21245
21308
21334
21369
21380
21477
21479
21481
21490
21503
21525
21584
21649
21683
21714
21719
21722
21734
21769
21779
21782
21789
21790
21792
21797
21812
21813
21828
21830
21852
21857
21872
21875
21881
21886
22007
22111
22137
22198
22275
22277
22294
22318
22321
22323
22325
22329
22336
22364
22396
22417
22424
22427
22442
22443
22456
22483
22491
22500
22515
22518
22519
22522
22543
22548
22559
22616
22639
22648
22656
22657
22847
22851
22852
22886
22891
23743
23806
23810
23820
23826
23831
23855
23861
23868
23870
23891
23925
23927
23930
23934
23957
23961
23964
23996
24005
24028
24034
24040
24045
24054
24066
24149
24153
24159
24192
24215
24220
24324
24330
24355
24361
24420
24426
24432
24438
24454
24457
24467
24583
24586
24603
24616
24620
24626
24656
24664
24744
24753
24761
24776
24797
24802
24805
24814
24823
24835
24837
24846
24854
24903
24915
24917
24935
24938
24951
24953
24959
24981
24982
24983
24984
24986
24988
24994
24999
25000
25001
25002
25037
25040
25053
25070
25076
25081
25102
25123
25147
25177
25181
25193
25197
25199
25200
25203
25226
25228
25232
25233
25280
25295
25296
25297
25301
25308
25312
25314
25315
25316
25324
25325
25326
25328
25331
25332
25356
25369
25377
25388
25391
25397
25399
25401
25408
25415
25417
25419
25422
25425
25427
25428
25429
25435
25449
25456
25466
25472
25481
25485
25495
25496
25500
25502
25504
25524
25540
25548
25557
25558
25559
25562
25564
25565
25566
25580
25588
25590
25592
25600
25603
25612
25615
25622
25670
25687
25696
25701
25720
25808
25817
25834
25842
25849
25885
25888
25892
25896
25901
25910
25917
25945
25976
25985
25987
25993
26006
26017
26025
26031
26037
26039
26047
26054
26059
26062
26063
26064
26069
26079
26080
26081
26084
26086
26087
26091
26095
26098
26099
26101
26105
26111
26118
26125
26137
26140
26143
26145
26148
26154
26160
26161
26164
26167
26168
26172
26174
26178
26180
26194
26196
26199
26200
26204
26210
26211
26218
26222
26224
26233
26241
26254
26258
26260
26262
26267
26269
26270
26272
26276
26277
26284
26287
26292
26298
26299
26302
26307
26309
26318
26323
26331
26333
26362
26373
26377
26387
26388
26395
26396
26397
26398
26402
26405
26406
26408
26410
26411
26412
26436
26439
26441
26443
26444
26446
26450
26452
26456
26459
26460
26469
26470
26472
26494
26497
26498
26500
26503
26507
26509
26515
26528
26570
26571
26572
26573
26575
26580
26585
26587
26592
26599
26602
26610
26617
26619
26620
26627
26629
26630
26631
26632
26640
26645
26651
26661
26662
26703
26712
26713
26719
26722
26725
26730
26733
26734
26740
26744
26748
26765
26782
26788
26789
26790
26794
26797
26798
26801
26808
26811
26822
26828
26829
26830
26843
26851
26852
26856
26858
26864
26866
26881
26897
26907
26908
26923
26932
26938
26939
26940
26943
26960
26965
26973
26974
26979
26985
26990
26998
27000
27006
27008
27014
27024
27035
27049
27057
27061
27062
27065
27077
27078
27082
27084
27088
27092
27096
27103
27105
27106
27110
27115
27146
27149
27176
27220
27230
27234
27235
27244
27248
27253
27254
27257
27290
27295
27307
27309
27312
27313
27320
27339
27340
27349
27359
27362
27365
27373
27385
27392
27397
27400
27406
27414
27415
27419
27421
27431
27440
27443
27448
27451
27461
27479
27498
27499
27512
27522
27527
27534
27536
27543
27557
27624
27711
27724
27739
27744
27745
27763
27828
27856
27889
27902
27908
27909
27914
27923
27931
27938
27940
27942
27956
27971
27975
27984
27991
28018
28028
28044
28063
28077
28082
28087
28092
28096
28103
28106
28107
28115
28118
28127
28133
28136
28138
28150
28151
28161
28170
28173
28181
28192
28218
28233
28234
28238
28245
28247
28250
28259
28274
28281
28283
28288
28292
28298
28300
28303
28306
28307
28317
28334
28339
28344
28345
28347
28366
28369
28373
28374
28376
28379
28381
28386
28388
28399
28401
28403
28404
28423
28427
28435
28436
28439
28444
28447
28460
28461
28462
28469
28473
28474
28481
28488
28492
28497
28498
28509
28513
28515
28516
28521
28523
28528
28538
28542
28559
28562
28563
28564
28565
28567
28577
28579
28582
28584
28592
28594
28600
28602
28606
28608
28610
28611
28615
28619
28622
28625
28631
28634
28646
28653
28656
28658
28660
28666
28676
28680
28681
28687
28688
28689
28696
28697
28701
28703
28704
28705
28712
28719
28732
28759
28761
28764
28770
28772
28782
28793
28833
28845
28851
28859
28863
28865
28910
28918
28920
28968
28971
28973
28992
29006
29046
29052
29199
29221
29222
29229
29250
29290
29301
29328
29339
29342
29347
29360
29407
29436
29442
29444
29466
29472
29477
29489
29513
29536
29555
29604
29608
29637
29646
29657
29669
29691
29701
29771
29790
29810
29827
29838
29854
29891
29915
29930
29960
29968
29976
29990
30010
30026
30045
30050
30072
30103
30105
30133
30146
30153
30154
30170
30182
30211
30229
30233
30245
30258
30285
30290
30299
30333
30343
30353
30358
30364
30371
30396
30404
30426
30430
30438
30460
30550
30560
30564
30568
30581
30587
30593
30604
30608
30632
30636
30638
30648
30652
30653
30658
30663
30672
30741
30752
30761
30767
30777
30781
30782
30788
30790
30797
30801
30802
30803
30804
30809
30810
30811
31156
31162
31166
31168
31190
31192
31193
31200
31202
31213
31214
31231
31233
31241
31246
31254
31257
31260
31263
31266
31269
31271
31273
31275
31276
31281
31309
31312
31334
31342
31344
31348
31367
31370
31371
31374
31382
31392
31394
31407
31412
31421
31436
31438
31446
31448
31453
31460
31462
31472
31507
31509
31543
31551
31556
31559
31561
31565
31567
31576
31584
31587
31588
31592
31597
31599
31601
31606
31608
31613
31627
31630
31643
31685
31690
31699
31701
31703
31707
31708
31759
31771
31781
31786
31788
31789
31792
31796
31799
31803
31804
31808
31840
31841
31844
31845
31847
31851
31856
31866
31873
31884
31917
31935
31988
32024
32038
32041
32055
32098
32102
32106
32111
32132
32136
32141
32155
32163
32174
32178
32184
32189
32195
32205
32209
32219
32227
32242
32243
32263
32264
32270
32272
32275
32276
32278
32282
32283
32290
32293
32294
32297
32300
32306
32315
32316
32318
32323
32324
32331
32332
32339
32379
32384
32397
32416
32448
32466
32482
32494
32499
32502
32505
32519
32524
32561
32568
32587
32595
32599
32600
32610
32615
32622
32627
32637
32648
32654
32668
32670
32671
32673
32678
32679
32681
32683
32686
32690
32693
32695
32700
32703
32713
32720
32721
32726
32727
32729
32733
32735
32736
32741
32743
32744
32745
32748
32774
32789
32857
32858
32870
32874
32902
32907
32910
32931
32936
32940
32943
32949
32955
32956
32997
33003
33008
33010
33016
33026
33028
33029
33033
33035
33043
33050
33051
33056
33066
33070
33086
33089
33091
33095
33098
33100
33103
33107
33108
33109
33111
33116
33120
33122
33123
33127
33133
33139
33144
33146
33166
33178
33180
33192
33193
33202
33204
33205
33211
33212
33214
33216
33220
33225
33232
33233
33242
33248
33249
33251
33252
33254
33256
33260
33264
33266
33268
33269
33270
33272
33274
33276
33277
33279
33280
33283
33284
33286
33290
33291
33292
33294
33295
33296
33297
33298
33302
33310
33313
33319
33321
33322
33330
33333
33334
33337
33338
33340
33342
33343
33347
33350
33357
33358
33364
33370
33371
33389
33397
33405
33409
33410
33413
33414
33417
33419
33421
33427
33429
33430
33433
33439
33444
33447
33449
33453
33458
33462
33465
33470
33471
33482
33484
33485
33486
33488
33489
33498
33510
33513
33514
33515
33516
33517
33528
33529
33534
33535
33540
33542
33545
33549
33551
33564
33569
33571
33576
33580
33584
33595
33596
33599
33600
33608
33614
33617
33620
33622
33624
33630
33638
33640
33641
33644
33648
33698
33714
33716
33720
33722
33724
33730
33742
33746
33751
33755
33758
33765
33767
33772
33777
33783
33789
33792
33793
33799
33802
33809
33810
33817
33824
33829
33841
33854
33862
33863
33866
33872
33873
33904
33913
33979
33982
33983
33989
34054
34074
34103
34105
34126
34152
34211
34306
34316
34322
34324
34327
34332
34338
34343
34380
34393
34433
34441
34455
34459
34495
34498
34503
34515
34527
34530
34539
34564
34566
34571
34580
34584
34588
34589
34595
34604
34611
34685
34692
34699
34729
34732
34735
34736
34751
34763
34764
34776
34786
34790
34791
34805
34816
34818
34823
34830
34856
34859
34860
34879
34883
34894
34899
34900
34905
34919
34986
34989
34991
35037
35038
35043
35047
35061
35074
35078
35081
35084
35109
35125
35152
35188
35194
35195
35219
35240
35248
35257
35284
35302
35316
35317
35337
35365
35379
35381
35425
35432
35443
35447
35515
35536
35562
35590
35596
35676
35691
35759
35769
35788
35793
35794
35804
35810
35825
35830
35833
35843
35845
35880
35906
35970
35972
35984
35989
36009
36033
36060
36061
36066
36071
36076
36083
36119
36132
36136
36152
36160
36172
36174
36178
36181
36184
36193
36235
36246
36250
36263
36267
36268
36269
36273
36281
36283
36293
36308
36329
36339
36352
36377
36395
36412
36418
36427
36454
36457
36487
36491
36498
36499
36519
36608
36621
36625
36633
36666
36674
36689
36702
36716
36729
36734
36755
36757
36774
36785
36793
36805
36834
36838
36848
36883
36913
36918
36923
36936
36944
36982
37037
37048
37055
37056
37064
37079
37097
37098
37104
37109
37123
37129
37134
37143
37148
37154
37155
37160
37162
37169
37170
37173
37186
37189
37200
37202
37203
37210
37215
37221
37231
37240
37246
37256
37266
37268
37269
37274
37279
37291
37299
37315
37319
37320
37326
37331
37333
37334
37338
37341
37343
37351
37354
37355
37356
37359
37362
37365
37366
37374
37375
37377
37381
37382
37396
37402
37409
37417
37425
37427
37437
37439
37444
37446
37447
37452
37456
37462
37463
37464
37474
37477
37485
37489
37494
37496
37499
37502
37516
37517
37519
37523
37527
37532
37538
37539
37546
37549
37559
37562
37584
37604
37615
37620
37624
37635
37659
37669
37673
37682
37683
37684
37693
37697
37699
37700
37704
37705
37710
37716
37727
37732
37733
37773
37778
37786
37789
37795
37801
37825
37848
37853
37857
37869
37872
37882
37886
37905
37912
37916
37917
37931
37942
37944
37986
38000
38012
38024
38034
38051
38063
38068
38097
38109
38138
38144
38150
38153
38155
38171
38177
38190
38201
38203
38208
38214
38215
38223
38225
38231
38235
38239
38242
38256
38258
38265
38267
38274
38275
38279
38288
38295
38304
38305
38306
38317
38322
38323
38326
38336
38337
38362
38364
38369
38371
38382
38385
38391
38392
38393
38404
38414
38422
38425
38437
38441
38443
38448
38449
38453
38466
38470
38475
38476
38480
38481
38488
38489
38494
38509
38513
38517
38525
38531
38532
38534
38537
38542
38552
38567
38569
38572
38574
38576
38578
38579
38580
38581
38589
38594
38599
38604
38606
38610
38611
38613
38615
38620
38622
38625
38626
38627
38629
38632
38633
38634
38636
38638
38639
38642
38643
38646
38653
38656
38658
38661
38665
38669
38671
38673
38676
38679
38680
38696
38705
38751
38759
38762
38772
38775
38789
38793
38806
38816
38817
38819
38822
38827
38833
38837
38839
38843
38844
38848
38851
38852
38854
38860
38863
38866
38868
38870
38871
38873
38884
38896
38898
38901
38908
38917
38922
38938
38958
38962
38963
38964
38968
38971
38972
38976
38977
38978
38986
38987
38990
38993
39000
39002
39003
39006
39016
39018
39019
39020
39029
39032
39033
39038
39039
39045
39054
39065
39073
39081
39082
39088
39090
39092
39095
39096
39098
39099
39100
39104
39105
39106
39113
39114
39132
39140
39157
39167
39174
39180
39181
39185
39188
39189
39190
39197
39199
39200
39202
39207
39208
39211
39215
39219
39232
39233
39236
39240
39248
39253
39271
39279
39315
39320
39324
39326
39328
39329
39333
39335
39342
39346
39352
39356
39360
39366
39368
39370
39371
39372
39376
39377
39380
39382
39384
39385
39386
39390
39392
39396
39397
39401
39406
39408
39409
39410
39415
39416
39431
39443
39446
39447
39449
39459
39463
39464
39470
39473
39474
39487
39489
39493
39503
39512
39515
39517
39518
39527
39530
39534
39536
39540
39541
39544
39548
39550
39553
39561
39562
39566
39567
39569
39570
39574
39576
39578
39579
39584
39590
39596
39597
39598
39607
39611
39618
39625
39630
39638
39649
39651
39655
39661
39672
39674
39675
39690
39691
39701
39702
39705
39708
39709
39733
39746
39748
39751
39752
39753
39760
39766
39772
39776
39806
39807
39811
39817
39843
39875
39877
39892
39924
39935
39949
39964
40004
40039
40054
40068
40075
40087
40097
40139
40155
40164
40201
40221
40233
40237
40302
40305
40311
40312
40329
40337
40345
40346
40362
40383
40399
40426
40446
40450
40472
40484
40492
40511
40536
40546
40583
40595
40597
40614
40638
40665
40682
40714
40878
40923
40929
40963
40973
40994
41106
41111
41131
41136
41139
41160
41169
41173
41199
41218
41225
41248
41250
41280
41290
41291
41298
41307
41310
41321
41342
41345
41349
41350
41362
41364
41379
41381
41427
41434
41454
41455
41466
41474
41484
41486
41498
41502
41513
41520
41522
41524
41536
41557
41562
41572
41574
41575
41586
41587
41594
41601
41605
41607
41609
41617
41621
41626
41628
41631
41633
41639
41644
41648
41683
41686
41691
41694
41706
41707
41724
41728
41746
41756
41786
41788
41790
41794
41800
41822
41828
41841
41843
41853
41866
41873
41874
41884
41898
41989
41992
41995
42004
42014
42034
42037
42044
42045
42061
42071
42104
42163
42168
42173
42176
42188
42215
42240
42248
42259
42266
42270
42272
42277
42301
42314
42316
42318
42334
42335
42341
42347
42349
42353
42447
42463
42471
42473
42479
42480
42481
42489
42500
42501
42516
42519
42567
42575
42576
42586
42600
42628
42642
42646
42653
42667
42671
42679
42703
42709
42722
42746
42751
42762
42767
42774
42792
42803
42807
42813
42816
42823
42830
42832
42834
42836
42845
42849
42853
42873
42880
42886
42905
42940
42976
43018
43043
43048
43053
43057
43060
43061
43078
43086
43107
43111
43125
43127
43152
43154
43156
43177
43197
43198
43203
43204
43223
43228
43261
43263
43268
43270
43302
43310
43313
43314
43331
43335
43338
43341
43344
43347
43351
43354
43363
43371
43382
43388
43407
43414
43415
43455
43462
43473
43477
43484
43491
43492
43493
43495
43500
43505
43507
43512
43520
43522
43524
43525
43541
43553
43562
43563
43568
43571
43575
43576
43579
43580
43581
43606
43610
43615
43647
43654
43669
43674
43682
43686
43687
43694
43740
43757
43776
43795
43814
43855
43889
43894
43905
43917
43960
43966
43976
43983
43985
44001
44008
44015
44033
44059
44064
44069
44096
44111
44149
44164
44166
44202
44221
44223
44237
44246
44264
44271
44274
44279
44282
44284
44289
44300
44305
44307
44310
44317
44319
44328
44332
44342
44343
44345
44350
44352
44363
44364
44368
44374
44380
44391
44397
44403
44409
44413
44414
44418
44422
44429
44441
44447
44450
44458
44466
44470
44487
44491
44502
44523
44530
44532
44561
44565
44570
44575
44579
44587
44597
44605
44606
44612
44613
44622
44625
44631
44635
44649
44653
44655
44664
44666
44669
44670
44673
44679
44681
44684
44691
44703
44709
44710
44715
44722
44724
44727
44729
44730
44731
44734
44738
44739
44740
44742
44743
44751
44757
44759
44774
44779
44786
44789
44790
44791
44792
44794
44800
44806
44807
44808
44809
44820
44825
44827
44833
44840
44842
44843
44852
44857
44861
44863
44864
44865
44869
44874
44876
44877
44880
44884
44886
44890
44891
44894
44896
44897
44899
44902
44907
44909
44910
44913
44918
44919
44923
44928
44931
44945
44953
44960
44961
44965
44972
44979
44991
45007
45008
45011
45018
45030
45036
45057
45069
45133
45141
45144
45156
45158
45167
45180
45195
45199
45204
45209
45211
45212
45232
45250
45270
45277
45281
45282
45285
45290
45297
45302
45303
45306
45310
45355
45357
45377
45378
45394
45406
45416
45420
45433
45439
45443
45447
45453
45454
45463
45477
45478
45488
45491
45495
45505
45507
45512
45516
45517
45518
45520
45521
45525
45535
45541
45546
45563
45573
45708
45712
45717
45726
45739
45745
45759
45760
45763
45773
45775
45778
45785
45788
45791
45792
45794
45797
45798
45799
45804
45809
45811
45818
45822
45824
45828
45830
45836
45838
45840
45851
45860
45861
45862
45866
45872
45878
45879
45880
45886
45898
45899
45900
45903
45908
45917
45920
45921
45928
45938
45939
45953
45974
45981
45992
45996
45997
46023
46027
46054
46076
46089
46093
46096
46104
46108
46110
46114
46116
46117
46118
46123
46124
46127
46184
46193
46195
46202
46211
46229
46234
46256
46268
46277
46290
46293
46326
46334
46336
46350
46362
46373
46374
46375
46378
46426
46440
46448
46454
46459
46462
46468
46505
46522
46540
46542
46543
46554
46557
46559
46562
46571
46581
46586
46589
46597
46599
46602
46604
46607
46611
46612
46616
46617
46618
46621
46626
46643
46676
46680
46681
46690
46695
46699
46704
46707
46709
46717
46722
46724
46728
46735
46743
46744
46756
46758
46770
46774
46803
46805
46811
46813
46826
46832
46834
46842
46843
46865
46874
46876
46884
46887
46894
46898
46904
46908
46911
46916
46918
46925
46927
46977
46985
46990
46995
47002
47006
47015
47016
47020
47041
47062
47083
47088
47101
47106
47110
47125
47133
47137
47164
47173
47187
47193
47196
47202
47211
47226
47251
47256
47265
47271
47275
47278
47296
47300
47304
47312
47335
47339
47345
47348
47350
47354
47356
47363
47378
47380
47382
47385
47394
47396
47401
47407
47410
47412
47415
47417
47423
47427
47430
47431
47436
47441
47443
47447
47449
47456
47458
47479
47483
47484
47488
47490
47499
47504
47512
47522
47523
47534
47542
47553
47561
47563
47570
47580
47585
47588
47601
47606
47616
47621
47624
47682
47689
47717
47720
47733
47740
47744
47748
47752
47806
47812
47815
47835
47847
47884
47887
47899
47901
47902
47908
47910
47912
47919
47921
47922
47926
47927
47931
47932
47944
47948
47968
47972
47982
47985
47990
47996
48019
48070
48077
48084
48087
48103
48106
48108
48115
48120
48145
48154
48175
48198
48230
48249
48253
48258
48273
48287
48292
48298
48305
48311
48328
48343
48349
48363
48368
48370
48374
48378
48386
48389
48402
48415
48424
48428
48429
48434
48443
48446
48451
48469
48477
48480
48485
48492
48494
48495
48498
48524
48534
48538
48539
48543
48545
48547
48549
48561
48587
48594
48601
48621
48628
48631
48635
48643
48645
48656
48663
48668
48674
48676
48678
48679
48699
48702
48705
48708
48712
48713
48716
48718
48722
48735
48736
48750
48754
48758
48765
48766
48769
48774
48780
48786
48791
48799
48800
48803
48804
48805
48811
48818
48821
48827
48831
48836
48845
48860
48863
48865
48867
48878
48892
48895
48898
48911
48914
48917
48918
48934
48945
48961
48972
48978
49078
49102
49148
49149
49190
49195
49215
49225
49236
49255
49295
49330
49336
49343
49352
49355
49361
49364
49368
49371
49376
49390
49396
49406
49420
49424
49434
49444
49451
49460
49467
49473
49490
49494
49496
49501
49508
49519
49536
49544
49545
49549
49557
49563
49564
49575
49576
49580
49588
49613
49630
49634
49640
49660
49664
49699
49701
49705
49738
49745
49757
49764
49768
49788
49790
49822
49865
49866
49874
49882
49899
49901
49936
49938
49940
49942
49944
49946
49960
49999
50030
50046
50078
50124
50158
50188
50230
50246
50250
50258
50276
50291
50308
50312
50325
50331
50337
50363
50382
50396
50402
50433
50435
50436
50450
50451
50459
50494
50495
50510
50515
50517
50520
50528
50546
50549
50550
50570
50574
50581
50606
50609
50653
50658
50662
50663
50672
50675
50684
50691
50722
50731
50746
50766
50770
50780
50786
50805
50806
50812
50839
50843
50868
50874
50882
50887
50897
50899
50905
50907
50919
50924
50926
50931
50934
50939
50943
50951
50960
50978
50983
50987
51006
51007
51014
51017
51029
51031
51050
51062
51071
51073
51088
51101
51114
51122
51134
51137
51139
51157
51162
51167
51171
51176
51177
51180
51196
51203
51207
51211
51215
51219
51222
51229
51236
51240
51241
51250
51251
51255
51257
51259
51262
51263
51270
51338
51367
51476
51516
51519
51529
51531
51532
51534
51542
51544
51546
51554
51556
51557
51564
51567
51570
51571
51572
51580
51582
51589
51591
51597
51600
51618
51619
51620
51622
51624
51631
51634
51638
51648
51649
51668
51673
51683
51685
51687
51692
51694
51698
51699
51702
51703
51705
51706
51712
51719
51720
51721
51748
51750
51753
51754
51761
51765
51771
51772
51776
51779
51787
51791
51812
51822
51837
51850
51857
51858
51863
51868
51872
51882
51885
51897
51915
51916
51980
51998
51999
52002
52006
52009
52017
52018
52021
52027
52035
52036
52040
52042
52045
52046
52050
52053
52054
52056
52060
52062
52065
52070
52077
52109
52121
52130
52158
52173
52181
52211
52218
52223
52239
52253
52279
52289
52290
52291
52296
52298
52299
52309
52314
52324
52329
52333
52339
52347
52353
52358
52363
52366
52367
52369
52385
52389
52393
52400
52403
52405
52438
52464
52465
52466
52476
52477
52488
52496
52500
52501
52505
52506
52508
52513
52514
52517
52520
52524
52526
52527
52529
52530
52531
52532
52537
52538
52540
52542
52547
52555
52563
52565
52567
52575
52576
52589
52590
52592
52602
52625
52626
52630
52631
52635
52636
52639
52651
52652
52674
52679
52680
52684
52685
52691
52704
52705
52709
52712
52714
52717
52724
52729
52758
52770
52776
52777
52778
52780
52786
52797
52798
52800
52801
52814
52823
52839
52840
52842
52845
52846
52850
52852
52859
52864
52875
52880
52893
52908
52909
52916
52917
52923
52940
52941
52943
52958
52960
52965
52967
52980
52990
52991
52999
53009
53014
53016
53031
53034
53037
53040
53042
53054
53055
53060
53066
53069
53070
53079
53081
53090
53094
53102
53106
53109
53120
53121
53143
53149
53160
53165
53166
53168
53169
53179
53180
53188
53199
53205
53209
53222
53226
53239
53246
53252
53255
53271
53283
53288
53291
53304
53327
53329
53343
53369
53379
53383
53401
53402
53404
53436
53443
53444
53446
53448
53460
53463
53468
53471
53488
53492
53493
53497
53498
53501
53503
53530
53545
53551
53555
53558
53566
53575
53592
53596
53598
53607
53616
53618
53623
53632
53633
53634
53636
53640
53643
53646
53648
53650
53659
53666
53667
53669
53673
53677
53678
53688
53690
53692
53695
53696
53698
53701
53704
53712
53714
53723
53725
53732
53733
53739
53741
53744
53747
53748
53753
53755
53769
53773
53774
53776
53798
53799
53800
53803
53806
53819
53825
53834
53836
53853
53864
53871
53884
53890
53891
53893
53905
53912
53918
53921
53922
53938
53947
53961
53970
53974
54012
54023
54025
54036
54037
54039
54053
54062
54064
54082
54090
54091
54103
54113
54118
54121
54128
54139
54146
54148
54152
54156
54158
54170
54171
54175
54177
54181
54186
54187
54197
54198
54202
54206
54218
54220
54223
54224
54231
54235
54238
54239
54245
54263
54265
54269
54271
54272
54279
54284
54295
54304
54309
54310
54317
54330
54345
54368
54375
54378
54382
54389
54392
54401
54402
54404
54405
54408
54413
54415
54420
54421
54423
54425
54426
54433
54436
54440
54443
54446
54448
54449
54451
54452
54453
54455
54458
54459
54466
54479
54482
54487
54488
54492
54496
54501
54503
54506
54507
54510
54512
54518
54521
54527
54533
54554
54559
54560
54561
54562
54567
54573
54580
54583
54588
54589
54593
54595
54600
54606
54607
54609
54615
54617
54628
54631
54636
54642
54643
54644
54648
54656
54660
54663
54671
54673
54674
54677
54680
54684
54698
54699
54707
54717
54718
54728
54729
54732
54736
54751
54766
54777
54841
54874
54889
54919
54928
54948
54959
54962
54967
54971
54989
54994
54998
55002
55008
55018
55025
55034
55039
55041
55048
55053
55068
55084
55090
55094
55096
55180
55189
55220
55230
55267
55314
55318
55332
55334
55372
55377
55444
55479
55490
55494
55517
55520
55525
55527
55531
55532
55559
55625
55641
55660
55685
55707
55716
55717
55751
55762
55769
55804
55848
55857
55863
55871
55911
55912
55964
55972
55985
55988
55997
56046
56054
56056
56061
56079
56097
56106
56112
56116
56122
56140
56155
56167
56170
56180
56186
56191
56205
56232
56252
56273
56276
56286
56293
56309
56330
56335
56338
56344
56352
56366
56371
56379
56380
56384
56390
56393
56406
56412
56417
56421
56432
56438
56440
56441
56444
56453
56454
56473
56485
56490
56493
56494
56500
56503
56504
56511
56517
56518
56519
56523
56526
56533
56534
56537
56538
56540
56546
56552
56580
56608
56609
56611
56614
56615
56622
56630
56640
56645
56648
56649
56656
56658
56660
56662
56664
56665
56671
56682
56691
56702
56713
56719
56728
56731
56732
56737
56740
56744
56747
56754
56766
56769
56773
56779
56789
56796
56798
56800
56805
56807
56812
56817
56819
56825
56838
56839
56854
56859
56865
56869
56874
56878
56889
56893
56894
56900
56911
56919
56932
56946
56953
56956
56961
56975
56981
56993
56994
57000
57005
57013
57014
57017
57021
57023
57024
57028
57029
57035
57042
57057
57066
57076
57077
57083
57084
57088
57090
57093
57097
57099
57101
57102
57103
57106
57109
57113
57115
57117
57123
57125
57126
57127
57129
57131
57133
57138
57139
57140
57141
57142
57145
57146
57150
57151
57156
57160
57163
57168
57169
57171
57173
57176
57178
57184
57186
57190
57196
57197
57200
57211
57215
57226
57227
57229
57239
57240
57241
57242
57244
57245
57246
57248
57258
57263
57266
57267
57271
57275
57282
57283
57286
57287
57288
57289
57293
57297
57299
57300
57301
57304
57310
57325
57327
57335
57347
57350
57354
57356
57360
57362
57364
57374
57380
57382
57383
57390
57392
57395
57397
57403
57409
57411
57414
57417
57425
57437
57441
57444
57446
57452
57454
57458
57462
57463
57470
57476
57478
57479
57482
57486
57487
57489
57491
57493
57496
57503
57504
57509
57512
57513
57519
57522
57523
57529
57530
57537
57540
57544
57548
57552
57553
57554
57558
57560
57563
57567
57569
57573
57579
57581
57582
57586
57592
57596
57597
57601
57603
57605
57610
57612
57614
57620
57622
57624
57631
57634
57636
57637
57643
57646
57648
57664
57677
57682
57688
57702
57707
57713
57727
57734
57742
57744
57752
57754
57758
57761
57762
57766
57767
57774
57775
57777
57780
57781
57786
57797
57809
57810
57815
57827
57831
57835
57839
57843
57845
57853
57854
57858
57860
57862
57863
57871
57872
57875
57877
57879
57880
57888
57889
57891
57892
57894
57898
57899
57909
57910
57918
57921
57924
57926
57929
57932
57938
57939
57941
57946
57958
57960
57962
57966
57968
57973
57979
57980
57985
57990
57992
57998
57999
58003
58007
58013
58014
58023
58030
58032
58042
58052
58063
58065
58067
58068
58074
58078
58082
58099
58106
58111
58130
58158
58170
58190
58198
58199
58206
58210
58218
58234
58235
58241
58246
58248
58251
58252
58255
58262
58263
58282
58283
58285
58290
58294
58295
58296
58303
58305
58310
58313
58320
58321
58324
58330
58335
58339
58350
58360
58392
58411
58434
58437
58462
58465
58469
58472
58474
58479
58480
58484
58492
58494
58496
58499
58503
58509
58511
58518
58523
58524
58526
58527
58528
58533
58540
58545
58546
58548
58550
58552
58555
58559
58565
58570
58573
58576
58578
58579
58586
58590
58593
58601
58607
58608
58609
58617
58618
58620
58621
58626
58627
58628
58629
58630
58637
58640
58641
58648
58656
58668
58671
58681
58685
58688
58689
58695
58702
58708
58709
58713
58714
58716
58720
58721
58722
58733
58738
58744
58749
58750
58758
58759
58761
58772
58778
58781
58782
58786
58791
58799
58814
58827
58835
58837
58841
58847
58848
58853
58858
58862
58863
58866
58876
58877
58887
58888
58896
58909
58912
58916
58922
58932
58938
58941
58946
58947
58952
58956
58957
58960
58963
58967
58969
58971
58974
58998
59002
59004
59010
59022
59023
59027
59034
59042
59048
59060
59061
59062
59070
59080
59095
59103
59131
59151
59169
59170
59185
59188
59205
59213
59233
59270
59282
59288
59304
59312
59324
59330
59332
59354
59364
59365
59373
59376
59379
59391
59392
59394
59409
59433
59436
59437
59444
59447
59453
59455
59460
59461
59470
59490
59503
59528
59535
59536
59546
59555
59557
59563
59603
59609
59610
59624
59645
59649
59704
59709
59720
59726
59730
59742
59764
59767
59809
59834
59857
59867
59875
59892
59897
59912
59937
59944
59945
59950
59955
59964
59970
59973
59992
59995
59999
60026
60027
60066
60068
60087
60090
60093
60143
60151
60167
60170
60176
60219
60226
60229
60256
60262
60263
60269
60273
60279
60296
60299
60313
60366
60370
60390
60401
60415
60416
60419
60432
60537
60553
60589
60649
60661
60667
60678
60694
60704
60711
60718
60747
60761
60771
60776
60799
60809
60821
60824
60834
60840
60844
60845
60846
60852
60858
60871
60872
60880
60882
60887
60890
60897
60898
60907
60931
60939
60940
60953
60961
61011
61023
61040
61052
61062
61137
61152
61162
61168
61188
61201
61202
61208
61214
61232
61238
61248
61273
61292
61315
61327
61329
61337
61349
61358
61359
61386
61399
61407
61459
61476
61487
61503
61505
61508
61511
61521
61530
61545
61549
61555
61556
61563
61570
61573
61619
61635
61636
61637
61638
61639
61640
61643
61648
61654
61656
61659
61678
61679
61680
61682
61687
61693
61694
61698
61700
61717
61723
61729
61733
61745
61748
61754
61760
61762
61774
61825
61829
61834
61837
61849
61856
61862
61877
61879
61880
61889
61891
61896
61901
61919
61920
61957
61964
61977
61987
61997
61999
62003
62004
62011
62030
62031
62169
62173
62185
62205
62221
62233
62237
62289
62352
62374
62379
62383
62397
62399
62409
62447
62468
62533
62564
62591
62708
62806
62850
62911
62994
63085
63120
63188
63332
63350
63376
63389
63411
63425
63435
63440
63474
63477
63490
63513
63529
63537
63564
63573
63577
63593
63595
63597
63605
63624
63753
63806
63837
63838
63861
63863
63906
63916
63929
63945
63946
63952
64045
64046
64082
64083
64118
64119
64126
64135
64164
64178
64183
64195
64196
64212
64218
64252
64275
64292
64299
64336
64348
64352
64381
64383
64391
64393
64427
64430
64449
64467
64488
64521
64534
64535
64573
64740
64754
64776
64781
64782
64795
64828
64835
64894
64907
64915
64951
64955
64964
64966
64983
64989
65007
65020
65043
65050
65052
65066
65067
65070
65072
65086
65087
65097
65100
65104
65109
65122
65142
65152
65165
65188
65191
65197
65210
65224
65226
65227
65243
65245
65279
65281
65314
65362
65368
65369
65383
65386
65387
65402
65431
65433
65434
65485
65503
65507
65522
65529
65536
65537
65553
65563
65567
65571
65572
65573
65606
65640
65782
65790
65840
65848
65947
65953
65988
66007
66014
66019
66031
66047
66061
66066
66099
66118
66119
66132
66141
66159
66161
66163
66168
66180
66210
66243
66245
66253
66257
66263
66272
66274
66288
66296
66317
66318
66322
66332
66333
66337
66355
66382
66407
66412
66427
66452
66477
66479
66482
66489
66491
66498
66508
66511
66515
66525
66534
66551
66567
66568
66578
66595
66599
66602
66607
66609
66638
66652
66661
66673
66674
66679
66680
66698
66708
66710
66716
66724
66725
66727
66740
66744
66750
66777
66778
66780
66788
66792
66794
66801
66802
66804
66805
66811
66817
66818
66819
66823
66826
66828
66836
66837
66845
66846
66851
66856
66862
66870
66871
66881
66884
66906
66911
66914
66915
66917
66922
66932
66952
66953
66954
66958
66963
66986
67016
67019
67032
67033
67034
67037
67065
67089
67103
67115
67116
67117
67153
67155
67159
67160
67167
67168
67175
67179
67187
67191
67192
67195
67201
67203
67209
67240
67262
67264
67267
67269
67270
67283
67284
67299
67303
67308
67317
67327
67330
67509
67539
67540
67553
67555
67561
67587
67591
67592
67631
67642
67653
67658
67675
67683
67690
67693
67700
67701
67702
67704
67722
67723
67725
67726
67727
67731
67734
67746
67748
67751
67756
67764
67768
67773
67776
67777
67779
67804
67814
67821
67826
67838
67841
67847
67852
67870
67871
67874
67895
67915
67928
67961
67972
67974
67988
67996
68002
68017
68020
68023
68026
68032
68034
68038
68040
68118
68148
68159
68162
68165
68179
68224
68234
68261
68265
68270
68271
68281
68283
68288
68295
68303
68306
68350
68373
68377
68378
68391
68398
68413
68421
68432
68433
68434
68436
68449
68450
68464
68472
68476
68477
68515
68521
68527
68542
68549
68554
68557
68587
68588
68589
68614
68618
68619
68661
68675
68682
68684
68701
68707
68713
68718
68723
68735
68739
68744
68748
68754
68760
68761
68782
68789
68797
68799
68801
68804
68815
68820
68826
68838
68840
68843
68860
68867
68874
68876
68881
68890
68896
68912
68938
68969
68973
68978
68982
68989
69014
69020
69039
69052
69060
69084
69101
69102
69106
69110
69115
69125
69129
69136
69137
69142
69147
69156
69160
69167
69168
69198
69203
69208
69211
69212
69213
69218
69230
69235
69246
69252
69266
69272
69320
69331
69332
69352
69372
69379
69384
69385
69389
69396
69402
69425
69430
69448
69461
69463
69469
69479
69488
69489
69491
69507
69509
69530
69536
69541
69542
69553
69557
69561
69562
69577
69583
69589
69593
69597
69599
69616
69623
69625
69656
69660
69675
69685
69716
69719
69729
69732
69737
69755
69756
69760
69761
69773
69788
69807
69809
69818
69824
69834
69837
69845
69858
69859
69863
69871
69877
69884
69886
69899
69904
69950
69954
69956
69965
69986
69991
70000
70002
70006
70011
70016
70018
70020
70021
70026
70041
70042
70043
70059
70060
70065
70117
70126
70133
70137
70181
70184
70191
70200
70265
70266
70277
70287
70292
70294
70295
70296
70297
70298
70310
70317
70323
70327
70377
70400
70402
70409
70415
70437
70442
70444
70449
70457
70464
70467
70477
70484
70489
70492
70504
70505
70509
70511
70519
70521
70534
70543
70551
70562
70574
70580
70604
70613
70622
70624
70635
70641
70642
70644
70656
70660
70665
70689
70700
70706
70712
70724
70744
70750
70765
70792
70811
70821
70833
70860
70877
70881
70891
70895
70897
70912
70923
70931
70941
70950
70955
70956
70958
70962
70991
70998
71004
71017
71023
71025
71034
71038
71046
71051
71063
71064
71096
71097
71100
71116
71121
71123
71127
71131
71145
71149
71157
71183
71188
71191
71197
71205
71211
71218
71219
71220
71224
71228
71233
71240
71244
71247
71258
71261
71278
71279
71290
71291
71293
71298
71314
71353
71369
71371
71388
71396
71401
71406
71411
71422
71426
71448
71470
71477
71554
71555
71572
71604
71608
71623
71634
71642
71649
71652
71657
71686
71687
71695
71707
71708
71713
71734
71736
71777
71779
71786
71794
71796
71803
71804
71806
71809
71814
71830
71834
71840
71845
71852
71859
71863
71865
71880
71899
71901
71911
71918
71944
71945
71956
71959
71963
71965
71967
71975
72027
72036
72056
72062
72064
72076
72086
72100
72106
72109
72119
72127
72136
72137
72142
72143
72150
72151
72157
72168
72179
72217
72221
72241
72244
72255
72256
72258
72259
72260
72273
72276
72290
72292
72315
72321
72327
72331
72333
72351
72353
72358
72367
72407
72408
72424
72432
72452
72456
72464
72473
72489
72503
72526
72532
72543
72564
72566
72574
72585
72592
72604
72612
72615
72619
72666
72669
72687
72731
72739
72742
72744
72760
72773
72797
72812
72820
72829
72843
72845
72859
72889
72898
72902
72918
72956
72982
72996
73010
73014
73019
73033
73056
73065
73081
73090
73091
73096
73102
73104
73111
73118
73129
73130
73140
73149
73155
73159
73164
73169
73172
73182
73202
73219
73222
73229
73231
73235
73240
73245
73249
73250
73251
73252
73253
73266
73267
73276
73285
73287
73288
73297
73323
73326
73329
73330
73331
73339
73354
73355
73358
73360
73361
73362
73363
73364
73368
73369
73378
73380
73383
73388
73389
73401
73405
73412
73435
73450
73453
73456
73463
73490
73500
73503
73515
73521
73524
73526
73531
73532
73533
73540
73567
73568
73569
73572
73581
73599
73605
73607
73642
73649
73659
73660
73680
73696
73715
73717
73723
73725
73726
73751
73780
73787
73792
73794
73800
73806
73820
73821
73828
73845
73862
73868
73884
73886
73895
73898
73901
73902
73910
73913
73914
73922
73923
73926
73936
73943
73944
73949
73964
73973
73979
73989
74001
74004
74024
74032
74040
74045
74052
74065
74074
74079
74080
74081
74084
74094
74097
74121
74133
74138
74142
74145
74148
74151
74155
74158
74162
74168
74170
74172
74175
74176
74179
74180
74181
74182
74183
74184
74185
74187
74189
74191
74196
74197
74202
74203
74205
74216
74217
74229
74236
74248
74255
74256
74257
74258
74262
74265
74270
74272
74282
74283
74286
74288
74290
74291
74292
74294
74300
74304
74308
74312
74315
74316
74317
74321
74325
74327
74328
74331
74333
74336
74339
74341
74342
74344
74345
74346
74351
74353
74357
74358
74361
74363
74364
74367
74376
74377
74382
74383
74386
74388
74394
74396
74400
74404
74405
74409
74428
74430
74434
74436
74441
74442
74444
74446
74448
74452
74454
74457
74459
74462
74463
74464
74465
74468
74474
74475
74479
74480
74484
74488
74489
74494
74496
74498
74502
74503
74509
74516
74517
74525
74526
74529
74539
74551
74553
74565
74569
74571
74573
74576
74583
74584
74585
74588
74596
74599
74600
74605
74606
74608
74611
74617
74632
74694
74708
74724
74734
74736
74741
74742
74746
74748
74751
74752
74756
74758
74761
74769
74771
74773
74775
74777
74778
74785
74789
74791
74792
74799
74800
74807
74809
74815
74816
74817
74825
74827
74828
74849
74850
74853
74857
74862
74877
74883
74901
74908
74910
74914
74918
74919
74923
74926
74930
74934
74936
74937
74943
74945
74951
74955
74961
74962
74966
74974
74976
74983
74989
74992
74996
74998
74999
75002
75014
75016
75024
75029
75034
75036
75040
75043
75044
75047
75057
75060
75062
75071
75102
75103
75109
75121
75134
75136
75139
75145
75152
75154
75155
75161
75164
75169
75170
75171
75173
75175
75176
75177
75178
75181
75182
75184
75185
75187
75189
75191
75193
75195
75198
75199
75200
75205
75216
75220
75230
75244
75261
75262
75265
75270
75273
75279
75285
75288
75290
75295
75296
75300
75311
75316
75321
75323
75327
75330
75342
75343
75345
75346
75351
75356
75362
75372
75375
75378
75385
75391
75392
75423
75431
75440
75446
75453
75460
75467
75470
75472
75476
75479
75482
75492
75495
75496
75502
75505
75523
75542
75543
75547
75549
75553
75557
75560
75569
75570
75572
75574
75583
75588
75592
75600
75605
75624
75629
75631
75657
75685
75695
75705
75720
75724
75741
75743
75752
75763
75784
75790
75795
75816
75820
75843
75856
75863
75870
75886
75965
75983
75995
76002
76017
76020
76047
76052
76053
76054
76058
76072
76082
76084
76093
76098
76106
76108
76114
76119
76132
76134
76141
76143
76150
76164
76168
76211
76214
76226
76232
76239
76244
76248
76258
76274
76276
76278
76281
76299
76313
76322
76325
76328
76334
76343
76355
76365
76374
76381
76385
76388
76399
76400
76401
76404
76408
76424
76425
76433
76436
76439
76450
76452
76466
76473
76477
76483
76490
76493
76498
76504
76509
76512
76514
76515
76518
76524
76537
76547
76549
76550
76559
76580
76581
76594
76611
76614
76619
76621
76622
76639
76654
76672
76680
76683
76691
76698
76700
76708
76712
76717
76720
76725
76729
76736
76747
76748
76763
76764
76773
76777
76794
76795
76807
76809
76816
76822
76832
76834
76846
76849
76850
76858
76862
76875
76876
76877
76878
76880
76884
76885
76887
76893
76911
76917
76922
76923
76938
76943
76944
76949
76958
76969
76991
76996
77008
77015
77017
77020
77024
77025
77038
77045
77054
77059
77060
77062
77063
77072
77073
77080
77088
77096
77100
77101
77104
77110
77117
77136
77144
77146
77149
77154
77156
77159
77167
77170
77171
77174
77176
77179
77191
77199
77205
77207
77209
77214
77220
77235
77247
77258
77288
77292
77305
77314
77316
77332
77341
77352
77353
77354
77356
77358
77366
77370
77373
77382
77386
77387
77415
77416
77421
77423
77427
77432
77436
77442
77444
77447
77450
77454
77460
77464
77467
77471
77483
77490
77498
77508
77511
77515
77518
77523
77526
77528
77536
77538
77557
77559
77573
77576
77577
77587
77588
77595
77609
77615
77627
77633
77638
77651
77659
77669
77671
77672
77681
77687
77696
77704
77707
77716
77720
77721
77727
77728
77736
77740
77742
77743
77744
77760
77769
77771
77779
77781
77782
77793
77795
77797
77802
77805
77807
77808
77815
77817
77818
77822
77826
77827
77830
77834
77841
77842
77848
77849
77853
77857
77858
77864
77868
77872
77874
77878
77892
77906
77921
77928
77930
77941
77943
77946
77947
77956
77957
77964
77965
77977
77984
77985
77994
78006
78012
78013
78018
78024
78028
78033
78038
78039
78041
78048
78058
78063
78064
78066
78069
78071
78079
78099
78104
78106
78107
78115
78116
78127
78128
78139
78140
78144
78153
78163
78165
78170
78177
78181
78186
78187
78192
78202
78203
78205
78206
78209
78210
78226
78231
78235
78238
78240
78248
78254
78266
78276
78280
78287
78293
78294
78301
78306
78311
78316
78334
78339
78356
78357
78362
78363
78376
78377
78384
78395
78396
78410
78425
78429
78445
78453
78454
78457
78463
78467
78471
78478
78484
78489
78491
78500
78501
78504
78514
78518
78520
78526
78528
78531
78546
78550
78551
78554
78569
78572
78575
78586
78587
78588
78591
78595
78615
78626
78634
78635
78638
78639
78641
78648
78650
78653
78657
78658
78666
78670
78672
78673
78677
78679
78680
78684
78687
78688
78689
78692
78696
78698
78700
78702
78705
78707
78709
78710
78734
78736
78737
78739
78741
78743
78752
78754
78755
78757
78761
78765
78775
78779
78781
78787
78789
78793
78799
78803
78811
78813
78815
78816
78820
78821
78825
78828
78839
78840
78841
78845
78846
78848
78858
78862
78865
78866
78885
78890
78893
78898
78901
78915
78921
78946
78947
78948
78953
78959
78964
78969
78974
78979
78982
78984
78999
79001
79004
79007
79009
79012
79013
79014
79023
79028
79033
79036
79049
79052
79056
79057
79076
79078
79080
79083
79095
79097
79099
79101
79104
79106
79109
79110
79114
79125
79144
79145
79150
79161
79167
79173
79174
79183
79184
79185
79187
79188
79189
79191
79195
79202
79208
79209
79215
79218
79219
79220
79237
79246
79261
79266
79273
79290
79291
79298
79307
79326
79328
79329
79331
79332
79336
79338
79351
79377
79380
79388
79391
79399
79411
79415
79429
79430
79433
79435
79436
79453
79459
79461
79473
79481
79485
79494
79503
79506
79514
79521
79524
79525
79526
79528
79532
79538
79543
79547
79550
79551
79553
79555
79558
79565
79570
79571
79574
79578
79581
79582
79588
79592
79606
79609
79611
79612
79613
79624
79625
79632
79638
79641
79642
79643
79664
79671
79672
79678
79681
79682
79686
79688
79689
79695
79697
79698
79699
79702
79703
79705
79714
79722
79725
79737
79740
79742
79745
79747
79749
79750
79752
79761
79767
79768
79772
79780
79781
79783
79787
79795
79801
79812
79816
79819
79824
79827
79834
79837
79839
79841
79844
79852
79856
79873
79878
79880
79890
79893
79900
79902
79905
79907
79911
79917
79922
79924
79925
79936
79941
79954
79955
79956
79963
79971
79991
79993
80003
80085
80087
80090
80120
80125
80133
80216
80229
80232
80254
80260
80262
80270
80278
80279
80291
80295
80303
80309
80314
80332
80350
80353
80357
80365
80366
80374
80388
80399
80400
80401
80452
80462
80473
80482
80491
80504
80510
80513
80515
80521
80533
80544
80545
80551
80561
80569
80571
80576
80580
80582
80583
80589
80611
80616
80627
80630
80633
80635
80641
80645
80653
80659
80671
80672
80675
80679
80683
80688
80697
80704
80710
80713
80716
80719
80738
80740
80745
80747
80758
80763
80764
80768
80770
80772
80790
80793
80799
80805
80806
80812
80816
80818
80824
80834
80836
80848
80852
80857
80858
80861
80862
80864
80865
80869
80877
80878
80879
80887
80894
80899
80901
80903
80909
80918
80928
80940
80955
80958
80965
80970
80974
80979
80991
81008
81018
81026
81027
81030
81031
81034
81037
81038
81040
81056
81059
81063
81065
81068
81070
81071
81087
81089
81097
81110
81112
81113
81117
81118
81124
81129
81131
81135
81138
81140
81145
81151
81152
81161
81170
81179
81188
81199
81209
81210
81275
81281
81291
81319
81341
81358
81361
81377
81438
81445
81455
81462
81481
81485
81486
81516
81517
81520
81528
81540
81763
81860
81866
81870
81875
81877
81879
81880
81886
81891
81904
81911
81913
81923
81933
81936
82152
82235
82237
82274
82300
82369
82385
82433
82434
82437
82477
82478
82507
82513
82539
82556
82568
82589
82714
82739
82741
82777
82869
82898
82916
82942
82950
83031
83049
83055
83056
83070
83083
83087
83109
83125
83135
83142
83154
83163
83173
83174
83175
83178
83210
83221
83228
83248
83253
83267
83277
83289
83291
83300
83305
83308
83317
83326
83360
83362
83368
83378
83392
83396
83427
83430
83438
83444
83457
83486
83490
83514
83516
83533
83536
83561
83580
83583
83591
83599
83605
83609
83676
83696
83697
83732
83740
83767
83796
83826
83828
83870
83871
83874
83881
83908
83929
83932
83933
83954
83963
83980
83982
83986
83996
84004
84009
84017
84044
84301
84355
84388
84413
84416
84442
84463
84489
84509
84514
84515
84528
84607
84632
84641
84776
84814
84816
84867
84907
84925
84948
84952
84987
85018
85086
85132
85267
85308
85370
85381
85418
85445
85488
85513
85531
85640
85675
85765
85817
85841
85866
85890
85909
86087
86163
86179
86295
86302
86324
86391
86407
86530
86547
86565
86588
86722
86768
86789
86792
86815
86880
86887
86888
86905
86906
86915
86928
86939
86949
87006
87015
87034
87035
87048
87089
87117
87129
87140
87146
87195
87241
87242
87252
87253
87258
87259
87260
87263
87288
87315
87316
87328
87329
87330
87379
87396
87439
87453
87454
87459
87583
87589
87675
87690
87703
87740
87746
87751
87756
87775
87814
87824
87861
87873
87887
87914
87948
87957
87966
87993
88140
88195
88223
88254
88296
88325
88327
88400
88543
88839
88970
88980
88981
88993
88995
89013
89057
89114
89127
89132
89154
89234
89346
89348
89413
89453
89486
89495
89618
89643
89655
89657
89675
89727
89755
89772
89819
89879
89885
89912
89923
89940
89951
89953
89956
89957
90013
90015
90017
90037
90049
90057
90061
90079
90082
90120
90149
90187
90203
90246
90249
90257
90327
90351
90359
90361
90365
90396
90431
90449
90453
90496
90561
90567
90570
90595
90613
90618
90631
90653
90655
90681
90685
90717
90721
90775
90784
90883
90942
90955
90961
90973
91018
91030
91032
91057
91068
91088
91102
91104
91141
91172
91204
91218
91223
91231
91253
91256
91269
91274
91278
91284
91293
91295
91320
91322
91329
91331
91333
91352
91357
91362
91373
91375
91382
91384
91417
91424
91429
91432
91443
91448
91461
91463
91470
91473
91475
91484
91491
91493
91497
91522
91526
91533
91538
91542
91544
91546
91549
91567
91571
91572
91575
91579
91581
91588
91595
91597
91601
91627
91672
91685
91689
91690
91703
91712
91714
91733
91739
91748
91754
91764
91770
91771
91783
91790
91791
91799
91804
91809
91842
91848
91853
91856
91869
91877
91901
91905
91908
91929
91937
91943
91952
91958
91964
91970
91980
91983
91985
91986
92008
92015
92024
92025
92040
92061
92063
92068
92078
92094
92111
92119
92120
92127
92159
92174
92238
92247
92278
92292
92298
92349
92354
92355
92362
92419
92462
92466
92480
92481
92487
92493
92499
92507
92508
92514
92515
92525
92535
92552
92553
92561
92568
92571
92587
92589
92601
92605
92606
92625
92637
92638
92639
92640
92643
92646
92649
92654
92655
92670
92683
92686
92698
92703
92704
92716
92717
92726
92731
92762
92767
92778
92790
92791
92801
92807
92812
92817
92829
92834
92837
92863
92867
92869
92872
92878
92884
92885
92887
92896
92897
92903
92906
92909
92927
92933
92965
92969
92978
93011
93012
93043
93048
93056
93057
93071
93079
93086
93101
93111
93135
93150
93153
93155
93166
93211
93262
93276
93291
93302
93305
93325
93336
93337
93363
93377
93390
93401
93407
93410
93416
93425
93436
93446
93449
93454
93466
93473
93481
93494
93500
93506
93507
93521
93525
93543
93547
93552
93558
93560
93568
93580
93590
93592
93596
93602
93608
93611
93614
93622
93623
93631
93633
93634
93639
93641
93645
93647
93648
93650
93653
93657
93670
93671
93679
93681
93687
93688
93689
93690
93693
93700
93705
93708
93711
93712
93715
93716
93718
93721
93726
93731
93738
93739
93741
93743
93746
93747
93750
93764
93767
93770
93774
93775
93776
93777
93778
93784
93785
93787
93788
93790
93796
93797
93802
93803
93804
93805
93816
93825
93829
93834
93843
93844
93853
93854
93856
93858
93860
93861
93862
93866
93869
93875
93876
93886
93887
93904
93905
93908
93909
93914
93918
93922
93927
93936
93938
93942
93947
93952
93959
93970
93972
93985
93990
93993
93997
94008
94010
94012
94020
94023
94026
94035
94040
94043
94044
94051
94059
94060
94069
94076
94077
94082
94083
94089
94101
94102
94109
94114
94116
94127
94131
94134
94143
94144
94146
94149
94153
94155
94159
94165
94166
94168
94169
94174
94179
94194
94195
94197
94198
94202
94204
94205
94207
94212
94215
94232
94241
94249
94253
94259
94260
94269
94278
94279
94283
94284
94287
94291
94300
94302
94307
94310
94313
94317
94319
94323
94336
94338
94344
94355
94356
94359
94360
94362
94363
94364
94370
94372
94380
94382
94389
94398
94407
94408
94412
94415
94416
94422
94423
94428
94435
94442
94460
94466
94470
94474
94477
94484
94499
94500
94506
94518
94520
94524
94526
94535
94540
94544
94546
94548
94549
94550
94554
94557
94558
94559
94560
94563
94564
94566
94568
94569
94574
94575
94580
94583
94585
94588
94589
94599
94603
94607
94610
94613
94621
94623
94626
94630
94635
94643
94645
94650
94652
94653
94664
94666
94670
94671
94679
94681
94690
94691
94694
94697
94700
94710
94723
94727
94729
94736
94741
94742
94745
94747
94749
94758
94772
94776
94778
94784
94791
94795
94798
94803
94806
94810
94818
94821
94837
94840
94866
94876
94888
94890
94893
94894
94895
94896
94913
94921
94924
94940
94943
94954
94955
94956
94976
94979
94987
94992
94993
95003
95006
95008
95013
95014
95015
95017
95019
95021
95023
95026
95029
95030
95032
95036
95040
95041
95043
95045
95048
95049
95050
95051
95057
95058
95059
95060
95067
95069
95071
95080
95084
95086
95087
95093
95094
95099
95123
95125
95128
95129
95146
95148
95158
95159
95161
95163
95164
95168
95169
95172
95174
95184
95185
95188
95195
95201
95203
95210
95212
95213
95216
95217
95221
95222
95224
95231
95241
95242
95252
95260
95267
95268
95270
95272
95275
95276
95278
95279
95281
95282
95289
95290
95291
95302
95307
95308
95309
95310
95315
95316
95317
95318
95319
95321
95322
95323
95324
95326
95327
95328
95329
95334
95335
95337
95339
95341
95343
95345
95347
95349
95350
95351
95355
95358
95360
95364
95368
95377
95379
95380
95383
95384
95385
95386
95388
95389
95391
95396
95400
95402
95404
95405
95408
95409
95412
95413
95419
95420
95421
95423
95424
95426
95427
95428
95435
95437
95438
95440
95446
95449
95452
95455
95456
95457
95461
95462
95464
95476
95480
95483
95485
95486
95488
95490
95502
95506
95507
95514
95516
95520
95522
95525
95534
95535
95539
95542
95543
95545
95550
95557
95561
95567
95568
95570
95574
95575
95577
95580
95581
95582
95583
95585
95586
95588
95593
95595
95596
95601
95605
95606
95611
95614
95615
95621
95622
95625
95627
95628
95630
95632
95636
95639
95642
95650
95652
95653
95654
95655
95656
95657
95658
95659
95660
95664
95665
95668
95672
95676
95677
95682
95687
95688
95690
95696
95701
95702
95710
95713
95722
95728
95732
95735
95745
95748
95750
95754
95760
95763
95765
95768
95772
95780
95785
95787
95793
95795
95796
95797
95800
95805
95808
95811
95818
95820
95821
95822
95825
95832
95834
95842
95846
95847
95849
95865
95869
95871
95872
95875
95876
95878
95879
95880
95885
95886
95889
95890
95895
95900
95901
95902
95903
95904
95905
95908
95913
95914
95915
95917
95918
95922
95923
95925
95929
95932
95942
95946
95949
95960
95963
95965
95968
95969
95972
95979
95980
95982
95993
95996
95999
96014
96019
96022
96023
96029
96033
96035
96036
96037
96040
96046
96047
96055
96060
96061
96066
96070
96071
96075
96077
96079
96082
96083
96089
96092
96097
96098
96102
96105
96110
96119
96120
96121
96122
96126
96127
96135
96139
96140
96144
96150
96156
96157
96160
96163
96164
96169
96170
96173
96175
96183
96185
96188
96189
96194
96199
96211
96213
96219
96220
96223
96226
96233
96234
96236
96238
96239
96242
96243
96251
96253
96258
96269
96270
96272
96277
96278
96280
96281
96284
96286
96288
96289
96290
96292
96294
96296
96297
96298
96301
96303
96309
96310
96312
96313
96315
96320
96324
96326
96331
96334
96345
96347
96351
96352
96362
96366
96368
96378
96382
96385
96387
96389
96393
96394
96397
96398
96403
96416
96423
96424
96426
96430
96433
96447
96449
96450
96451
96457
96460
96461
96462
96467
96469
96471
96478
96479
96482
96488
96494
96498
96502
96505
96511
96513
96520
96521
96524
96532
96533
96540
96542
96547
96548
96550
96551
96556
96557
96558
96560
96566
96570
96572
96575
96578
96579
96580
96581
96586
96590
96608
96615
96621
96622
96625
96629
96632
96633
96636
96637
96639
96645
96646
96654
96666
96673
96674
96675
96680
96682
96683
96687
96693
96695
96696
96702
96706
96713
96717
96719
96721
96725
96731
96732
96739
96740
96741
96750
96753
96754
96766
96770
96771
96772
96773
96777
96780
96781
96782
96783
96785
96786
96788
96797
96806
96812
96814
96816
96821
96828
96829
96830
96831
96832
96842
96843
96844
96845
96851
96853
96854
96860
96861
96862
96864
96866
96874
96875
96876
96880
96884
96889
96893
96895
96898
96900
96908
96909
96913
96917
96918
96919
96926
96929
96930
96931
96932
96934
96935
96942
96944
96948
96949
96952
96955
96958
96964
96965
96968
96971
96973
96983
96994
96999
97000
97001
97007
97009
97010
97013
97014
97017
97021
97022
97023
97024
97025
97028
97030
97032
97033
97036
97039
97040
97041
97042
97043
97044
97048
97051
97053
97056
97058
97059
97065
97074
97075
97076
97078
97080
97081
97083
97085
97089
97090
97097
97098
97101
97102
97105
97109
97111
97115
97116
97119
97124
97128
97132
97134
97137
97138
97146
97149
97152
97157
97163
97164
97165
97167
97170
97171
97174
97176
97179
97183
97185
97187
97189
97190
97192
97196
97199
97210
97211
97213
97215
97221
97232
97236
97237
97238
97239
97242
97248
97251
97254
97255
97257
97260
97261
97267
97269
97271
97272
97279
97280
97282
97285
97287
97289
97291
97294
97298
97301
97307
97308
97311
97313
97314
97316
97324
97325
97329
97331
97332
97333
97338
97340
97345
97346
97356
97362
97365
97371
97373
97374
97375
97377
97380
97381
97391
97392
97393
97394
97415
97416
97424
97430
97433
97442
97445
97453
97454
97458
97462
97463
97465
97467
97469
97470
97471
97472
97473
97481
97484
97490
97499
97501
97504
97507
97508
97511
97518
97522
97524
97525
97545
97549
97553
97558
97568
97580
97583
97607
97615
97616
97620
97622
97623
97625
97626
97630
97637
97644
97648
97657
97665
97669
97676
97683
97684
97706
97710
97718
97723
97738
97750
97751
97753
97758
97766
97771
97778
97787
97793
97796
97805
97809
97811
97819
97840
97848
97853
97865
97868
97872
97878
97880
97894
97898
97900
97901
97902
97905
97910
97912
97914
97920
97924
97936
97939
97940
97951
97954
97962
97963
97965
97966
97970
97980
97984
97992
98000
98003
98013
98019
98020
98025
98040
98041
98051
98052
98057
98062
98069
98079
98082
98091
98096
98103
98110
98112
98114
98122
98126
98128
98134
98137
98138
98146
98149
98151
98155
98162
98163
98164
98170
98172
98183
98185
98194
98197
98201
98205
98206
98207
98233
98237
98240
98241
98247
98252
98254
98266
98268
98284
98291
98295
98306
98310
98311
98312
98320
98322
98327
98329
98337
98345
98350
98355
98358
98361
98362
98371
98373
98374
98384
98385
98391
98392
98400
98414
98415
98417
98429
98430
98435
98436
98437
98441
98444
98445
98451
98452
98468
98475
98479
98485
98488
98491
98492
98494
98495
98496
98503
98504
98511
98514
98519
98528
98531
98532
98534
98541
98544
98557
98559
98560
98564
98576
98580
98584
98586
98587
98588
98590
98594
98597
98601
98604
98608
98612
98615
98620
98621
98625
98637
98643
98644
98645
98651
98653
98655
98666
98667
98675
98676
98686
98687
98690
98695
98697
98702
98703
98705
98707
98709
98715
98716
98720
98725
98731
98745
98752
98753
98756
98761
98763
98768
98780
98784
98787
98788
98792
98793
98794
98797
98798
98799
98800
98804
98806
98809
98815
98817
98818
98823
98832
98833
98840
98842
98855
98859
98860
98866
98871
98877
98878
98882
98888
98898
98899
98905
98906
98908
98912
98916
98919
98923
98925
98935
98938
98939
98940
98942
98945
98947
98950
98952
98953
98956
98957
98960
98961
98962
98970
98971
98974
98979
98981
98982
98983
98986
98989
98991
98993
98997
98999
99000
99002
99005
99006
99007
99016
99017
99020
99023
99026
99028
99031
99033
99037
99039
99040
99041
99052
99054
99062
99071
99074
99075
99076
99077
99081
99085
99092
99093
99094
99096
99101
99102
99103
99104
99106
99107
99108
99110
99112
99114
99115
99116
99117
99120
99121
99124
99125
99132
99135
99136
99138
99141
99142
99146
99153
99154
99155
99160
99162
99165
99168
99186
99207
99208
99210
99214
99215
99224
99228
99230
99240
99241
99245
99257
99258
99261
99263
99268
99270
99271
99274
99276
99280
99284
99288
99313
99325
99335
99344
99356
99369
99389
99395
99414
99422
99429
99443
99449
99456
99458
99459
99467
99478
99483
99484
99490
99506
99509
99521
99523
99569
99570
99571
99576
99588
99592
99616
99621
99633
99649
99653
99657
99662
99663
99682
99683
99720
99725
99731
99740
99743
99746
99747
99749
99750
99753
99754
99756
99758
99772
99774
99775
99776
99778
99779
99781
99782
99784
99798
99800
99803
99804
99808
99814
99821
99832
99833
99837
99844
99846
99847
99851
99852
99853
99855
99858
99860
99861
99862
99866
99869
99870
99871
99872
99874
99877
99885
99886
99890
99894
99897
99899
99900
99902
99904
99905
99906
99910
99911
99914
99916
99917
99918
99919
99926
99927
99928
99934
99942
99945
99946
99949
99951
99960
99966
99968
99974
100005
100007
100010
100014
100015
100024
100041
100045
100056
100064
100065
100070
100076
100079
100080
100081
100090
100093
100094
100095
100098
100100
100103
100108
100112
100116
100119
100126
100133
100138
100141
100143
100149
100150
100152
100156
100158
100163
100167
100169
100170
100171
100176
100178
100179
100182
100187
100190
100192
100200
100208
100211
100215
100217
100220
100227
100250
100252
100255
100265
100277
100288
100293
100298
100301
100304
100313
100321
100326
100329
100330
100335
100342
100348
100350
100354
100362
100367
100372
100377
100381
100382
100388
100390
100398
100401
100403
100408
100409
100412
100416
100418
100420
100421
100428
100430
100431
100432
100434
100435
100439
100441
100444
100448
100452
100453
100458
100460
100463
100473
100478
100479
100488
100489
100490
100494
100495
100498
100499
100500
100502
100520
100525
100532
100540
100541
100556
100557
100560
100571
100574
100579
100585
100588
100589
100590
100594
100595
100596
100598
100599
100602
100604
100606
100613
100615
100616
100621
100622
100625
100634
100639
100640
100641
100642
100643
100644
100654
100665
100675
100686
100696
100699
100716
100717
100721
100723
100729
100736
100740
100748
100753
100760
100766
100767
100768
100772
100777
100782
100788
100794
100798
100799
100801
100803
100809
100811
100816
100819
100822
100825
100826
100847
100853
100856
100857
100859
100860
100863
100866
100868
100870
100876
100879
100883
100893
100894
100900
100902
100924
100925
100943
100970
100990
101003
101007
101014
101018
101054
101061
101073
101098
101099
101103
101129
101136
101157
101159
101160
101162
101170
101192
101210
101211
101227
101229
101235
101236
101242
101258
101263
101271
101272
101278
101317
101328
101353
101382
101383
101406
101418
101437
101445
101454
101466
101467
101471
101472
101474
101484
101493
101495
101496
101506
101507
101509
101523
101527
101528
101529
101531
101532
101534
101535
101540
101559
101562
101572
101582
101593
101611
101613
101630
101633
101634
101656
101665
101670
101678
101682
101686
101700
101707
101711
101719
101725
101734
101735
101736
101740
101746
101748
101755
101756
101758
101761
101768
101787
101826
101834
101839
101840
101841
101842
101843
101846
101847
101848
101851
101853
101856
101858
101861
101867
101868
101878
101881
101883
101886
101893
101894
101895
101898
101899
101904
101907
101908
101912
101913
101915
101918
101919
101922
101925
101926
101927
101929
101930
101933
101934
101937
101945
101954
101956
101958
101962
101973
101974
101976
101977
101979
101980
101981
101983
101984
101985
101989
101997
102000
102001
102007
102008
102017
102021
102022
102023
102025
102035
102036
102037
102040
102042
102044
102049
102050
102056
102059
102060
102065
102067
102068
102071
102073
102074
102077
102081
102083
102092
102093
102094
102095
102099
102114
102115
102116
102122
102123
102125
102129
102132
102133
102134
102135
102138
102142
102147
102151
102153
102155
102158
102163
102170
102172
102174
102175
102180
102181
102182
102184
102185
102186
102187
102190
102191
102192
102193
102197
102199
102204
102206
102207
102210
102211
102212
102215
102216
102222
102224
102231
102237
102243
102244
102247
102255
102262
102265
102273
102275
102277
102281
102282
102283
102286
102289
102290
102294
102296
102298
102299
102300
102301
102306
102307
102314
102315
102318
102321
102326
102330
102331
102332
102336
102344
102346
102356
102359
102360
102361
102362
102363
102365
102369
102370
102378
102379
102383
102385
102395
102403
102410
102418
102419
102423
102424
102428
102433
102434
102441
102443
102445
102453
102466
102473
102483
102486
102504
102507
102508
102510
102513
102527
102533
102536
102538
102541
102546
102552
102554
102564
102567
102568
102574
102578
102582
102587
102591
102593
102594
102601
102604
102607
102610
102630
102631
102641
102642
102644
102658
102659
102662
102664
102665
102667
102668
102669
102676
102682
102683
102689
102692
102700
102702
102710
102716
102724
102726
102727
102728
102730
102731
102734
102735
102736
102747
102749
102754
102757
102764
102767
102770
102773
102778
102803
102808
102809
102816
102817
102848
102856
102871
102872
102891
102894
102897
102898
102900
102922
102928
102931
102944
102945
102954
102967
102970
102985
102990
102996
102997
103004
103008
103023
103028
103035
103039
103071
103095
103101
103107
103110
103111
103112
103113
103115
103116
103117
103123
103132
103133
103134
103142
103144
103145
103148
103153
103158
103171
103173
103176
103178
103179
103189
103196
103198
103205
103211
103219
103221
103225
103230
103234
103239
103244
103249
103258
103259
103263
103270
103272
103281
103286
103290
103294
103298
103301
103308
103311
103317
103318
103337
103338
103339
103340
103341
103344
103346
103348
103358
103361
103363
103364
103367
103379
103381
103383
103387
103392
103407
103410
103414
103420
103423
103433
103435
103447
103453
103461
103463
103483
103486
103487
103500
103509
103522
103524
103528
103530
103531
103535
103537
103545
103553
103554
103577
103578
103579
103581
103586
103590
103591
103594
103596
103600
103601
103603
103604
103619
103623
103625
103631
103640
103646
103648
103652
103653
103662
103665
103667
103682
103692
103694
103703
103705
103706
103709
103715
103721
103728
103732
103736
103737
103749
103763
103773
103797
103798
103817
103818
103835
103836
103849
103853
103855
103858
103865
103869
103874
103878
103879
103880
103882
103885
103889
103893
103899
103906
103918
103921
103923
103931
103935
103943
103954
103964
103969
103992
104022
104027
104030
104033
104037
104045
104048
104049
104052
104056
104057
104060
104062
104065
104066
104067
104068
104071
104072
104073
104079
104083
104087
104093
104100
104104
104110
104113
104114
104115
104117
104121
104126
104127
104128
104135
104136
104138
104140
104141
104145
104155
104159
104161
104163
104169
104170
104174
104184
104185
104186
104187
104188
104198
104212
104214
104226
104228
104231
104243
104247
104248
104252
104255
104257
104258
104266
104272
104278
104279
104281
104282
104290
104291
104293
104294
104296
104300
104302
104303
104306
104310
104311
104314
104315
104317
104319
104320
104322
104323
104325
104327
104328
104330
104331
104333
104334
104335
104336
104337
104338
104339
104341
104343
104344
104346
104348
104351
104357
104358
104360
104367
104368
104370
104375
104377
104379
104382
104384
104386
104390
104394
104401
104402
104403
104407
104408
104409
104410
104411
104416
104419
104420
104422
104424
104425
104426
104431
104433
104434
104439
104442
104445
104449
104451
104452
104453
104467
104470
104479
104480
104481
104482
104487
104490
104492
104496
104503
104508
104520
104523
104525
104528
104537
104539
104542
104544
104549
104550
104555
104556
104558
104564
104570
104571
104576
104579
104581
104582
104585
104586
104593
104594
104595
104599
104600
104603
104606
104609
104610
104612
104613
104614
104621
104624
104625
104627
104629
104630
104636
104638
104643
104645
104649
104658
104660
104667
104671
104672
104673
104681
104682
104684
104689
104694
104695
104696
104697
104707
104717
104722
104728
104732
104736
104738
104739
104745
104748
104749
104754
104755
104759
104762
104765
104769
104770
104778
104780
104782
104785
104792
104800
104808
104809
104810
104817
104820
104831
104832
104833
104836
104841
104842
104845
104846
104849
104856
104862
104867
104868
104871
104876
104877
104878
104881
104882
104886
104887
104888
104890
104892
104894
104896
104897
104898
104900
104902
104903
104904
104909
104912
104921
104922
104927
104929
104934
104939
104941
104942
104943
104946
104958
104959
104961
104962
104965
104967
104974
104980
104982
104990
104991
104994
104997
104998
105000
105065
105066
105069
105074
105080
105081
105089
105096
105099
105103
105119
105123
105133
105150
105155
105156
105157
105159
105176
105205
105239
105246
105300
105305
105327
105339
105340
105354
105375
105387
105393
105399
105400
105448
105453
105485
105506
105533
105542
105598
105613
105620
105677
105693
105715
105738
105753
105766
105768
105823
105824
105846
105907
105913
105940
105945
105972
105979
105998
106009
106013
106027
106028
106052
106060
106061
106062
106133
106141
106158
106171
106190
106213
106226
106259
106280
106357
106401
106420
106495
106523
106527
106546
106571
106630
106656
106692
106726
106732
106748
106756
106800
106824
106852
106867
106888
106902
106906
106909
106924
106933
106934
106958
106971
106978
107004
107005
107016
107017
107023
107024
107032
107040
107068
107090
107101
107103
107104
107125
107150
107153
107180
107210
107211
107219
107237
107255
107269
107290
107301
107356
107384
107385
107395
107398
107409
107463
107464
107516
107522
107570
107601
107623
107627
107628
107645
107787
107823
107825
107834
107851
107852
107872
107899
107938
107942
107945
107946
107963
108001
108024
108042
108053
108085
108119
108121
108197
108249
108280
108305
108310
108360
108362
108373
108383
108420
108423
108441
108483
108500
108559
108561
108606
108727
108779
108799
108864
108892
108898
108911
109009
109010
109096
109192
109218
109223
109225
109235
109270
109272
109286
109301
109308
109310
109321
109327
109334
109359
109382
109384
109400
109424
109425
109429
109442
109443
109450
109456
109460
109484
109496
109505
109518
109531
109548
109569
109573
109583
109589
109607
109624
109626
109627
109648
109673
109677
109689
109693
109713
109723
109729
109732
109744
109763
109778
109792
109812
109838
109846
109864
109893
109900
109909
109910
109944
109954
109970
109975
109986
110003
110005
110007
110023
110032
110035
110044
110056
110058
110067
110069
110073
110078
110096
110109
110113
110130
110135
110137
110138
110154
110156
110168
110200
110221
110320
110340
110447
110448
110470
110525
110548
110550
110553
110570
110597
110614
110696
110750
110765
110769
110809
110840
110869
110870
110893
110928
110940
110941
110955
111054
111138
111162
111176
111228
111251
111276
111301
111335
111412
111437
111498
111555
111582
111620
111650
111684
111751
111769
111782
111783
111795
111851
111927
111954
111955
112049
112058
112427
112429
112440
112454
112592
112598
112622
112694
112789
112812
112816
112849
112857
113147
113190
113214
113215
113229
113237
113625
113630
113702
113790
113986
114202
114244
114326
114736
114747
114824
114873
114944
114968
115006
115007
115042
115079
115080
115274
115277
115296
115370
115386
115433
115726
115760
115938
116046
116093
116277
116295
116303
116308
116339
116437
116440
116493
116580
116585
116634
116645
116671
116678
116829
116849
116960
116990
116991
117048
117049
117050
117076
117120
117162
117211
117326
117370
117510
117567
117572
117679
117682
117723
117773
117786
117871
117880
117881
117932
117942
118004
118164
118228
118302
118428
118441
118603
118659
118674
118825
119019
119059
119568
119681
119942
119976
120080
120205
120263
120408
120677
120678
120705
120739
120826
120945
120987
120996
121058
121063
121075
121125
121134
121347
121410
121419
121423
121424
121434
121448
121450
121452
121453
121454
121463
121471
121473
121476
121478
121487
121494
121496
121502
121510
121511
121518
121528
121531
121538
121567
121575
121607
121608
121616
121642
121650
121671
121691
121705
121708
121714
121725
121737
121753
121754
121758
121771
121840
121850
121866
121874
121885
121886
121905
121908
121917
121923
121935
121946
121947
121960
121974
121980
121984
122001
122016
122022
122038
122039
122050
122051
122070
122086
122089
122094
122101
122105
122111
122117
122129
122130
122155
122168
122196
122203
122215
122226
122237
122239
122244
122255
122268
122272
122277
122280
122292
122316
122337
122338
122352
122356
122359
122367
122386
122388
122395
122420
122432
122434
122446
122449
122452
122459
122463
122467
122474
122500
122501
122504
122506
122516
122526
122529
122535
122536
122546
122547
122552
122556
122557
122559
122567
122570
122588
122593
122600
122603
122604
122611
122612
122614
122624
122632
122636
122642
122648
122649
122668
122671
122690
122693
122698
122701
122717
122719
122746
122751
122752
122755
122771
122772
122780
122781
122783
122817
122831
122833
122841
122846
122847
122860
122886
122887
122896
122898
122901
122916
122917
122918
122919
122924
122930
122932
122934
122948
122960
122962
122966
122967
122971
122975
122976
122978
122987
122990
122992
123012
123014
123017
123023
123025
123028
123056
123061
123066
123067
123074
123076
123078
123083
123091
123094
123095
123100
123105
123108
123110
123112
123118
123131
123143
123150
123161
123168
123169
123183
123185
123186
123198
123202
123215
123220
123271
123277
123278
123281
123284
123285
123291
123294
123295
123300
123313
123319
123326
123327
123355
123393
123394
123405
123420
123428
123430
123436
123442
123445
123451
123464
123467
123486
123487
123497
123510
123518
123533
123535
123543
123558
123569
123571
123583
123655
123658
123663
123684
123695
123704
123706
123710
123719
123720
123731
123735
123736
123740
123752
123754
123755
123757
123759
123775
123778
123782
123786
123787
123813
123818
123827
123828
123834
123858
123872
123881
123882
123888
123920
123924
123926
123927
123936
123939
123973
123976
123978
123985
124001
124009
124010
124035
124054
124065
124068
124069
124079
124080
124081
124089
124090
124101
124103
124118
124135
124136
124139
124147
124155
124159
124160
124169
124174
124179
124180
124186
124188
124191
124195
124214
124215
124221
124231
124238
124247
124250
124256
124258
124269
124286
124294
124295
124304
124315
124317
124318
124334
124339
124340
124356
124359
124362
124368
124370
124384
124385
124404
124408
124422
124433
124438
124446
124447
124461
124462
124475
124481
124485
124488
124493
124494
124499
124500
124509
124556
124564
124565
124582
124587
124595
124599
124601
124604
124615
124620
124648
124649
124678
124693
124694
124723
124742
124750
124759
124761
124767
124771
124772
124780
124782
124794
124823
124831
124832
124833
124834
124839
124850
124852
124857
124886
124889
124893
124897
124904
124905
124906
124928
124941
124949
124970
124977
124978
124980
124982
125007
125011
125014
125043
125044
125050
125092
125100
125101
125102
125107
125113
125114
125116
125122
125125
125130
125131
125153
125169
125192
125197
125203
125213
125218
125221
125222
125225
125245
125251
125268
125270
125285
125287
125292
125295
125299
125321
125327
125333
125335
125343
125344
125356
125361
125370
125379
125382
125393
125403
125411
125412
125417
125426
125428
125438
125448
125460
125462
125471
125478
125494
125497
125507
125511
125533
125534
125545
125555
125563
125564
125565
125580
125588
125591
125615
125672
125679
125689
125693
125700
125705
125733
125763
125786
125814
125846
125852
125864
125871
125879
125919
125922
125923
125940
125952
125954
125966
125981
125988
125997
126010
126011
126020
126023
126031
126040
126046
126051
126052
126061
126100
126101
126126
126133
126141
126153
126167
126183
126220
126224
126230
126255
126260
126267
126289
126293
126298
126331
126332
126333
126341
126363
126367
126401
126412
126430
126486
126489
126506
126527
126540
126541
126558
126563
126564
126617
126628
126629
126642
126669
126670
126682
126708
126710
126745
126746
126782
126806
126808
126813
126835
126857
126868
126878
126888
126910
126921
126939
126945
126949
126974
126983
126994
126995
127020
127032
127033
127059
127079
127089
127091
127121
127136
127137
127138
127139
127156
127163
127168
127179
127193
127214
127240
127246
127252
127263
127266
127272
127273
127303
127311
127360
127364
127392
127410
127444
127460
127470
127492
127522
127523
127539
127549
127552
127556
127578
127579
127580
127582
127590
127594
127595
127605
127606
127613
127644
127648
127686
127724
127725
127736
127741
127745
127748
127759
127779
127784
127799
127809
127827
127829
127921
127947
127948
127973
127974
127988
127997
128002
128024
128025
128040
128050
128076
128084
128099
128103
128126
128147
128148
128158
128176
128195
128199
128202
128207
128209
128211
128216
128225
128232
128233
128234
128236
128242
128254
128259
128261
128271
128275
128311
128313
128316
128322
128337
128344
128356
128357
128375
128382
128383
128393
128397
128398
128399
128402
128403
128404
128406
128421
128441
128455
128478
128482
128483
128497
128502
128512
128528
128529
128544
128558
128559
128565
128568
128575
128591
128601
128603
128617
128632
128639
128649
128673
128675
128685
128699
128720
128737
128753
128755
128759
128761
128769
128794
128816
128824
128826
128827
128841
128844
128867
128875
128876
128907
128908
128913
128930
128937
128949
128968
128982
128983
128984
129015
129030
129045
129055
129085
129094
129120
129134
129137
129139
129145
129147
129152
129155
129168
129184
129196
129238
129240
129245
129249
129265
129266
129275
129298
129304
129307
129334
129344
129363
129383
129384
129398
129413
129428
129455
129458
129460
129466
129490
129492
129494
129495
129496
129498
129500
129501
129506
129513
129523
129552
129559
129563
129574
129580
129592
129593
129610
129622
129626
129656
129665
129678
129717
129726
129731
129743
129764
129767
129779
129781
129798
129823
129826
129829
129847
129851
129856
129864
129869
129883
129891
129895
129900
129913
129937
129949
129957
129960
129964
129968
129969
129978
129979
129984
129993
130003
130068
130101
130148
130149
130154
130155
130174
130182
130189
130208
130210
130229
130233
130248
130251
130254
130255
130257
130262
130265
130269
130270
130283
130289
130290
130294
130310
130311
130335
130337
130353
130354
130355
130360
130364
130370
130371
130393
130395
130396
130397
130400
130401
130402
130406
130427
130465
130481
130489
130495
130508
130510
130515
130537
130539
130540
130541
130542
130549
130551
130555
130581
130599
130610
130616
130625
130626
130639
130640
130641
130652
130691
130700
130701
130703
130716
130718
130730
130760
130793
130800
130816
130818
130827
130840
130845
130847
130855
130871
130875
130877
130883
130896
130898
130906
130908
130916
130947
130966
131017
131037
131044
131045
131059
131067
131069
131084
131085
131089
131097
131098
131099
131101
131113
131122
131133
131142
131151
131185
131209
131222
131223
131225
131242
131250
131251
131256
131258
131265
131267
131288
131297
131298
131306
131314
131315
131326
131334
131366
131369
131370
131410
131431
131487
131496
131499
131503
131529
131535
131579
131580
131596
131597
131606
131629
131644
131658
131671
131677
131685
131714
131781
131808
131863
131891
131898
131935
131940
131942
131948
131961
131968
131969
131980
131989
131990
131992
131993
131997
131998
132000
132017
132029
132030
132032
132054
132057
132063
132074
132077
132083
132085
132086
132090
132091
132093
132107
132110
132116
132120
132127
132131
132145
132149
132161
132174
132182
132200
132211
132218
132222
132227
132231
132233
132239
132243
132246
132247
132255
132256
132259
132269
132274
132285
132289
132292
132298
132307
132309
132310
132347
132362
132364
132373
132393
132465
132469
132481
132486
132489
132499
132507
132533
132535
132537
132540
132550
132552
132556
132573
132597
132602
132620
132621
132633
132642
132645
132650
132652
132680
132695
132710
132713
132719
132720
132722
132726
132738
132757
132793
132794
132803
132804
132817
132823
132825
132830
132839
132848
132889
132906
132907
132910
132917
132918
132919
132927
132937
132949
132961
132967
132974
132979
132984
132990
132995
132997
133003
133006
133008
133013
133016
133026
133056
133058
133069
133072
133078
133096
133106
133123
133130
133149
133160
133164
133171
133180
133183
133189
133192
133211
133214
133216
133222
133226
133229
133233
133248
133250
133251
133252
133260
133261
133269
133276
133284
133285
133286
133290
133298
133337
133343
133344
133348
133351
133362
133374
133381
133400
133453
133475
133478
133486
133522
133525
133527
133539
133540
133542
133548
133568
133569
133571
133572
133577
133581
133586
133596
133641
133643
133666
133671
133683
133709
133723
133724
133725
133743
133752
133765
133767
133804
133812
133829
133831
133841
133862
133863
133879
133892
133896
133915
133958
133972
133980
134016
134042
134059
134066
134074
134095
134114
134121
134129
134132
134139
134162
134197
134225
134236
134249
134255
134286
134289
134304
134305
134339
134352
134386
134411
134412
134413
134422
134425
134428
134429
134452
134497
134515
134521
134532
134537
134538
134539
134569
134591
134613
134622
134623
134631
134641
134647
134737
134771
134779
134791
134807
134825
134832
134858
134911
134929
134930
134931
134940
134945
135121
135143
135161
135205
135206
135285
135296
135319
135355
135434
135445
135452
135470
135480
135492
135522
135523
135538
135558
135575
135585
135598
135749
135765
135868
135904
135906
135946
135975
135986
136002
136013
136082
136195
136224
136310
136368
136380
136393
136397
136410
136425
136433
136455
136468
136476
136501
136510
136523
136539
136583
136683
136714
136794
136867
136877
136878
136910
136927
136972
137019
137021
137055
137077
137100
137114
137147
137167
137203
137205
137225
137247
137289
137297
137302
137307
137339
137353
137354
137363
137383
137385
137396
137433
137481
137635
137722
137744
137759
137888
138144
138195
138198
138208
138263
138357
138405
138414
138438
138455
138507
138563
138582
138766
138811
138904
138986
139008
139023
139078
139118
139181
139245
139271
139957
139958
140184
140243
140312
140334
140359
140363
140520
140570
140590
140596
140605
140659
140715
140716
140773
140806
140879
140890
140931
140937
146752
146774
146802
146803
146832
146856
146857
146903
146909
146932
146933
147056
147124
147147
147149
147200
147201
147248
147261
147262
147263
147290
147298
147318
147333
147342
147348
147355
147367
147368
147385
147396
147397
147467
147526
147535
147553
147561
147569
147579
147591
147601
147622
147657
147667
147707
147733
147734
147746
147751
147802
147804
147860
147950
147963
147983
148043
148044
148054
148236
148316
148343
148371
148428
148517
148542
148610
148617
148631
148670
148676
148679
148702
148707
148718
148740
148741
148793
148814
148821
148842
148845
148900
148925
149020
149043
149045
149082
149107
149109
149135
149157
149213
149237
149238
149266
149300
149320
149340
149366
149384
149392
149421
149454
149455
149464
149469
149501
149532
149547
149564
149566
149579
149584
149600
149668
149701
149708
149732
149747
149748
149780
149875
149888
149897
149907
149909
149911
149921
149922
149923
149975
150020
150030
150043
150057
150058
150147
150162
150188
150189
150190
150214
150268
150286
150287
150289
150310
150311
150328
150354
150373
150374
150397
150401
150402
150403
150460
151051
151081
151089
151107
151130
151148
151169
151182
151226
151248
151269
151294
151314
151329
151370
151379
151398
151414
151437
151442
151452
151453
151606
151612
151615
151633
151634
151670
151686
151693
151802
151844
151872
151943
151965
151990
151996
152037
152066
152096
152201
152233
152299
152348
152506
152544
152555
152566
152576
152595
152640
152679
152682
152696
152706
152734
152790
152805
152888
152932
153020
153052
153086
153107
153110
153121
153143
153151
153152
153170
153183
153203
153223
153316
153477
153510
153519
153592
153631
153647
153681
153725
153727
153855
153878
153879
153892
153934
153970
153976
154001
154024
154071
154091
154097
154234
154235
154262
154285
154287
154323
154341
154342
154447
154488
154547
154577
154584
