140806
140773
140715
140659
140590
140570
140520
140363
140184
139958
139957
139271
139078
139023
139008
138582
138563
138507
138455
138405
138208
138195
137888
137759
137744
137433
137396
137363
137339
137302
137247
137203
137167
137147
137100
137077
137021
137019
136972
136910
136878
136877
136867
136794
136714
136683
136583
136539
136501
136476
136468
136433
136425
136410
136397
136393
136310
136224
136082
136013
136002
135946
135906
135904
135765
135598
135523
135480
135445
135319
135285
135206
135161
135143
135121
134945
134940
134931
134929
134858
134832
134779
134737
134641
134622
134613
134569
134539
134538
134537
134532
134521
134515
134452
134429
134428
134425
134422
134412
134411
134352
134304
134286
134249
134236
134225
134139
134132
134129
134114
134095
134074
134066
133980
133972
133892
133863
133862
133841
133831
133829
133812
133804
133767
133765
133752
133743
133725
133724
133723
133709
133683
133671
133666
133643
133641
133596
133586
133581
133577
133572
133571
133569
133548
133542
133540
133539
133527
133525
133522
133486
133475
133400
133374
133362
133351
133348
133343
133337
133290
133284
133276
133269
133261
133260
133251
133250
133248
133233
133226
133183
133180
133149
133130
133123
133106
133096
133078
132995
132990
132979
132967
132937
132927
132919
132918
132917
132848
132830
132794
132738
132726
132680
132652
132645
132621
132602
132597
132537
132535
132489
132486
132481
132364
132362
132285
132274
132269
132259
132243
132233
132211
132182
132145
132093
132074
132030
131993
131992
131942
131781
131677
131658
131133
130908
130906
130883
130877
130840
130827
130760
130640
130639
130626
130625
130616
130510
130495
130481
130397
130353
130337
130283
130251
130233
130210
130149
130101
130068
129764
129495
129398
129307
129266
129265
129238
129184
129155
129145
129139
129045
128844
128827
128755
128737
128632
128575
128497
128404
128357
128337
128259
128207
128176
128147
128076
128040
127759
127725
127724
29290
127605
127595
127594
127556
127523
127311
127193
28833
127136
28719
127032
127020
28515
28233
27942
27744
125919
125879
125852
125693
125689
125580
125327
124833
25622
123858
123706
123186
24835
24761
24744
24664
19634
19549
19469
19325
18756
17716
15498
14614
14383
13930
13832
13746
13713
13495
13289
12279
12270
12232
12191
12161
12079
12023
11966
11962
11957
11925
11897
11847
11484
11202
11176
9953
9790
8589
7984
7617
7432
5928
5716
5684
5571
5491
5480
5396
5329
5302
5219
4672
4450
4342
4327
4191
4175
4098
3700
3555
3312
3302
3200
3167
3106
3069
3011
2860
2856
2854
2577
2390
2379
2075
2041
2037
1929
1910
1773
1675
1607
99847
99846
1500
1395
1340
1320
1310
1282
1118
1109
535
430
187
97615
97445
97146
97124
97109
97022
97000
96971
96944
96934
96917
96895
96880
96828
96816
96482
96462
96389
96310
96303
96292
96286
96277
96238
96236
96234
96211
96183
96175
96157
96144
96135
96127
96126
96122
96110
96102
96097
96092
96079
96071
96040
96029
95996
95980
95965
95946
95942
95932
95918
95908
95878
95793
95763
95748
95702
95668
95650
95601
95593
95570
95534
95525
95507
95462
95452
95384
95380
95364
95360
95327
95321
95309
95174
95172
95129
95099
95032
94810
94749
94745
94729
94727
94697
94690
94666
94650
94643
94623
94621
94607
94588
94580
94568
94564
94559
94557
94550
94548
94544
94518
94506
94499
94477
94470
94416
94412
94284
94283
94279
94253
94249
94212
94207
94202
94174
94159
94146
94109
131535
131503
131499
131487
131122
130871
130847
130845
130800
130793
130716
130701
130700
130652
130610
130581
130551
130549
130539
130515
130427
130270
130257
130254
130189
130182
130148
130003
129969
129937
129895
129856
129826
129513
129344
129304
129298
129249
129152
129120
129094
129030
129015
128968
128949
128816
128759
128441
128403
128375
128344
128275
128254
128216
128199
128103
128002
127988
29657
127948
29604
127921
127784
127748
29342
127648
29301
127606
127549
127470
127460
127392
127364
127240
127214
28403
77490
77415
77387
77373
77354
77314
125864
27498
27479
125786
76504
76439
76436
125591
76425
76400
76399
76365
76355
76343
76334
125428
76258
76244
76232
125343
125292
76134
125285
76114
125268
76093
76072
76058
76052
76017
76002
75995
75983
75886
75856
75705
75695
75624
75543
75467
75346
75296
75199
75198
75178
75057
75044
75043
124155
74976
74962
74937
74908
74850
74815
74799
74791
74773
74736
123881
74588
74571
74525
74464
74400
74328
74262
74155
74052
123161
24814
73820
73696
73450
73383
73339
73330
73329
73323
73245
73231
73219
73172
73129
73090
73056
73033
73019
73010
72956
72898
72859
72773
72760
72687
72619
72585
72566
72464
72452
72424
72407
72358
72353
72351
72333
72327
72321
72315
72292
72276
72273
72256
72244
72086
72056
71965
71918
71806
71642
71623
71554
71279
71258
71220
71121
71063
71051
70912
70895
70877
70765
70744
70724
70656
70642
70641
70635
70624
70574
70562
70534
70519
70511
70509
70505
70504
70492
70489
70464
70437
70415
70409
70400
70377
70327
70323
70317
70310
70298
70297
70296
70295
70292
70277
70265
70181
70137
70133
70126
70026
69858
69541
69536
69372
69320
69252
69235
69218
69211
69203
69198
69156
69147
69129
69115
69110
69039
69020
68618
19372
68477
68472
68421
68350
68162
67928
67804
67779
67776
67748
67746
67726
18560
67653
67591
67509
67317
67115
66823
66778
66750
66727
66698
66674
66578
17417
66534
66427
66210
14384
14144
14074
13906
13789
13781
13774
13742
13550
13332
13043
12942
12890
12446
12389
12350
12344
12331
12266
12249
12247
12226
12163
12115
12039
11964
11953
11879
11573
11567
11518
11508
11511
57960
57958
57682
57646
8477
57634
57631
57612
57596
57567
57563
57558
57523
57496
57489
57487
57463
57452
57444
57425
57409
57374
57362
57360
57356
57354
57350
57297
57283
57282
57171
57146
57140
57133
57106
57097
57088
57014
57013
57000
56981
56961
56946
56919
56865
56839
56800
56789
56747
56740
56719
56660
56538
56526
56518
56493
56485
56454
56384
5947
5932
5884
5711
5705
5640
5637
5601
5583
5546
5524
5503
5475
5431
5423
5411
5414
5403
5387
5386
5361
5354
5342
5331
5334
5321
5314
5307
5301
5297
5290
5292
5286
5282
5249
5223
5218
5216
5212
5167
5147
4422
4402
4282
4262
4228
3778
3698
3603
3006
2971
2885
2808
2259
2014
1739
1622
99731
50574
50549
1266
906
878
49882
49866
49822
49764
49745
49640
49588
49580
49563
362
49519
49490
49424
49376
49371
49368
49364
195
49355
179
49336
49215
49149
48978
48972
48918
48911
48895
48892
48867
48865
48863
48860
48836
48821
48818
48804
48803
48791
48780
48774
48539
96952
96948
96874
96467
96424
96226
96219
96169
96163
96139
96098
96089
96066
95963
95960
95917
95913
95754
95701
95596
95581
95577
95568
95480
95457
95349
95212
95146
95029
95015
94806
94652
94603
94599
94589
94574
94566
94558
94460
94435
94428
94422
94398
94370
94360
94359
94356
94134
43894
43795
43757
43740
43156
43154
42845
42832
42816
42807
42803
42751
42746
42722
42679
42671
42653
42646
42628
140937
140931
42600
42586
42576
42567
140879
42519
42516
42500
42471
42447
42347
42314
140605
42259
42248
140359
42037
42034
140334
42014
42004
41728
41707
41562
41557
41484
41349
41307
41225
41139
41111
41106
40929
139245
138986
138438
138263
138144
137635
137385
137353
137297
137225
137205
137114
136927
13710
136455
136380
135986
135868
12955
12927
12902
12879
135749
135585
135575
135538
135522
135470
135452
12437
12416
135296
12354
12339
12280
12272
12256
12168
12069
12050
134930
134911
11959
11955
134825
11931
134791
134771
134647
134631
134497
11603
134386
134255
134197
134121
134059
134016
133958
133915
133896
133478
133381
133286
133285
133211
133171
133164
133160
133072
133016
132949
132910
132839
132710
132556
132540
132465
9332
132174
132120
9179
132063
131969
57990
131579
57610
57470
57417
8082
57266
56932
56911
130555
56796
130406
130371
130370
130255
130208
56453
56438
130155
130154
129968
129767
129334
129245
129240
128983
128913
5707
5699
5667
128558
5607
5628
5627
5610
5579
5550
5540
5512
128393
5415
128322
5360
5344
5326
5262
5231
29771
29701
127745
29360
29339
29328
4594
4587
4536
29052
28992
28973
28968
28971
127263
28918
28845
4276
28772
4119
28712
28705
28701
28687
28681
28622
4048
28611
28602
28542
28523
28516
28481
28462
28436
28427
28423
28401
28381
28376
28374
28344
28317
28292
77421
28218
28192
3524
28118
28115
28106
28103
28028
27984
3244
27828
27724
3100
3088
2982
2837
76524
27349
76493
76477
76466
125615
125588
27254
27253
76388
76381
125511
2595
76313
76211
76053
125213
75965
2157
2114
2117
2116
2136
2087
2095
2063
75724
1970
75720
1949
1952
124834
1916
1905
1887
124772
1801
75523
1793
75505
1772
1616
75321
1537
75216
50581
75145
1390
50550
50570
75134
75109
1337
1303
75040
1286
50433
50459
50451
50450
75014
50402
1181
74930
74923
50312
124009
74825
74817
74800
74792
25612
123882
74605
74596
74462
74363
25177
49664
49630
25002
25001
25000
24984
24938
24903
49460
298
49467
24854
49444
24776
49361
49352
49236
24656
24616
14
24603
73751
49102
49078
73642
122781
24467
24454
24438
122752
24426
24420
24361
48917
24324
48914
48898
48878
48827
24215
48800
48786
24159
24153
24149
24066
24054
24045
24034
24005
23964
23961
23957
73091
23934
23927
23930
23925
23891
23870
23868
23861
23855
23831
23826
72812
72739
72731
72503
72489
72456
72432
72408
72331
72260
72259
72258
72255
96781
72150
72127
72109
72064
72062
72027
133453
71975
71959
71945
96505
71911
71901
71899
133344
71880
96449
133298
96398
133252
71794
71777
133222
133192
96253
71649
71634
96213
71604
96189
71572
133006
96150
71555
96121
96119
96082
96075
96061
96037
132889
96022
71426
71422
95968
132804
22198
71353
71290
22111
95842
132695
71219
95805
95785
22007
132573
132552
71097
95688
95687
95659
71064
95654
95636
21881
21872
132469
71017
95595
95580
70956
21790
132347
70897
70891
70881
70860
70833
70821
70811
21649
70792
70750
21584
58437
70712
70706
70700
70689
132116
70665
70660
21490
70644
21479
70622
70613
70604
132029
70580
95164
70551
70543
70521
70477
70457
70402
21245
70294
70287
70266
21066
70191
94778
70184
21019
94758
94747
94741
94723
94710
70117
94700
94671
94635
8588
94563
94554
69956
20799
94540
94535
69904
57622
94484
57579
94442
57513
94380
57503
69773
94363
69756
94278
94260
20506
57382
94215
20445
57288
69542
69491
57160
69402
69385
69384
69379
69352
93942
93914
130730
130718
69272
20115
69266
69246
69208
20023
69137
69101
19597
56432
68675
19501
19444
19442
68589
19427
129984
19378
19335
19316
68398
18969
18935
18806
67841
18573
67722
67702
43127
18534
129134
18529
18473
129055
128984
18337
18330
128907
18304
42853
42836
42830
18233
5910
5889
18178
128794
5886
18175
67116
5617
5578
5572
5568
5529
17818
5548
5522
5515
42353
42349
5462
42341
42301
5418
5392
5395
5407
5410
42270
5400
5371
5350
5311
5258
5261
17565
5270
5227
29790
66638
42061
42045
42044
17442
17401
41989
17393
17371
140243
4944
41841
17237
4844
17066
4759
29347
41631
41609
41536
16939
4639
41454
16785
41362
127360
29046
41291
4368
41248
28920
41218
16624
4333
28910
4302
127179
28865
41169
28859
4264
41160
28851
4172
16466
16437
4136
4141
4133
40963
28646
28653
4060
126945
28631
16342
16339
28615
16326
16324
28594
16305
16291
28563
28562
16264
16261
28538
28528
28509
139118
28461
28439
3807
28334
77464
28303
28300
16005
28283
138904
28281
3694
15983
28238
3635
77358
28151
28138
3514
3469
3311
3303
3317
15600
15596
15586
3274
15581
15533
3225
15523
138414
15504
27739
138357
27711
15422
15416
15415
3125
15405
15344
27624
138198
2994
27543
27534
15242
2853
125763
27461
2883
15140
27415
15101
15092
15075
125679
27362
15058
15023
76452
125565
76408
27220
14885
125478
14854
14813
137722
14812
14762
125321
2424
2375
14624
14620
2193
2141
2088
2103
2038
124904
2007
1960
1963
1930
1957
14211
1879
75629
137055
14106
75547
75542
1785
1800
1803
14043
1728
1660
13931
1599
13885
13826
50663
69084
13773
13776
99798
1496
13771
13737
13740
50609
13722
13739
13695
1338
136523
13576
50435
74974
74918
1161
74910
19573
25600
123927
19436
136195
19422
19421
922
830
43776
49901
12959
12948
12933
25203
12912
12907
25181
12892
593
74229
24988
24951
18802
135558
24935
49508
12601
49451
295
49434
49420
24837
18688
49390
123150
49406
135434
197
24802
24805
206
49343
12372
12370
12338
129085
24620
24583
67587
12276
12269
49148
18398
12245
18363
12209
12199
12177
122772
12169
12149
24432
12142
18292
12124
12123
12114
12099
5945
5936
5917
128824
42823
12033
11991
11984
18115
5850
24220
5785
42667
18074
42642
5735
18017
5700
5704
5675
11826
11813
5616
42481
42463
17870
67033
134623
73155
5539
5508
11599
17733
5378
5381
5365
5368
11535
11480
5242
4938
133879
72367
4739
41626
16940
41520
127522
72137
127444
41434
72136
41427
133568
4185
28676
4083
16378
133058
28345
22137
3651
15670
27931
2297
125203
23820
2264
57601
11493
2260
57597
5318
131298
17596
23743
57560
57552
57540
2001
1972
20328
57141
124693
57123
75431
69213
13892
1570
69160
69136
1541
13829
69052
56779
1357
7298
123973
74816
124001
49705
9537
18717
12159
5940
18219
42813
42792
24355
48934
12052
18186
12044
24330
18167
42774
42767
12015
12018
128753
12008
5866
11992
67283
67270
48845
67264
11941
11929
18052
5763
24192
134807
5743
5696
5688
42575
140890
5678
70200
5673
128544
5650
5631
24040
24028
5577
42473
5576
67034
23996
5549
5544
5542
17843
5510
5495
5489
42335
5453
5440
5424
5427
5435
5408
5421
5425
5428
125251
5393
14622
5391
42266
23806
5366
5367
57581
5291
128158
5259
5246
29669
5072
124906
29646
41724
17089
17076
4550
29006
41310
4415
4376
4347
4297
4295
4275
16545
74877
25720
28732
4154
28680
28606
28592
16312
3993
28565
28564
96120
43814
19221
74503
19212
28161
49575
24982
18831
15676
24846
3325
67852
27914
3288
3263
27856
3278
73910
24753
135355
67727
27745
15429
12221
27557
24457
2896
12122
122719
2873
42849
15158
15139
15079
76512
14998
14984
27257
5677
76322
14884
76325
14879
14856
125460
5623
76239
76226
14773
14783
134591
14753
125333
5445
28498
11598
42277
11530
5379
5369
57586
5351
76020
134413
11497
131297
2252
28366
5304
134339
137383
12921
49790
25197
5241
137354
134289
57478
28274
12899
49768
2112
42071
2094
95825
2089
2091
14369
2073
2055
2058
94259
3604
2067
2043
11265
2008
29691
140312
41995
2027
3549
138766
28127
75741
2002
1990
14266
129496
1961
28092
28087
57301
1962
57300
28077
124850
1943
29608
3476
4993
8047
1889
1869
15725
18764
24917
135492
15584
14048
93936
75472
27763
13944
13926
43125
43107
1594
1566
12329
18467
1538
49190
13843
1543
99844
135205
13802
50658
69106
50662
75220
12248
72151
69060
13736
69014
1382
1381
1379
1339
136510
27397
130310
13531
1187
136368
4243
56490
74883
25701
124010
74853
25696
1106
25687
25670
49501
56417
41788
25615
74775
25603
123920
69389
14845
14785
3258
40878
19370
5537
19366
28579
19358
139181
16271
140716
66963
1633
1612
68450
18520
12369
76119
76106
12347
76098
28473
76054
135975
74526
1517
19179
137481
5341
74454
42240
19148
19077
25200
134305
25193
28298
25199
5243
72829
49788
596
75870
19041
2115
28245
28250
41321
1335
566
56664
13647
2104
75843
2093
42834
18241
68165
12836
75047
124195
137289
25102
28181
49701
17435
4357
2049
19345
2046
49660
14333
6634
134162
474
18918
76490
24994
24626
1955
24981
41524
363
49564
24953
23810
19194
134042
18801
56444
24915
133216
4125
5280
2186
56371
18157
19106
132393
67871
18714
129506
56552
49634
18708
29637
49613
1780
19078
19066
24797
49195
67821
13
18653
15570
19409
19402
18821
140596
24959
366
67777
25123
15544
1973
13965
125
138811
49699
24999
24986
49576
24983
12514
13768
2047
24586
8
5686
1638
76276
19363
2064
2388
28488
74752
132373
24823
95516
124771
15182
137307
18787
