130
136
138
143
153
162
165
175
177
189
192
193
203
211
219
237
251
255
256
268
273
277
279
290
301
311
313
314
317
321
324
328
331
347
348
351
359
361
363
367
372
373
378
380
390
420
425
430
431
436
439
443
447
453
457
459
460
462
468
469
474
480
481
483
484
487
488
490
492
496
501
503
509
526
529
533
536
539
541
544
546
548
549
550
551
555
556
558
577
578
580
581
584
587
589
610
613
626
627
637
646
651
653
656
659
661
665
668
669
670
671
673
682
684
690
694
695
697
721
725
726
728
729
735
739
742
766
774
776
780
781
785
788
789
790
792
797
799
801
802
808
811
813
816
817
827
829
830
832
835
836
837
840
841
843
845
850
851
853
857
859
861
862
863
864
865
872
873
874
876
884
885
887
888
889
892
895
896
902
905
906
909
910
920
921
926
927
930
931
932
934
935
936
938
940
942
943
944
945
950
951
954
955
956
965
971
978
980
984
985
988
992
994
997
1001
1002
1005
1006
1007
1010
1019
1021
1027
1028
1029
1031
1032
1035
1037
1038
1045
1051
1054
1058
1062
1063
1065
1070
1071
1074
1077
1080
1094
1099
1106
1108
1110
1111
1114
1116
1117
1118
1123
1125
1127
1128
1131
1141
1142
1145
1148
1151
1152
1154
1155
1159
1161
1163
1164
1170
1175
1178
1186
1192
1196
1203
1211
1213
1216
1218
1223
1225
1233
1234
1235
1237
1240
1244
1245
1246
1251
1257
1262
1263
1265
1266
1272
1273
1277
1279
1283
1284
1286
1287
1288
1316
1319
1322
1323
1326
1328
1329
1335
1341
1342
1343
1345
1346
1351
1356
1357
1364
1365
1366
1390
1391
1393
1394
1396
1406
1412
1413
1417
1418
1421
1422
1423
1426
1429
1431
1433
1435
1437
1438
1446
1447
1451
1455
1460
1466
1474
1476
1478
1487
1495
1498
1503
1510
1514
1521
1524
1527
1530
1531
1532
1533
1543
1545
1547
1548
1554
1555
1562
1570
1573
1578
1594
1595
1596
1601
1610
1613
1617
1618
1624
1628
1630
1633
1635
1637
1639
1644
1646
1649
1650
1652
1653
1660
1662
1666
1668
1670
1673
1674
1677
1680
1694
1698
1702
1705
1708
1713
1719
1721
1725
1727
1730
1731
1735
1736
1740
1741
1743
1744
1746
1747
1750
1751
1752
1754
1758
1761
1764
1765
1767
3689
3696
3698
3699
3703
3709
3729
3730
3732
3733
3734
3742
3744
3749
3759
3761
3763
3765
3768
3769
3772
3775
3779
3780
3785
3788
3789
3791
3792
3795
3796
3797
3799
3800
3803
3805
3807
3808
3810
3812
3814
3822
3831
3832
3833
3834
3841
3843
3844
3850
3853
3855
3860
3861
3862
3863
3870
3874
3884
3885
3886
3887
3891
3892
3895
3896
3897
3899
3900
3901
3902
3906
3909
3910
3911
3913
3934
3941
3945
3947
3949
3963
3966
3968
3971
3974
3978
3982
3983
3993
3994
3996
3998
3999
4006
4009
4012
4013
4017
4020
4021
4022
4026
4027
4028
4030
4032
4033
4035
4040
4041
4045
4048
4056
4058
4059
4060
4061
4063
4067
4068
4072
4073
4075
4077
4079
4080
4081
4083
4087
4091
4092
4093
4095
4096
4097
4098
4099
4101
4102
4104
4107
4109
4110
4115
4117
4118
4119
4120
4123
4125
4126
4129
4130
4134
4135
4136
4140
4150
4151
4156
4158
4160
4161
4164
4165
4166
4173
4174
4177
4183
4185
4186
4188
4191
4193
4194
4196
4198
4201
4203
4207
4209
4210
4212
4216
4218
4221
4222
4224
4227
4231
4232
4233
4235
4240
4241
4250
4252
4258
4262
4264
4268
4270
4281
4282
4283
4285
4287
4288
4290
4296
4298
4301
4302
4306
4309
4312
4314
4316
4317
4321
4322
4323
4324
4328
4329
4332
4333
4335
4342
4346
4347
4349
4350
4352
4355
4357
4358
4359
4365
4367
4368
4369
4370
4374
4375
4376
4379
4384
4385
4386
4388
4391
4392
4393
4394
4395
4396
4398
4399
4401
4405
4406
4409
4412
4413
4414
4415
4419
4422
4425
4427
4430
4431
4432
4436
4438
4440
4442
4447
4448
4452
4453
4456
4460
4464
4466
4467
4469
4470
4471
4472
4474
4477
4483
4486
4489
4492
4494
4496
4497
4500
4501
4503
4505
4506
4507
4509
4510
4513
4514
4517
4518
4520
4521
4522
4523
4524
4527
4529
4531
4533
4534
4536
4537
4539
4540
4542
4544
4547
4549
4552
4553
4556
4557
4558
4561
4563
4567
4572
4574
4575
4576
4578
4579
4580
4581
4584
4586
4587
4588
4589
4590
4595
4596
4598
4602
4603
4606
4607
4609
4610
4611
4612
4613
4615
4617
4621
4625
4627
4631
4632
4633
4636
4637
4638
4640
4641
4643
4645
4646
4647
4649
4650
4651
4652
4653
4654
4657
4658
4662
4663
4665
4671
4672
4680
4683
4688
4703
4705
4719
4720
4724
4726
4727
4728
4730
4733
4734
4735
4736
4737
4738
4740
4741
4742
4749
4751
4753
4757
4758
4759
4763
4767
4769
4770
4773
4777
4778
4780
4781
4783
4784
4785
4786
4787
4789
4791
4793
4794
4797
4798
4799
4800
4806
4808
4810
4813
4814
4815
4816
4817
4820
4821
4823
4825
4826
4827
4829
4831
4834
4836
4840
4842
4843
4846
4847
4848
4849
4850
4851
4852
4854
4857
4858
4859
4860
4862
4866
4867
4870
4871
4872
4873
4875
4878
4885
4889
4890
4894
4897
4904
4908
4912
4913
4922
4931
4933
4936
4938
4940
4942
4944
4945
4948
4954
4959
4960
4964
4965
4966
4970
4974
4975
4979
4981
4984
4987
4991
4992
4993
4998
4999
5000
5003
5004
5010
5011
5012
5013
5015
5016
5022
5024
5025
5026
5028
5030
5031
5033
5037
5039
5041
5046
5048
5049
5050
5053
5054
5055
5056
5057
5058
5059
5063
5064
5065
5066
5067
5070
5071
5073
5075
5077
5078
5080
5083
5087
5089
5092
5095
5098
5111
5114
5115
5117
5120
5121
5122
5123
5126
5132
5133
5140
5144
5147
5152
5157
5158
5160
5178
5179
5180
5181
5184
5185
5189
5195
5203
5206
5214
5217
5222
5223
5225
5227
5228
5231
5232
5235
5236
5237
5238
5239
5241
5242
5243
5244
5247
5248
5253
5254
5255
5258
5261
5265
5267
5269
5270
5271
5272
5279
5284
5288
5291
5292
5298
5299
5300
5303
5304
5307
5312
6610
6611
6617
6622
6624
6626
6627
6629
6631
6641
6644
6645
6647
6656
6660
6667
6669
6674
6675
6676
6679
6680
6681
6683
6685
6687
6697
6700
6701
6702
6712
6717
6724
6733
6753
6758
6766
6773
6780
6784
6788
6789
6791
6863
6872
6874
6877
6879
6881
6884
6887
6888
6901
6904
6906
6910
6913
6925
6928
6933
6938
6939
6942
6943
6946
6949
6950
6952
6957
6961
6963
6965
6967
6968
6987
6991
7026
7028
7029
7030
7031
7049
7051
7053
7057
7059
7064
7065
7067
7068
7070
7076
7078
7080
7082
7116
7121
7126
7136
7138
7140
7142
7157
7159
7161
7172
7173
8468
8472
8495
8558
8574
8625
8938
8958
8970
9003
9030
9036
9046
9069
9082
9092
9219
9263
9266
9277
9281
9283
9340
9345
9349
9352
9353
9354
9358
9359
9360
9362
9363
9365
9368
9369
9372
9374
9378
9380
9381
9384
9385
9388
9392
9393
9395
9396
9397
9399
9401
9402
9403
9404
9406
9409
9412
9413
9415
9420
9421
9423
9424
9425
9427
9428
9429
9431
9432
9433
9435
9436
9437
9439
9440
9441
9444
9445
9447
9450
9451
9453
9454
9456
9457
9458
9465
9467
9469
9471
9472
9473
9475
9480
9486
9488
9489
9492
9496
9499
9507
9514
9515
9517
9522
9524
9528
9531
9532
9534
9537
9540
9544
9545
9546
9547
9548
9551
9556
9557
9558
9560
9561
9562
9565
9567
9570
9571
9572
9574
9576
9577
9581
9582
9586
9593
9596
9597
9610
9611
9618
9621
9623
9629
9630
9631
9644
9645
9647
9648
9649
9669
9671
9673
9674
9675
9676
9677
9680
9681
9682
9686
9689
9694
9695
9697
9702
9703
9706
9708
9712
9715
9719
9720
9722
9726
9727
9747
9750
9752
9759
9762
9764
9768
9770
9772
9777
9784
9785
9786
9790
9795
9798
9799
9805
9812
9814
9819
9821
9823
9838
9844
9845
9846
9852
9853
9856
9859
9861
9862
9865
9866
9867
9870
9871
9876
9877
9878
9880
9881
9885
9889
9891
9893
9894
9897
9901
9902
9903
9904
9912
9913
9915
9916
9921
9929
9936
9937
9939
9940
9941
9942
9946
9947
9952
9955
9956
9958
9959
9962
9963
9965
9966
9968
9970
9976
9979
9986
9988
9990
9999
10000
10005
10006
10013
10014
10019
10020
10021
10023
10024
10028
10034
10038
10039
10042
10043
10044
10045
10046
10047
10051
10056
10058
10062
10063
10065
10067
10070
10075
10076
10077
10079
10080
10088
10092
10094
10097
10098
10101
10103
10107
10110
10111
10113
10114
10116
10117
10118
10120
10122
10124
10127
10128
10130
10136
10137
10138
10142
10147
10148
10150
10152
10153
10155
10156
10157
10158
10159
10160
10161
10170
10171
10172
10176
10179
10181
10184
10186
10190
10192
10194
10196
10198
10199
10201
10204
10205
10210
10211
10215
10217
10219
10220
10222
10224
10232
10233
10235
10237
10238
10240
10246
10250
10252
10254
10260
10263
10264
10265
10267
10270
10275
10278
10279
10282
10285
10286
10289
10293
10296
10309
10322
10324
10327
10334
10339
10341
10345
10346
10347
10350
10351
10359
10372
10377
10378
10379
10384
10385
10388
10389
10390
10399
10403
10407
10408
10409
10410
10417
10418
10419
10424
10430
10432
10433
10436
10446
10448
10452
10458
10466
10470
10472
10473
10477
10480
10483
10490
10498
10500
10504
10505
10506
10508
10509
10513
10514
10523
10526
10528
10530
10531
10534
10535
10536
10538
10548
10549
10558
10560
10564
10573
10577
10588
10589
10590
10593
10595
10604
10609
10610
10613
10618
10621
10622
10628
10632
10638
10642
10643
10647
10648
10651
10658
10661
10664
10666
10675
10683
10684
10685
10691
10696
10702
10703
10705
10707
10710
10711
10716
10717
10719
10722
10723
10745
10746
10750
10751
10757
10758
10764
10765
10767
10771
10774
10796
10797
10805
10816
10817
10823
10824
10832
10833
10837
10844
10849
10862
10864
10882
10895
10902
10905
10911
10913
10920
10930
10937
10938
10944
10946
10951
10966
10967
10976
10980
10992
10994
10998
11001
11005
11010
11021
11024
11047
11050
11051
11052
11059
11063
11087
11111
11121
11125
11127
11135
11145
11158
11166
11168
11170
11171
11175
11177
11184
11188
11194
11197
11203
11205
11207
11226
11228
11233
11238
11241
11246
11254
11259
11264
11271
11280
11285
11286
11287
11288
11290
11291
11293
11305
11311
11312
11317
11322
11323
11330
11331
11354
11358
11362
11367
11372
11383
11389
11398
11401
11402
11404
11408
11411
11419
11422
11427
11433
11437
11442
11443
11444
11446
11450
11454
11456
11459
11461
11467
11468
11471
11475
11488
11491
11492
11497
11503
11506
11507
11510
11512
11513
11514
11518
11519
11525
11539
11544
11548
11552
11566
11581
11583
11586
11588
11590
11591
11603
11604
11613
11614
11617
11618
11622
11626
11637
11640
11645
11647
11653
11655
11658
11664
11671
11686
11687
11688
11692
11695
11696
11707
11710
11712
11714
11722
11726
11729
11732
11737
11741
11745
11746
11756
11757
11760
11765
11769
11774
11775
11779
11780
11781
11783
11785
11788
11811
11816
11820
11821
11846
11847
11851
11857
11858
11861
11863
11865
11866
11871
11874
11877
11878
11883
11886
11891
11901
11914
11922
11925
11926
11949
11957
12029
12031
12042
12054
12094
12097
12114
12138
12222
12229
12246
12276
12285
12309
12331
12377
12400
12415
12480
12486
12501
12531
12533
12572
12655
12674
12720
12975
12989
13026
13048
13069
13085
13109
13134
13147
13148
13171
13187
13198
13202
13240
13241
13252
13257
13259
13263
13275
13298
13299
13313
13332
13349
13411
13458
13463
13488
13489
13496
13528
13534
13536
13537
13538
13565
13568
13579
13582
13584
13590
13591
13594
13610
13621
13627
13642
13649
13654
13665
13666
13674
13744
13752
13764
13769
13792
13793
13881
13896
13908
13923
13973
13981
13984
14022
14025
14042
14049
14050
14056
14068
14072
14095
14104
14118
14126
14184
14185
14544
14647
14672
14736
14762
14764
14772
14795
14801
14825
14833
14843
14852
14858
14864
14869
14881
14884
14905
14907
14910
14916
14924
14925
14933
14937
14942
14955
14956
14961
14978
14992
15013
15014
15015
15019
15036
15055
15066
15068
15091
15124
15161
15166
15201
15213
15395
15398
15421
15452
15454
15459
15463
15487
15538
15557
15571
15574
15589
15602
15634
15649
15669
15701
15708
15723
15734
15759
15792
15799
15818
15845
15862
15868
15876
15877
15888
15893
15914
15928
15934
15942
15948
15952
15968
15987
16018
16019
16021
16022
16027
16032
16053
16060
16063
16067
16074
16078
16080
16087
16093
16106
16159
16162
16166
16172
16185
16186
16194
16195
16197
16207
16220
16246
16250
16255
16277
16278
16320
16369
16378
16398
16403
16413
16428
16448
16463
16472
16481
16499
16511
16512
16526
16544
16556
16564
16566
16582
16583
16592
16599
16600
16624
16631
16637
16648
16650
16653
16656
16659
16666
16689
16694
16723
16726
16735
16748
16761
16765
16766
16786
16788
16793
16799
16807
16836
16846
16859
16878
16893
16895
16911
16913
16916
16924
16930
16932
16933
16935
16939
16944
16947
16952
16961
16962
16964
16968
16977
16981
16982
16996
17006
17009
17013
17014
17022
17032
17034
17039
17040
17042
17053
17057
17070
17074
17088
17102
17108
17109
17113
17137
17140
17143
17144
17161
17165
17169
17175
17186
17188
17193
17198
17203
17204
17206
17213
17215
17218
17222
17229
17242
17244
17249
17264
17267
17277
17279
17282
17283
17290
17292
17294
17299
17301
17303
17310
17313
17316
17323
17326
17328
17335
17337
17339
17340
17341
17342
17343
17344
17347
17348
17350
17353
17360
17361
17365
17367
17369
17371
17375
17378
17382
17383
17389
17391
17396
17401
17405
17409
17410
17412
17426
17428
17429
17430
17431
17436
17439
17442
17443
17445
17446
17450
17453
17454
17457
17459
17460
17464
17467
17469
17480
17482
17486
17488
17489
17491
17492
17526
17544
17546
17564
17565
17571
17572
17575
17583
17592
17594
17602
17633
17638
17641
17643
17655
17658
17659
17662
17672
17675
17679
17693
17695
17697
17705
17709
17712
17713
17736
17737
17739
17750
17764
17765
17767
17771
17804
17807
17808
17823
17827
17830
17831
17832
17834
17837
17843
17849
17851
17852
17853
17855
17857
17862
17864
17867
17868
17869
17870
17876
17877
17885
17890
17894
17897
17916
17917
17921
17925
17926
17930
17931
17940
17942
17953
17959
17963
17964
17970
17971
17978
17981
17986
17989
17991
17995
18000
18003
18004
18008
18017
18023
18024
18031
18032
18035
18037
18043
18048
18051
18068
18074
18077
18083
18088
18090
18092
18093
18100
18101
18102
18103
18106
18109
18112
18114
18115
18117
18120
18121
18126
18131
18133
18140
18152
18155
18160
18161
18165
18167
18169
18170
18171
18175
18178
18183
18186
18187
18188
18193
18194
18195
18202
18207
18213
18219
18222
18229
18234
18238
18240
18244
18246
18248
18251
18257
18258
18261
18266
18274
18279
18304
18306
18308
18312
18317
18318
18320
18322
18323
18327
18329
18333
18337
18343
18345
18351
18354
18361
18364
18371
18380
18382
18385
18389
18393
18395
18400
18414
18422
18429
18431
18434
18435
18443
18444
18446
18450
18451
18455
18460
18469
18483
18491
18497
18500
18502
18506
18512
18516
18517
18528
18532
18536
18537
18557
18558
18563
18566
18572
18573
18577
18582
18583
18589
18600
18606
18610
18614
18616
18619
18624
18626
18628
18632
18634
18635
18637
18646
18648
18649
18652
18656
18662
18664
18667
18668
18673
18678
18685
18688
18689
18696
18697
18702
18703
18708
18715
18721
18725
18726
18727
18729
18735
18740
18742
18743
18744
18756
18764
18765
18768
18774
18775
18786
18788
18791
18793
18797
18805
18806
18810
18811
18812
18817
18820
18825
18828
18829
18830
18831
18832
18835
18836
18842
18843
18844
18845
18846
18848
18851
18852
18861
18862
18866
18867
18876
18878
18879
18880
18889
18893
18894
18898
18901
18906
18908
18910
18912
18915
18919
18920
18921
18922
18923
18927
18936
18938
18942
18944
18946
18948
18957
18958
18959
18960
18962
18964
18965
18969
18972
18974
18981
18985
18989
18999
19003
19009
19011
19014
19016
19017
19018
19019
19026
19028
19037
19041
19042
19045
19047
19049
19054
19055
19057
19065
19067
19070
19076
19082
19086
19088
19101
19104
19105
19106
19110
19114
19115
19116
19122
19125
19126
19128
19131
19134
19136
19139
19143
19149
19153
19155
19159
19160
19164
19168
19170
19175
19176
19178
19179
19184
19185
19186
19192
19196
19209
19211
19212
19218
19225
19226
19228
19229
19232
19235
19237
19238
19239
19245
19249
19266
19287
19312
19333
19334
19337
19346
19350
19356
19360
19362
19364
19378
19389
19396
19402
19406
19411
19422
19432
19434
19444
19445
19448
19450
19455
19464
19467
19469
19474
19475
19478
19489
19493
19496
19500
19501
19509
19516
19520
19526
19536
19547
19551
19558
19561
19566
19572
19578
19585
19589
19593
19598
19601
19602
19605
19607
19609
19612
19614
19618
19619
19624
19625
19627
19633
19634
19635
19638
19641
19642
19643
19644
19646
19650
19655
19658
19659
19665
19671
19672
19674
19675
19677
19681
19682
19683
19684
19688
19690
19692
19700
19703
19704
19705
19706
19711
19712
19713
19721
19723
19724
19726
19728
19740
19742
19744
19747
19748
19751
19755
19756
19758
19764
19771
19775
19790
19794
19795
19797
19798
19801
19806
19810
19811
19814
19816
19817
19822
19849
19858
19883
19886
19888
19889
19891
19897
19901
19908
19909
19912
19913
19916
19919
19921
19926
19929
19935
19939
19943
19949
19953
19955
19957
19963
19967
19974
19979
19982
19989
19990
19991
19992
19993
19995
19997
20002
20004
20006
20008
20024
20028
20032
20034
20036
20044
20045
20050
20052
20053
20059
20061
20069
20071
20073
20080
20082
20083
20085
20091
20092
20094
20095
20097
20099
20102
20109
20110
20111
20115
20124
20126
20133
20139
20143
20146
20155
20157
20159
20162
20165
20166
20167
20171
20172
20173
20177
20180
20181
20183
20187
20189
20192
20195
20201
20206
20207
20212
20213
20216
20219
20227
20232
20241
20242
20245
20249
20250
20252
20255
20259
20261
20263
20269
20271
20276
20278
20280
20284
20287
20290
20293
20295
20309
20312
20316
20318
20328
20330
20334
20338
20340
20346
20348
20349
20351
20359
20361
20364
20366
20371
20383
20392
20394
20397
20399
20400
20402
20403
20410
20412
20418
20426
20434
20440
20443
20452
20454
20457
20478
20485
20491
20494
20508
20525
20527
20529
20532
20533
20534
20535
20543
20555
20557
20561
20565
20575
20587
20595
20599
20605
20611
20612
20613
20614
20619
20628
20633
20636
20639
20642
20643
20644
20649
20652
20656
20657
20659
20660
20665
20667
20668
20674
20682
20683
20684
20689
20691
20692
20694
20700
20704
20709
20711
20713
20717
20719
20730
20731
20735
20736
20738
20745
20747
20751
20755
20757
20758
20762
20765
20772
20774
20778
20779
20783
20787
20788
20790
20795
20797
20804
20805
20831
20839
20845
20847
20848
20849
20853
20857
20860
20871
20872
20876
20880
20887
20889
20890
20891
20893
20894
20898
20899
20903
20913
20915
20919
20921
20923
20926
20928
20932
20934
20939
20952
20956
20959
20963
20968
20978
20979
20982
20988
20993
21003
21016
21019
21022
21024
21025
21030
21037
21059
21060
21067
21071
21074
21089
21101
21103
21104
21116
21120
21127
21128
21133
21135
21139
21144
21150
21157
21159
21167
21172
21195
21196
21197
21204
21210
21211
21212
21219
21237
21242
21270
21311
21345
21350
21351
21367
21368
21377
21379
21382
21407
21409
21413
21414
21416
21418
21420
21422
21436
21437
21439
21440
21451
21456
21469
21473
21475
21477
21485
21489
21493
21494
21499
21500
21503
21505
21512
21514
21524
21526
21529
21531
21539
21541
21544
21546
21549
21550
21555
21559
21560
21561
21567
21570
21572
21573
21574
21576
21580
21585
21588
21608
21610
21614
21616
21631
21634
21638
21641
21650
21652
21653
21654
21658
21666
21671
21672
21691
21705
21717
21719
21729
21731
21751
21753
21758
21761
21763
21770
21775
21779
21783
21788
21790
21827
21834
21848
21860
21861
21863
21871
21875
21885
21890
21891
21911
21917
21922
21937
21943
21945
21951
21955
21961
21962
21965
21972
21979
21982
21988
21989
21991
21999
22003
22006
22012
22018
22023
22032
22039
22045
22047
22053
22056
22064
22068
22071
22072
22076
22078
22080
22082
22085
22087
22090
22097
22100
22119
22124
22127
22128
22133
22140
22145
22153
22160
22162
22163
22168
22172
22175
22177
22180
22183
22184
22185
22187
22194
22200
22201
22204
22211
22212
22216
22222
22224
22225
22239
22243
22250
22253
22254
22256
22276
22281
22286
22287
22293
22295
22316
22320
22326
22329
22333
22354
22362
22387
22543
22638
22667
22682
22713
22729
22788
22814
22843
22853
22861
22903
22945
22958
22968
22973
22976
22979
22991
22998
23003
23016
23018
23027
23030
23041
23044
23050
23054
23059
23078
23085
23090
23093
23106
23109
23117
23118
23120
23132
23140
23142
23146
23150
23156
23162
23168
23171
23216
23222
23228
23232
23240
23242
23246
23254
23261
23267
23270
23284
23306
23325
23328
23341
23373
23379
23397
23410
23429
23449
23452
23481
23484
23534
23539
23562
23572
23575
23634
23657
23665
23674
23682
23694
23701
23707
23711
23718
23725
23755
23758
23770
23773
23780
23791
23794
25064
25070
25088
25089
25095
25129
25133
25134
25150
25156
25188
25223
25267
25277
25278
25289
25320
25406
25474
25535
25575
25592
25593
25613
25622
25753
25774
25784
25792
25805
25811
25814
25815
25832
25845
25849
25859
25877
25881
25886
25889
25896
25899
25907
25914
25962
25968
25988
25995
26014
26017
26027
26029
26040
26041
26047
26049
26056
26062
26070
26131
26154
26170
26174
26208
26220
26221
26245
26252
26273
26283
26296
26320
26358
26361
26364
26372
26383
26392
26398
26400
26401
26407
26410
26413
26414
26417
26423
26428
26445
26463
26488
26499
26513
26514
26539
26558
26563
26601
26605
26612
26625
26628
26633
26646
26653
26654
26655
26670
26674
26682
26709
26722
26839
26842
26846
26885
26908
26913
26942
26947
26949
26952
26955
26958
26959
27048
27058
27076
27077
27086
27090
27096
27105
27109
27111
27117
27120
27121
27125
27155
27181
27182
27185
27187
27199
27203
27204
27207
27214
27228
27239
27244
27248
27252
27254
27292
27295
27305
27314
27328
27344
27351
27355
27356
27379
27382
27387
27397
27415
27422
27432
27443
27449
27453
27462
27464
27466
27471
27484
27486
27488
27497
27511
27516
27517
27526
27538
27546
27556
27576
27588
27602
27611
27615
27617
27626
27627
27632
27645
27656
27659
27661
27677
27690
27720
27725
27733
27757
27764
27807
27809
27837
27841
27877
27881
27885
27910
27917
27924
27953
27957
27967
27972
28010
28019
28024
28051
28053
28095
28096
28099
28102
28112
28123
28134
28147
28150
28154
28160
28171
28182
28202
28205
28206
28209
28219
28228
28229
28234
28256
28257
28258
28261
28263
28269
28283
28287
28304
28314
28315
28324
28325
28327
28333
28343
28349
28356
28357
28359
28361
28364
28372
28375
28386
28388
28392
28397
28401
28417
28418
28426
28427
28430
28435
28439
28445
28452
28461
28468
28478
28480
28488
28494
28503
28514
28516
28522
28529
28537
28561
28578
28582
28586
28587
28589
28591
28608
28611
28613
28623
28626
28628
28646
28649
28650
28657
28667
28676
28683
28695
28696
28706
28714
28723
28732
28751
28754
28758
28764
28773
28793
28794
28795
28803
28814
28827
28833
28836
28849
28861
28866
28873
28904
28919
28926
28929
28931
28934
28935
28937
28939
28941
28944
28956
28959
28969
28973
28985
28986
28990
28998
28999
29007
29013
29020
29029
29030
29057
29062
29069
29091
29097
29101
29106
29124
29132
29134
29135
29142
29147
29150
29153
29154
29166
29176
29177
29182
29184
29189
29209
29215
29235
29246
29247
29248
29249
29250
29253
29259
29261
29273
29305
29320
29369
29427
29436
29439
29461
29462
29481
29486
29506
29533
29557
29562
29571
29587
29595
29614
29620
29633
29635
29642
29656
29673
29675
29689
29701
29715
29725
29739
29749
29752
29759
29760
29767
29774
29775
29779
29809
29812
29821
29828
29833
29846
29864
29873
29883
29890
29892
29905
29912
29917
29923
29941
29950
29951
29970
29982
29987
29994
30001
30007
30018
30027
30029
30041
30044
30059
30192
30208
30222
30233
30339
30426
30446
30466
30474
30518
30542
30557
30564
30602
30621
30671
30754
30831
30850
30855
30862
30893
30903
30915
30951
30970
30996
31107
31139
31176
31242
31308
31364
31466
31510
31674
31676
31712
31716
31747
31824
31839
31919
31982
32014
32028
32219
32262
32267
32307
32319
32357
32366
32414
32453
32486
32576
32656
32674
32687
32862
32891
32908
32928
32951
32970
33010
33034
33078
33093
33139
33149
33159
33226
33327
33338
33395
33402
33407
33419
33450
33466
33491
33510
33512
33519
33538
33559
33574
33617
33623
33626
33638
33649
33652
33653
33657
33660
33664
33673
33678
33702
33703
33706
33710
33715
33719
33727
33742
33746
33751
33757
33762
33763
33765
33772
33776
33778
33780
33782
33787
33791
33792
33795
33801
33813
33820
33827
33830
33833
33836
33837
33840
33851
33866
33870
33880
33893
33901
33906
33923
33941
33942
33945
33951
33956
33960
33966
33979
33984
33987
33995
34009
34026
34051
34056
34063
34072
34078
34080
34101
34103
34108
34109
34110
34115
34123
34141
34142
34143
34152
34160
34163
34164
34167
34178
34186
34190
34194
34197
34198
34200
34204
34206
34217
34218
34220
34221
34223
34226
34230
34237
34251
34257
34260
34261
34286
34290
34295
34304
34309
34312
34314
34318
34323
34326
34327
34329
34336
34340
34343
34344
34345
34355
34364
34370
34372
34378
34379
34383
34385
34386
34390
34392
34397
34400
34403
34404
34407
34408
34416
34421
34426
34432
34436
34444
34449
34463
34464
34465
34475
34487
34490
34494
34498
34500
34505
34513
34514
34518
34523
34527
34533
34540
34548
34550
34552
34554
34558
34564
34565
34566
34568
34570
34578
34580
34581
34582
34587
34589
34596
34598
34599
34601
34602
34606
34609
34610
34611
34615
34625
34634
34638
34641
34643
34647
34648
34650
34658
34663
34664
34670
34678
34680
34687
34689
34691
34698
34705
34712
34715
34716
34718
34719
34727
34728
34738
34749
34754
34756
34759
34765
34766
34769
34771
34774
34778
34783
34789
34797
34803
34805
34807
34815
34824
34825
34827
34828
34832
34835
34838
34840
34847
34849
34854
34856
34857
34860
34865
34866
34868
34869
34871
34872
34874
34880
34884
34888
34889
34890
34896
34897
34898
34899
34900
34901
34902
34904
34906
34907
34912
34916
34923
34924
34926
34928
34932
34934
34935
34938
34941
34942
34945
34946
34948
34949
34950
34953
34954
34958
34960
34961
34964
34977
34980
34985
34987
34994
34995
34997
34998
35000
35004
35008
35013
35019
35022
35023
35024
35027
35029
35032
35033
35034
35035
35036
35039
35040
35042
35045
35047
35049
35050
35056
35061
35064
35068
35069
35070
35071
35075
35078
35079
35080
35081
35084
35087
35091
35092
35095
35098
35101
35102
35105
35106
35108
35109
35113
35114
35117
35118
35126
35130
35133
35134
35136
35139
35140
35142
35148
35149
35154
35157
35159
35160
35165
35166
35172
35177
35182
35184
35185
35186
35188
35189
35190
35194
35197
35198
35199
35204
35207
35208
35209
35210
35212
35213
35215
35217
35219
35221
35222
35225
35228
35229
35231
35232
35240
35241
35242
35244
35245
35246
35248
35251
35256
35258
35259
35263
35266
35268
35269
35273
35276
35281
35282
35295
35302
35311
35312
35314
35321
35324
35325
35330
35333
35336
35337
35338
35339
35342
35344
35345
35348
35349
35350
35354
35355
35357
35359
35360
35362
35364
35367
35368
35373
35379
35380
35384
35386
35390
35391
35394
35395
35397
35398
35400
35404
35406
35412
35414
35415
35418
35421
35425
35430
35433
35438
35440
35441
35445
35446
35447
35449
35451
35454
35457
35460
35465
35471
35479
35488
35491
35493
35496
35498
35502
35510
35523
35527
35528
35533
35535
35537
35540
35544
35550
35559
35560
35561
35562
35577
35581
35582
35584
35585
35590
35591
35593
35598
35601
35608
35611
35612
35614
35616
35620
35621
35622
35630
35631
35632
35635
35639
35645
35649
35651
35653
35655
35656
35658
35660
35661
35670
35674
35677
35680
35682
35686
35695
35699
35707
35708
35712
35718
35722
35729
35731
35735
35736
35740
35741
35743
35744
35754
35756
35760
35762
35764
35766
35767
35768
35770
35772
35778
35783
35784
35795
35798
35803
35804
35808
35812
35813
35814
35815
35818
35819
35823
35826
35827
35828
35830
35833
35834
35835
35836
35842
35845
35846
35849
35851
35854
35859
35860
35863
35865
35868
35873
35880
35881
35887
35889
35891
35892
35893
35894
35895
35896
35898
35900
35901
35904
35906
35916
35920
35921
35922
35931
35933
35942
35947
35949
35953
35956
35961
35969
35970
35976
35977
35979
35981
35982
35986
35988
35990
35992
35996
35999
36002
36004
36005
36006
36007
36020
36022
36024
36025
36027
36030
36031
36034
36037
36042
36044
36045
36054
36059
36060
36061
36063
36065
36068
36073
36076
36078
36083
36086
36093
36094
36095
36103
36107
36114
36121
36122
36128
36131
36133
36134
36135
36136
36137
36145
36146
36147
36153
36154
36155
36160
36170
36177
36179
36182
36185
36186
36187
36188
36192
36201
36212
36214
36215
36218
36221
36222
36224
36226
36229
36233
36236
36237
36238
36240
36245
36247
36248
36249
36252
36255
36256
36269
36271
36275
36281
36282
36283
36284
36287
36291
36292
36293
36297
36300
36301
36308
36318
36319
36320
36325
36326
36329
36331
36332
36333
36338
36341
36342
36349
36356
36363
36364
36368
36371
36376
36377
36380
36381
36383
36384
36385
36387
36388
36392
36397
36398
36400
36408
36410
36412
36413
36416
36421
36423
36424
36427
36435
36437
36443
36445
36446
36450
36452
36453
36455
36456
36458
36459
36463
36471
36472
36474
36475
36479
36480
36481
36487
36491
36496
36505
36514
36515
36516
36520
36521
36522
36523
36531
36538
36540
36543
36546
36548
36551
36553
36556
36558
36559
36560
36565
36566
36570
36571
36574
36575
36578
36580
36599
36600
36602
36610
36611
36615
36616
36618
36619
36623
36624
36627
36628
36634
36637
36640
36644
36652
36657
36660
36662
36663
36664
36666
36668
36669
36671
36672
36675
36678
36680
36681
36683
36684
36686
36687
36688
36689
36691
36692
36693
36696
36700
36701
36708
36710
36715
36722
36725
36731
36738
36739
36743
36745
36750
36754
36762
36763
36764
36765
36770
36775
36777
36780
36786
36787
36790
36792
36794
36798
36807
36810
36811
36813
36815
36816
36818
36819
36822
36824
36825
36830
36831
36832
36833
36834
36835
36836
36837
36847
36848
36850
36853
36856
36864
36865
36868
36871
36874
36878
36887
36889
36890
36892
36896
36898
36905
36906
36909
36914
36918
36919
36921
36922
36923
36925
36926
36931
36932
36942
36943
36945
36946
36954
36955
36960
36961
36966
36969
36973
36974
36978
36983
36984
36988
36989
36992
36993
36994
36995
36997
37000
37001
37004
37005
37009
37010
37021
37036
37049
37051
37063
37065
37068
37076
37077
37079
37086
37089
37092
37098
37100
37104
37105
37107
37111
37113
37114
37121
37123
37126
37127
37129
37133
37135
37139
37140
37142
37146
37147
37148
37149
37157
37161
37167
37169
37170
37177
37178
37184
37185
37191
37194
37197
37198
37200
37201
37202
37203
37204
37208
37209
37211
37218
37224
37226
37227
37232
37235
37236
37239
37240
37241
37243
37246
37254
37257
37262
37263
37265
37266
37267
37273
37274
37276
37277
37278
37280
37281
37283
37285
37288
37289
37290
37292
37294
37296
37297
37300
37301
37303
37305
37308
37309
37310
37313
37314
37315
37316
37321
37322
37323
37325
37326
37327
37329
37331
37332
37333
37335
37337
37338
37339
37342
37344
37346
37348
37349
37352
37353
37356
37357
37358
37359
37362
37366
37367
37368
37371
37372
37373
37374
37375
37378
37379
37382
37384
37389
37390
37392
37393
37396
37398
37401
37404
37405
37407
37408
37409
37411
37413
37416
37417
37418
37420
37421
37422
37425
37431
37435
37436
37437
37439
37441
37444
37446
37447
37448
37449
37450
37451
37452
37456
37458
37460
37461
37462
37465
37467
37469
37470
37476
37479
37483
37484
37486
37487
37493
37494
37496
37498
37499
37500
37504
37510
37519
37521
37525
37527
37528
37532
37538
37539
37542
37545
37547
37550
37552
37553
37554
37556
37557
37564
37567
37587
37599
37606
37610
37612
37615
37618
37620
37621
37623
37626
37629
37633
37634
37636
37639
37642
37645
37647
37648
37653
37656
37658
37659
37660
37663
37664
37666
37671
37674
37675
37694
37696
37701
37702
37706
37709
37711
37713
37720
37723
37724
37729
37732
37736
37738
37740
37741
37742
37745
37747
37748
37749
37751
37752
37753
37754
37756
37761
37770
37772
37774
37778
37780
37786
37787
37789
37790
37796
37797
37803
37806
37810
37814
37816
37817
37820
37822
37829
37834
37836
37839
37847
37849
37850
37852
37853
37856
37860
37867
37869
37870
37877
37881
37885
37886
37888
37889
37890
37892
37895
37896
37897
37898
37899
37900
37903
37904
37918
37919
37922
37925
37926
37929
37930
37938
37939
37943
37944
37948
37951
37952
37955
37962
37964
37971
37974
37976
37977
37981
37982
37985
37987
37992
37993
37996
37999
38000
38001
38003
38005
38011
38012
38016
38021
38031
38039
38046
38047
38059
38065
38076
38077
38078
38081
38087
38089
38090
38093
38094
38096
38097
38098
38100
38101
38103
38121
38122
38127
38132
38135
38136
38138
38140
38142
38143
38144
38145
38146
38153
38154
38161
38164
38167
38168
38171
38175
38178
38181
38182
38184
38187
38192
38195
38196
38198
38202
38205
38209
38211
38212
38217
38219
38223
38226
38232
38243
38253
38254
38259
38262
38267
38270
38274
38275
38277
38278
38279
38284
38287
38292
38300
38303
38306
38307
38308
38311
38325
38328
38331
38332
38335
38342
38347
38353
38355
38358
38363
38368
38372
38375
38376
38380
38383
38386
38388
38390
38392
38393
38394
38398
38404
38407
38415
38427
38433
38437
38438
38444
38446
38448
38452
38454
38455
38456
38458
38463
38468
38473
38479
38484
38487
38488
38494
38506
38508
38513
38514
38520
38521
38522
38525
38527
38529
38546
38548
38549
38552
38556
38570
38577
38578
38580
38602
38607
38613
38614
38616
38625
38627
38629
38631
38633
38646
38649
38650
38653
38656
38657
38658
38661
38662
38664
38667
38670
38673
38677
38678
38680
38681
38683
38684
38687
38692
38693
38697
38700
38702
38705
38709
38710
38713
38718
38721
38723
38724
38726
38728
38729
38731
38732
38737
38738
38739
38741
38744
38745
38746
38747
38748
38749
38750
38752
38753
38755
38759
38764
38766
38767
38770
38771
38772
38775
38780
38781
38782
38785
38789
38792
38797
38798
38799
38802
38808
38811
38813
38815
38816
38819
38820
38821
38823
38826
38827
38832
38837
38841
38845
38847
38848
38849
38850
38854
38862
38865
38869
38870
38875
38882
38885
38886
38894
38896
38898
38902
38903
38904
38905
38909
38914
38918
38919
38921
38925
38927
38932
38935
38936
38939
38941
38944
38947
38952
38955
38963
38965
38966
38969
38973
38975
38976
38978
38979
38980
38983
38986
38987
38991
38992
38995
38998
38999
39004
39006
39008
39009
39013
39016
39022
39025
39028
39030
39035
39040
39041
39043
39045
39046
39047
39048
39056
39059
39062
39063
39070
39071
39075
39076
39077
39081
39082
39090
39093
39095
39096
39102
39104
39106
39107
39109
39110
39112
39115
39121
39122
39127
39128
39131
39132
39134
39136
39139
39140
39142
39144
39154
39155
39156
39157
39159
39161
39166
39168
39171
39172
39176
39177
39180
39182
39185
39188
39191
39193
39204
39205
39210
39213
39214
39217
39220
39221
39222
39226
39227
39228
39234
39236
39237
39239
39240
39242
39244
39250
39259
39262
39263
39264
39265
39266
39268
39271
39274
39277
39278
39280
39282
39284
39286
39288
39289
39292
39294
39301
39304
39311
39313
39315
39321
39337
39348
39358
39362
39367
39379
39382
39389
39393
39401
39403
39404
39406
39410
39417
39419
39422
39429
39431
39432
39433
39434
39442
39443
39452
39454
39457
39461
39463
39466
39477
39481
39484
39488
39494
39496
39498
39505
39509
39512
39518
39527
39537
39539
39541
39545
39548
39549
39556
39563
39569
39570
39572
39579
39586
39590
39591
39598
39605
39607
39608
39611
39619
39626
39632
39634
39639
39640
39643
39644
39645
39646
39650
39653
39655
39658
39662
39663
39668
39671
39674
39675
39679
39680
39682
39685
39688
39706
39707
39712
39713
39716
39720
39724
39726
39730
39731
39734
39738
39741
39742
39744
39746
39748
39751
39758
39762
39764
39767
39770
39775
39786
39792
39806
39815
39820
39823
39824
39829
39836
39838
39847
39849
39853
39855
39861
39862
39865
39871
39872
39878
39887
39891
39896
39923
39933
39968
39973
39986
39996
39997
40056
40066
40070
40075
40076
40083
40104
40120
40144
40159
40161
40167
40171
40189
40203
40206
40208
40215
40216
40220
40225
40243
40245
40249
40279
40592
40659
40679
40787
40793
40800
40806
40814
40815
40831
40847
40856
40871
40884
40887
40893
40894
40896
40928
40960
40984
41002
41033
41039
41050
41081
41111
41118
41142
41174
41179
41201
41217
41229
41233
41239
41267
41283
41308
41443
41449
41462
41469
41497
41504
41523
41547
41550
41557
41566
41579
41584
41593
41600
41608
41626
41645
41653
41660
41666
41668
41687
41701
41751
41764
41767
41776
41782
41788
41793
41795
41802
41818
41821
41833
41836
41842
41848
41861
41866
41868
41899
41938
41942
41945
41949
41954
41959
41960
41964
41966
41969
41976
41989
41995
42009
42014
42034
42039
42045
42056
42126
42135
42139
42161
42184
42198
42209
42212
42235
42237
42246
42255
42267
42277
42318
42323
42341
42344
42346
42356
42380
42398
42413
42423
42446
42452
42474
42519
42525
42530
42546
42570
42582
42604
42609
42635
42640
42654
42711
42713
42727
42740
42747
42751
42754
42760
42764
42766
42770
42902
42939
43240
43241
43249
43252
43266
43289
43299
43308
43313
43315
43329
43341
43357
43367
43377
43406
43422
43425
43441
43450
43454
43476
43488
43513
43519
43520
43531
43537
43540
43558
43559
43574
43578
43590
43617
43967
43986
44032
44096
44114
44115
44116
44178
44179
44191
44232
44233
44563
44639
44664
44700
44713
44721
44729
44733
44856
44936
44937
44988
45051
45112
45258
45388
45553
45590
45625
45627
45636
45699
45862
45881
45903
45912
45998
46015
46034
46179
46264
46334
46369
46454
46456
46536
46543
46562
46579
46678
46682
46696
46752
46869
46992
47095
47116
47124
47200
47245
47323
47431
47449
47643
47678
47725
47732
47839
47853
47854
47874
47885
47887
47923
47929
47939
47947
47954
47976
47989
48002
48009
48052
48072
48076
48077
48094
48104
48107
48108
48111
48132
48137
48140
48215
48230
48259
48269
48283
48284
48286
48305
48316
48322
48330
48340
48352
48356
48362
48369
48373
48376
48378
48399
48407
48411
48417
48419
48423
48427
48432
48433
48435
48437
48441
48442
48443
48446
48451
48452
48455
48457
48461
48468
48470
48474
48483
48485
48493
48516
48517
48518
48519
48520
48523
48527
48530
48534
48537
48539
48544
48548
48552
48559
48564
48568
48569
48571
48576
48578
48582
48586
48591
48597
48599
48608
48619
48622
48627
48630
48631
48638
48644
48650
48653
48659
48663
48682
48685
48686
48689
48698
48700
48702
48705
48717
48731
48743
48744
48745
48752
48760
48793
48794
48801
48807
48808
48809
48811
48815
48821
48836
48841
48847
48851
48853
48856
48862
48872
48894
48900
48902
48925
48930
48943
48946
48956
48960
48971
48978
48981
48984
48985
48989
48991
49000
49003
49007
49010
49011
49014
49017
49027
49031
49035
49037
49041
49046
49055
49059
49061
49062
49064
49065
49069
49071
49073
49074
49079
49089
49090
49093
49099
49104
49106
49117
49123
49126
49128
49132
49134
49135
49137
49139
49153
49156
49157
49167
49170
49179
49183
49185
49190
49193
49194
49202
49207
49220
49223
49249
49255
49265
49269
49281
49289
49292
49293
49295
49297
49300
49306
49317
49334
49337
49341
49351
49354
49357
49364
49369
49370
49376
49404
49412
49425
49428
49432
49435
49437
49444
49448
49452
49455
49460
49467
49475
49505
49510
49515
49517
49518
49522
49524
49528
49541
49548
49549
49555
49567
49573
49574
49586
49589
49594
49597
49609
49619
49620
49623
49630
49632
49634
49635
49649
49654
49661
49662
49665
49667
49671
49685
49689
49709
49710
49725
49731
49734
49736
49744
49747
49754
49759
49761
49767
49768
49793
49795
49797
49801
49809
49825
49828
49836
49837
49842
49847
49853
49859
49863
49867
49869
49874
49878
49892
49893
49894
49895
49899
49904
49906
49910
49913
49914
49919
49923
49924
49927
49936
49940
49945
49946
49949
49955
49960
49962
49969
49977
49979
49985
49988
49990
49993
49996
49999
50010
50014
50022
50025
50031
50032
50034
50046
50048
50055
50059
50063
50065
50071
50079
50082
50083
50084
50086
50090
50100
50103
50120
50126
50129
50134
50140
50143
50146
50152
50153
50163
50176
50184
50188
50204
50244
50255
50282
50298
50299
50301
50310
50311
50319
50329
50335
50379
50384
50401
50406
50410
50411
50416
50439
50450
50472
50479
50489
50502
50526
50536
50551
50558
50563
50564
50577
50585
50592
50597
50606
50614
50616
50620
50626
50655
50660
50697
50699
50701
50703
50710
50712
50727
50729
50732
50754
50763
50768
50773
50775
50783
50795
50801
50813
50817
50830
50833
50836
50837
50838
50839
50847
50851
50857
50867
50868
50874
50879
50883
50886
50893
50915
50921
50928
50931
50944
50946
50948
50956
50968
50973
50980
50983
50991
50992
51000
51006
51015
51019
51020
51023
51041
51045
51048
51053
51064
51071
51075
51077
51084
51094
51095
51098
51101
51102
51103
51104
51108
51111
51113
51122
51123
51125
51133
51140
51143
51146
51148
51159
51162
51163
51168
51169
51174
51182
51183
51191
51193
51203
51206
51211
51226
51228
51232
51245
51250
51252
51255
51257
51263
51265
51271
51276
51277
51287
51293
51296
51297
51299
51300
51302
51303
51314
51319
51320
51323
51331
51337
51341
51349
51354
51357
51363
51372
51373
51377
51386
51395
51400
51402
51407
51408
51412
51424
51430
51443
51447
51448
51454
51456
51459
51461
51471
51483
51486
51491
51495
51500
51501
51508
51512
51516
51517
51521
51524
51528
51531
51532
51536
51560
51564
51569
51644
51651
51655
51666
51676
51684
51694
51698
51707
51719
51725
51744
51750
51757
51764
51771
51775
51778
51785
51795
51797
51812
51818
51821
51837
51841
51852
51863
51865
51871
51877
51881
51884
51888
51891
51905
51907
51910
51911
51917
51919
51923
51927
51936
51941
51955
51957
51960
51964
51965
51975
51977
51979
51982
51987
51990
52001
52002
52003
52006
52008
52011
52013
52014
52017
52020
52050
52053
52055
52057
52065
52066
52068
52082
52087
52088
52092
52096
52101
52105
52110
52113
52114
52115
52116
52130
52144
52145
52147
52150
52151
52154
52157
52173
52178
52662
52693
52720
52739
52741
52750
52751
52755
52760
52762
52773
52783
52784
52787
52792
52799
52800
52804
52815
52817
52819
52829
52832
52836
52867
52880
52884
52889
52893
52896
52898
52902
52908
52935
52940
52949
52958
52967
52975
52979
52991
52996
53014
53076
53088
53120
53124
53131
53142
53212
53229
53285
53294
53297
53302
53317
53340
53359
53365
53387
53406
53417
53450
53471
53472
53485
53489
53492
53494
53500
53510
53513
53530
53531
53536
53547
53563
53564
53566
53575
53589
53597
53600
53619
53625
53632
53637
53650
53655
53663
53665
53667
53678
53695
53699
53703
53712
53718
53721
53726
53736
53747
53751
53796
53939
53944
53951
53954
53972
53973
54017
54025
54038
54049
54050
54052
54069
54076
54078
54080
54109
54117
54125
54130
54132
54134
54174
54185
54191
54215
54222
54255
54260
54263
54270
54287
54297
54312
54325
54331
54379
54521
54529
54530
54538
54545
54546
54549
54551
54555
54557
54562
54564
54573
54588
54589
54590
54595
54603
54612
54618
54623
54626
54631
54635
54640
54650
54651
54659
54669
54670
54673
54675
54676
54681
54685
54686
54698
54703
54713
54715
54722
54731
54743
54754
54757
54778
54793
54795
54813
54820
54833
54837
54838
54864
54867
54872
54886
54904
54912
54916
54934
54949
54961
54975
54980
55011
55012
55017
55021
55027
55033
55038
55045
55048
55062
55073
55115
55120
55126
55135
55157
55180
55198
55212
55216
55220
55233
55247
55254
55257
55269
55278
55284
55289
55290
55292
55295
55304
55309
55310
55318
55326
55352
55358
55364
55369
55372
55373
55382
55383
55393
55407
55412
55419
55420
55424
55425
55430
55438
55440
55441
55465
55470
55471
55484
55496
55508
55523
55529
55531
55535
55542
55553
55565
55566
55567
55578
55581
55590
55601
55603
55606
55610
55611
55612
55615
55620
55627
55631
55633
55635
55646
55647
55652
55653
55656
55670
55676
55681
55688
55690
55696
55698
55712
55714
55726
55729
55748
55764
55765
55769
55772
55782
55785
55786
55790
55791
55797
55804
55810
55812
55818
55819
55821
55826
55835
55841
55849
55852
55871
55875
55883
55884
55888
55893
55894
55895
55896
55897
55902
55905
55907
55919
55923
55924
55941
55945
55955
55967
55968
55975
55976
55977
55980
55995
56004
56015
56019
56023
56024
56025
56027
56028
56029
56037
56040
56042
56046
56048
56057
56063
56069
56078
56089
56094
56096
56098
56103
56107
56112
56117
56121
56123
56124
56125
56126
56141
56148
56155
56157
56159
56164
56173
56174
56191
56192
56195
56204
56207
56210
56213
56223
56226
56230
56233
56242
56245
56249
56251
56257
56258
56261
56269
56271
56274
56280
56287
56289
56293
56294
56302
56306
56308
56310
56313
56315
56321
56326
56335
56341
56349
56351
56357
56368
56371
56376
56390
56403
56404
56405
56442
56458
56460
56463
56469
56471
56491
56494
56504
56509
56512
56514
56515
56527
56536
56537
56540
56541
56544
56550
56554
56559
56562
56565
56567
56568
56573
56580
56586
56593
56604
56607
56608
56610
56618
56619
56629
56646
56654
56658
56667
56673
56675
56691
56693
56700
56707
56730
56736
56738
56740
56750
56755
56772
56775
56782
56820
56850
56861
56865
56879
56880
56885
56889
56892
56894
56908
56912
56918
56929
56931
56932
56935
56938
56947
56948
56952
56956
56961
56962
56966
56972
56974
56981
56987
56992
56996
57002
57009
57016
57022
57023
57038
57049
57061
57065
57075
57076
57084
57091
57103
57104
57111
57116
57118
57120
57139
57159
57166
57174
57178
57206
57222
57231
57233
57234
57257
57267
57268
57272
57277
57283
57290
57326
57329
57335
57345
57352
57374
57388
57392
57399
57402
57404
57406
57416
57419
57425
57429
57434
57435
57436
57444
57447
57462
57466
57468
57470
57500
57502
57504
57512
57515
57516
57535
57540
57543
57547
57555
57556
57568
57574
57580
57588
57599
57606
57608
57619
57632
57634
57635
57639
57646
57647
57650
57653
57663
57664
57665
57670
57672
57673
57681
57688
57692
57694
57696
57699
57700
57701
57703
57706
57707
57708
57713
57722
57724
57726
57729
57732
57733
57735
57737
57739
57742
57744
57746
57748
57751
57752
57758
57760
57763
57766
57769
57771
57778
57779
57784
57785
57787
57789
57790
57791
57792
57794
57795
57798
57800
57801
57805
57811
57816
57817
57819
57820
57823
57826
57831
57834
57835
57839
57842
57845
57846
57849
57853
57859
57861
57870
57875
57878
57879
57881
57883
57887
57889
57893
57907
57909
57913
57914
57915
57919
57930
57933
57935
57936
57937
57941
57944
57945
57946
57950
57956
57958
57961
57963
57975
57978
57987
57989
57994
57999
58007
58012
58019
58039
58047
58050
58053
58059
58060
58061
58062
58066
58072
58074
58083
58088
58104
58124
58173
58179
58181
58190
58193
58195
58203
58206
58215
58217
58244
58248
58251
58259
58260
58263
58269
58277
58285
58287
58292
58307
58308
58316
58351
58359
58368
58387
58393
58424
58433
58438
58446
58459
58508
58513
58514
58533
58543
58556
58558
58559
58564
58577
58585
58607
58610
58627
58633
58641
58654
58674
58676
58694
58710
58752
58755
58765
58777
58799
58806
58824
58846
58851
58859
58868
58882
58889
58891
58895
58905
58908
58915
58920
58930
58931
58933
58940
58945
58946
58951
58953
58956
58957
58961
58965
58984
58987
58988
58992
58995
59004
59008
59009
59014
59016
59026
59029
59032
59034
59040
59048
59055
59057
59058
59066
59069
59070
59071
59075
59078
59090
59091
59095
59101
59106
59108
59112
59115
59126
59129
59134
59137
59142
59144
59155
59156
59157
59161
59166
59169
59179
59180
59185
59189
59203
59204
59208
59211
59213
59214
59219
59233
59239
59245
59250
59251
59262
59263
59265
59268
59281
59287
59290
59292
59296
59297
59300
59314
59319
59325
59327
59335
59337
59345
59352
59357
59363
59365
59367
59369
59375
59376
59380
59381
59397
59399
59400
59405
59408
59410
59415
59419
59420
59429
59438
59443
59447
59449
59456
59457
59460
59469
59480
59481
59484
59489
59490
59493
59494
59497
59501
59503
59508
59509
59511
59513
59518
59520
59531
59535
59541
59542
59546
59549
59550
59554
59558
59562
59565
59570
59574
59575
59578
59581
59587
59592
59593
59602
59609
59610
59614
59615
59628
59629
59638
59639
59643
59648
59652
59654
59655
59658
59659
59661
59665
59679
59681
59682
59684
59685
59687
59688
59690
59691
59698
59699
59711
59714
59717
59719
59721
59724
59725
59730
59732
59737
59739
59746
59747
59749
59750
59751
59752
59755
59757
59758
59760
59761
59762
59764
59765
59766
59768
59771
59775
59777
59779
59781
59784
59786
59794
59795
59802
59810
59811
59816
59820
59823
59824
59829
59830
59831
59837
59844
59845
59849
59853
59854
59859
59862
59867
59868
59869
59875
59877
59882
59884
59886
59888
59890
59893
59898
59899
59901
59902
59906
59910
59914
59918
59923
59925
59928
59931
59932
59935
59936
59942
59945
59949
59953
59956
59958
59959
59963
59966
59973
59978
59983
59989
59990
59993
59996
59997
60002
60015
60019
60026
60028
60031
60034
60037
60040
60043
60044
60048
60049
60050
60062
60065
60069
60078
60081
60089
60093
60101
60103
60104
60122
60127
60129
60134
60137
60138
60149
60160
60170
60182
60193
60201
60205
60211
60213
60216
60225
60226
60236
60240
60245
60246
60272
60277
60279
60298
60314
60316
60321
60327
60329
60330
60333
60352
60369
60386
60389
60402
60408
60418
60422
60426
60432
60434
60442
60456
60459
60461
60467
60468
60516
60519
60526
60527
60530
60531
60544
60552
60553
60555
60558
60574
60578
60587
60593
60603
60604
60606
60631
60634
60637
60641
60644
60649
60656
60657
60658
60660
60661
60666
60684
60698
60705
60720
60726
60728
60730
60731
60749
60752
60755
60760
60762
60770
60772
60774
60775
60777
60779
60793
60797
60798
60800
60808
60811
60812
60815
60821
60827
60832
60838
60840
60854
60858
60868
60873
60876
60881
60895
60896
60900
60903
60905
60908
60911
60917
60921
60934
60935
60937
60946
60951
60956
60965
60968
60974
60975
60978
60981
60982
60983
60984
60991
60992
60994
60998
61002
61005
61006
61007
61020
61021
61025
61027
61032
61042
61054
61063
61064
61072
61075
61087
61089
61095
61098
61100
61103
61113
61122
61124
61130
61131
61145
61171
61174
61175
61176
61181
61186
61189
61198
61205
61208
61216
61221
61222
61233
61235
61239
61247
61250
61259
61260
61263
61265
61266
61270
61289
61298
61302
61310
61317
61320
61339
61345
61346
61363
61368
61372
61376
61379
61386
61389
61395
61411
61431
61446
61451
61457
61462
61467
61483
61494
61510
61512
61516
61517
61523
61527
61530
61531
61533
61571
61576
61588
61595
61599
61605
61618
61623
61628
61662
61682
61688
61707
61710
61721
61723
61737
61742
61744
61747
61755
61760
61763
61776
61781
61784
61787
61792
61800
61802
61805
61806
61808
61814
61819
61828
61832
61836
61861
61862
61867
61880
61881
61885
61888
61890
61893
61900
61904
61913
61915
61929
61936
61941
61942
61947
61948
61953
61954
61955
61958
61961
61962
61964
61969
61972
61977
61989
61992
61996
62001
62003
62006
62011
62019
62020
62022
62032
62038
62041
62044
62046
62050
62055
62056
62061
62063
62065
62076
62080
62084
62085
62096
62099
62107
62112
62113
62119
62123
62126
62135
62152
62171
62172
62176
62178
62183
62189
62194
62197
62200
62213
62218
62227
62229
62235
62240
62245
62266
62272
62275
62281
62284
62294
62298
62304
62311
62323
62327
62328
62337
62338
62341
62346
62363
62366
62373
62390
62391
62407
62412
62415
62419
62428
62432
62436
62447
62448
62456
62458
62463
62467
62468
62471
62472
62477
62478
62481
62491
62496
62514
62520
62525
62533
62537
62541
62543
62560
62569
62577
62585
62589
62592
62597
62600
62613
62614
62615
62622
62623
62624
62638
62643
62644
62649
62650
62656
62668
62676
62679
62681
62686
62687
62700
62703
62708
62713
62716
62718
62724
62728
62732
62742
62744
62747
62749
62760
62768
62769
62771
62781
62789
62792
62805
62808
62815
62821
62827
62837
62842
62848
62852
62853
62861
62864
62870
62871
62877
62879
62889
62895
62899
62925
62953
62982
62996
63032
63065
63067
63071
63072
63081
63100
63108
63115
63119
63120
63129
63142
63148
63160
63164
63173
63182
63184
63193
63212
63222
63226
63227
63231
63233
63242
63246
63250
63251
63313
63321
63326
63334
63358
63362
63363
63405
63413
63433
63443
63451
63458
63467
63472
63478
63479
63483
63488
63492
63495
63498
63505
63510
63557
63563
63564
63566
63569
63574
63578
63589
63590
63591
63592
63593
64255
64263
64266
64273
64277
64298
64340
64359
64373
64379
64391
64393
64450
64452
64455
64466
64498
64508
64519
64530
64575
64583
64597
64636
64656
64664
64711
64723
64732
64735
64743
64766
64788
64813
64815
64816
64912
64920
64996
65020
65037
65070
65156
65198
65203
65222
65283
65308
65314
65334
65349
65352
65392
65396
65400
65414
65427
65447
65475
65488
65500
65521
65535
65581
65588
65589
65611
65613
65617
65629
65644
65653
65694
65708
65722
65724
65727
65728
65757
65761
65762
65764
65771
65775
65792
65797
65800
65805
65818
65841
65845
65850
65867
65871
65872
65886
65903
65925
65929
65961
65983
66003
66660
66665
66695
66707
66711
66733
66750
66808
66822
66827
66837
66862
66867
66897
66931
66956
66957
67017
67030
67031
67057
67062
67098
67133
67146
67155
67196
67234
67259
67281
67320
67341
67357
67394
67424
67428
67445
67468
67481
67506
67513
67562
67708
67739
67774
67805
67853
67855
67867
67874
67956
67961
67964
67968
67998
68007
68016
68026
68045
68056
68078
68079
68084
68096
68100
68105
68115
68119
68142
68151
68155
68179
68183
68186
68188
68194
68207
68212
68229
68237
68241
68246
68279
68284
68293
68305
68330
68340
68341
68343
68360
68368
68376
68381
68453
68476
68579
68617
68624
68627
68628
68639
68641
68645
68646
68651
68653
68657
68658
68665
68667
68668
68675
68681
68696
68702
68717
68725
68731
68744
68747
68751
68762
68765
68801
68802
68805
73848
73855
73858
73859
73865
73866
73869
73879
73894
73901
73904
73928
73943
73989
73993
74017
74042
74051
74055
74068
74071
74101
74122
74132
74137
74144
74169
74172
74180
74184
74188
74190
74213
74216
74230
74233
74236
74238
74243
74258
74286
74301
74308
74313
74320
74323
74324
74327
74339
74346
74349
74383
74392
74394
74399
74414
74415
74419
74420
74424
74429
74438
74443
74455
74464
74471
74475
74487
74489
74501
74508
74517
74527
74539
74552
74553
74562
74563
74564
74568
74570
74576
74592
74596
74604
74607
74608
74633
74650
74657
74661
74662
74663
74669
74673
74674
74678
74679
74681
74685
74698
74704
74710
74712
74716
74723
74727
74729
74828
74829
74830
74879
74880
74883
74891
74896
74901
74902
74918
74978
74991
74999
75018
75023
75031
75060
75061
75063
75080
75081
75083
75084
75088
75089
75095
75106
75113
75139
75147
75151
75158
75159
75170
75203
75208
75216
75219
75223
75237
75247
75251
75270
75274
75279
75284
75291
75293
75298
75299
75309
75313
75324
75333
75335
75342
75343
75350
75368
75375
75388
75389
75398
75400
75435
75442
75450
75459
75461
75468
75480
75491
75500
75514
75527
75528
75535
75542
75547
75561
75567
75576
75586
75601
75602
75603
75604
75616
75623
75625
75630
75632
75634
75639
75643
75644
75661
75667
75672
75676
75679
75690
75714
75719
75722
75747
75755
75756
75777
75780
75782
75791
75792
75797
75799
75810
75832
75836
75839
75843
75849
75858
75863
75879
75884
75896
75907
75916
75933
75939
75947
75953
75956
75959
75966
75976
75984
75987
75991
76002
76009
76014
76025
76036
76059
76066
76067
76077
76093
76108
76116
76132
76135
76146
76152
76154
76157
76158
76170
76186
76198
76214
76221
76229
76254
76260
76269
76275
76290
76291
76317
76321
76322
76328
76331
76340
76341
76350
76351
76356
76359
76367
76375
76377
76394
76401
76405
76414
76425
76437
76438
76449
76452
76465
76466
76469
76482
76491
76494
76498
76500
76503
76507
76517
76526
76527
76534
76546
76548
76553
76556
76563
76568
76586
76609
76624
76645
76650
76668
76672
76681
76683
76701
76724
76733
76740
76745
76751
76768
76772
76779
76791
76794
76809
76837
76840
76845
76863
76880
76883
76889
76897
76898
76899
76901
76910
76919
76920
76930
76932
76938
76943
76955
76968
76971
76972
76973
76983
76985
76987
76998
77011
77012
77014
77016
77020
77023
77025
77030
77036
77038
77040
77044
77058
77059
77064
77073
77082
77085
77086
77095
77100
77109
77118
77124
77139
77141
77143
77148
77153
77155
77158
77159
77168
77171
77178
77182
77187
77194
77210
77211
77215
77227
77233
77238
77242
77245
77261
77264
77266
77271
77275
77278
77280
77286
77291
77296
77298
77303
77305
77311
77312
77335
77347
77348
77351
77382
77387
77402
77404
77428
77429
77447
77450
77452
77455
77462
77467
77474
77478
77486
77502
77508
77514
77517
77522
77523
77541
77543
77545
77546
77547
77551
77554
77556
77558
77564
77572
77577
77586
77588
77592
77602
77603
77605
77619
77621
77631
77635
77637
77646
77653
77660
77661
77667
77675
77679
77686
77690
77699
77704
77709
77713
77714
77717
77719
77722
77725
77738
77752
77756
77759
77760
77766
77767
77769
77772
77792
77795
77797
77800
77803
77809
77818
77819
77821
77823
77827
77829
77832
77834
77838
77850
77853
77857
77860
77862
77865
77867
77868
77869
77871
77881
77893
77894
77895
77904
77905
77907
77911
77919
77932
77935
77937
77938
77941
77949
77950
77956
77963
77969
77970
77975
77980
77982
77987
77992
77993
78004
78010
78011
78017
78026
78029
78032
78034
78037
78038
78042
78048
78051
78053
78054
78055
78057
78061
78063
78066
78068
78069
78078
78079
78082
78090
78094
78095
78096
78097
78099
78105
78112
78128
78134
78141
78146
78159
78160
78161
78163
78164
78174
78177
78180
78181
78183
78185
78188
78200
78201
78207
78210
78213
78219
78224
78225
78227
78232
78237
78238
78240
78241
78243
78246
78247
78248
78251
78254
78260
78265
78266
78267
78269
78270
78276
78279
78280
78283
78285
78290
78291
78294
78295
78296
78298
78301
78302
78304
78306
78310
78312
78314
78315
78317
78320
78323
78326
78327
78330
78331
78333
78334
78337
78349
78355
78356
78358
78360
78362
78365
78367
78371
78374
78375
78377
78378
78381
78382
78384
78385
78387
78394
78396
78402
78403
78406
78409
78410
78412
78414
78418
78419
78421
78423
78427
78429
78430
78433
78437
78440
78442
78444
78445
78452
78453
78457
78460
78464
78468
78471
78472
78473
78475
78476
78483
78484
78487
78489
78492
78499
78503
78508
78518
78527
78529
78530
78532
78534
78538
78539
78542
78545
78548
78552
78559
78575
78577
78587
78619
78624
78627
78634
78636
78639
78640
78643
78644
78652
78661
78663
78665
78670
78674
78675
78680
78686
78687
78691
78692
78693
78698
78704
78709
78710
78721
78722
78727
78730
78732
78735
78739
78746
78749
78752
78753
78754
78755
78757
78758
78759
78762
78764
78778
78779
78783
78801
78816
78822
78823
78828
78847
78857
78861
78873
78876
78892
78909
78910
78926
78927
78930
78935
78940
78943
78951
79401
79406
79418
79434
79445
79457
79465
79475
79518
79539
79562
79589
79590
79599
79607
79609
79626
79628
79630
79638
79645
79646
79649
79652
79654
79658
79669
79673
79676
79679
79681
79688
79696
79707
79708
79709
79711
79717
79732
79739
79746
79751
79752
79757
79765
79766
79771
79781
79783
79786
79802
79803
79807
79808
79821
79826
79829
79832
79837
79849
79853
79857
79861
79864
79870
79874
79875
79885
79887
79892
79893
79898
79902
79904
79921
79924
79931
79947
79962
79963
79968
79981
79983
79986
79991
80004
80013
80014
80015
80020
80022
80023
80027
80030
80040
80041
80046
80050
80051
80058
80060
80062
80065
80068
80072
80074
80076
80079
80087
80089
80092
80100
80105
80110
80116
80120
80124
80128
80134
80137
80139
80140
80144
80147
80162
80163
80168
80170
80171
80172
80173
80177
80178
80181
80182
80183
80189
80190
80201
80202
80206
80213
80224
80226
80229
80230
80233
80234
80242
80246
80255
80257
80264
80276
80293
80295
80297
80298
80303
80305
80327
80351
80352
80353
80357
80360
80377
80391
80400
80403
80406
80419
80422
80429
80445
80461
80467
80474
80488
80506
80511
80512
80516
80526
80528
80534
80544
80546
80550
80579
80582
80584
80593
80594
80597
80605
80606
80613
80621
80626
80634
80635
80637
80639
80667
80681
80682
80689
80694
80696
80702
80730
80744
80773
80787
80788
80795
80804
80805
80808
80821
80825
80827
80833
80835
80836
80839
80847
80870
80873
80883
80885
80891
80893
80902
80905
80906
80909
80911
80912
80914
80916
80921
80923
80934
80938
80943
80957
80964
80978
80983
80990
80994
80997
80999
81000
81001
81003
81038
81044
81051
81055
81058
81061
81065
81070
81071
81086
81087
81098
81099
81107
81108
81115
81122
81137
81143
81144
81147
81151
81199
81202
81203
81302
81318
81331
81333
81342
81358
81362
81375
81394
81397
81404
81406
81414
81420
81440
81462
81483
81485
81493
81516
81567
81575
81622
81628
81629
81636
81641
81650
81662
81665
81678
81684
81695
81701
81742
81755
81762
81763
81766
81786
81792
81795
81806
81814
81821
81828
81832
81833
81848
81849
81851
81854
81861
81877
81888
81890
81891
81892
81899
81908
81911
81912
81920
81924
81931
81936
81938
81941
81942
81947
81956
81962
81968
81980
81981
81990
82003
82004
82006
82008
82017
82021
82031
82032
82034
82043
82044
82070
82076
82095
82098
82103
82111
82115
82119
82121
82128
82132
82136
82137
82154
82164
82178
82181
82215
82221
82230
82234
82240
82241
82248
82249
82252
82257
82266
82272
82284
82287
82292
82305
82314
82326
82332
82341
82346
82350
82354
82355
82357
82383
82387
82397
82399
82483
82489
82496
82501
82502
82503
82516
82518
82524
82543
82593
82604
82640
82642
82648
82655
82678
82730
82759
82766
82784
82814
82815
82837
82841
82845
82854
82861
82862
82866
82888
82902
82923
82932
82935
82942
82961
82974
82979
82986
82990
82996
83000
83014
83018
83021
83041
83059
83061
83064
83068
83095
83103
83106
83114
83118
83125
83128
83135
83149
83164
83170
83198
83202
83208
83210
83218
83227
83235
83239
83241
83245
83250
83258
83259
83263
83267
83287
83290
83291
83298
83299
83375
83378
83388
83407
83415
83427
83430
83434
83438
83444
83449
83455
83456
83475
83482
83484
83489
83515
83532
83544
83552
83586
83590
83599
83612
83619
83636
83641
83654
83660
83669
83681
83703
83708
83714
83715
83726
83733
83734
83739
83763
83767
83776
83783
83803
83888
83918
83976
83977
84054
84060
84099
84103
84108
84135
84160
84194
84209
84279
84286
84295
84309
84382
84433
84451
84470
84477
84482
84495
84496
84537
84550
84574
84577
84581
84609
84611
84614
84618
84638
84640
84666
84669
84673
84675
84693
84696
84697
84698
84705
84706
84728
84729
84740
84744
84761
84766
84767
84770
84798
84802
84814
84816
84822
84828
84833
84838
84862
84867
84877
84900
84917
84922
84939
84945
84976
84988
85014
85017
85035
85040
85045
85060
85066
85091
85092
85096
85104
85107
85120
85134
85156
85170
85172
85183
85190
85201
85220
85224
85237
85242
85244
85249
85255
85260
85267
85268
85277
85283
85287
85293
85301
85304
85311
85319
85322
85333
85338
85339
85349
85350
85362
85363
85366
85388
85393
85397
85406
85426
85427
85432
85450
85451
85452
85454
85458
85461
85462
85465
85480
85482
85483
85490
85502
85503
85526
85531
85549
85553
85578
85579
85588
85589
85591
85592
85601
85608
85612
85613
85614
85630
85634
85650
85653
85669
85683
85687
85690
85698
85702
85709
85728
85732
85746
85748
85756
85760
85762
85766
85772
85799
85812
85827
85842
85852
85883
85905
85917
85920
85929
85931
85935
85945
85946
85948
85949
85961
85964
85975
85979
85980
85985
85987
85995
86000
86005
86009
86012
86014
86015
86016
86023
86029
86035
86066
86072
86081
86083
86086
86087
86090
86096
86097
86107
86108
86113
86119
86130
86140
86152
86155
86158
86161
86168
86176
86196
86212
86218
86231
86232
86237
86238
86243
86244
86246
86253
86255
86272
86282
86284
86286
86292
86295
86298
86302
86306
86307
86318
86327
86339
86345
86354
86356
86363
86369
86380
86383
86385
86392
86393
86396
86397
86400
86403
86404
86410
86411
86475
86487
86498
86503
86513
86517
86519
86527
86528
86531
86538
86543
86548
86552
86554
86567
86577
86586
86590
86592
86596
86602
86609
86614
86617
86620
86623
86630
86637
86639
86641
86642
86659
86667
86675
86678
86682
86689
86697
86731
86752
86763
86770
86783
86786
86790
86797
86801
86805
86813
86816
86828
86838
86841
86844
86846
86848
86853
86866
86873
86874
86878
86889
86911
86913
86916
86917
86925
86927
86931
86933
86936
86957
86973
86975
86977
86989
87000
87013
87023
87027
87029
87031
87040
87062
87065
87067
87073
87077
87080
87082
87098
87102
87104
87113
87122
87123
87128
87131
87145
87148
87154
87158
87168
87170
87176
87177
87188
87190
87191
87212
87217
87223
87241
87252
87258
87259
87282
87285
87305
87310
87322
87327
87330
87347
87348
87351
87369
87377
87381
87383
87399
87405
87418
87448
87455
87464
87490
87505
87511
87528
87549
87550
87570
87578
87584
87595
87601
87607
87615
87622
87631
87638
87639
87643
87644
87646
87672
87677
87678
87685
87687
87692
87697
87702
87705
87711
87716
87718
87730
87732
87738
87741
87744
87749
87751
87754
87763
87764
87768
87773
87781
87787
87788
87798
87809
87811
87821
87823
87828
87832
87834
87841
87851
87858
87864
87874
87878
87882
87888
87904
87913
87926
87927
87931
87932
87934
87953
87955
87966
87967
87971
87980
87999
88010
88022
88023
88026
88031
88033
88034
88038
88040
88044
88045
88050
88055
88081
88091
88101
88102
88105
88110
88111
88122
88123
88140
88141
88157
88171
88176
88177
88182
88188
88189
88202
88204
88209
88212
88216
88223
88226
88230
88232
88245
88263
88264
88271
88276
88285
88293
88296
88297
88303
88306
88313
88321
88334
88352
88358
88359
88368
88377
88378
88380
88383
88388
88389
88392
88398
88406
88409
88413
88417
88418
88427
88432
88438
88439
88445
88462
88473
88484
88487
88492
88505
88512
88520
88524
88528
88530
88533
88535
88540
88543
88560
88563
88564
88573
88575
88579
88585
88593
88605
88614
88621
88623
88625
88627
88633
88643
88686
88696
88719
88728
88737
88767
88772
88795
88810
88819
88830
88853
88870
88874
88878
88903
88909
88926
88935
88950
88981
88985
88988
88991
88998
89016
89017
89029
89051
89061
89078
89108
89117
89148
89153
89183
89188
89190
89201
89216
89223
89233
89237
89238
89248
89266
89275
89281
89300
89312
89316
89329
89330
