88352
88276
86873
86848
86844
86838
86369
86272
86253
86244
85462
85388
85366
85338
85333
85322
85301
85283
85277
85268
85255
85249
85244
85096
85091
85045
84945
84922
84740
84729
84728
84706
84705
84669
84638
82314
82292
82287
82284
82252
82249
82240
82215
82164
81911
81892
81891
81877
81861
81854
81851
81833
81575
81567
81516
81493
81462
81440
81406
81397
81375
81362
81318
81302
80076
80027
80014
79874
79870
79708
79707
79696
79673
79669
79658
79654
79652
79649
78779
78730
78691
77713
77661
77603
77564
77556
77523
77478
77455
77429
77404
77402
77312
77305
77296
77286
77264
77261
77233
77227
77215
77194
77187
77182
77178
77171
77168
77158
77153
77141
77139
77118
77109
77100
77095
77085
77073
77064
77058
77044
77040
77025
77023
77020
77016
77014
77012
77011
76987
76983
76972
76971
76968
76938
76930
76898
76809
76794
76779
76740
76672
75527
75113
75088
75084
75083
75061
75031
74999
74729
74679
74678
74674
74673
74669
74662
74661
74650
74604
74596
74592
74576
74570
74568
74564
74562
74539
74501
74489
74464
74455
74443
74438
74429
74419
74415
74399
74394
74392
74339
74324
74320
74308
74243
74238
74233
74216
74213
74190
74188
74172
74137
74122
74101
74071
74055
74051
74042
74017
73993
73901
73894
73879
73869
73866
73865
73859
73855
73848
67031
67030
66956
66897
66837
66827
66808
66750
66733
66711
66707
66695
66665
66660
16748
16648
16378
65535
65488
65427
65396
65392
65070
64575
64508
64340
64298
62447
62366
62337
62323
62311
62298
62281
62272
61021
60994
60992
60984
60983
60982
60277
60226
60193
60104
60101
60049
59925
59867
59845
59766
59665
59639
59602
10137
10128
10118
10065
9956
9955
9893
9878
9877
9866
9861
9859
9846
9838
58915
58895
9562
9522
9427
9372
9362
57206
57178
57120
57116
57076
57075
57061
57049
57038
57023
57022
57016
56992
56961
56956
56931
56892
56889
56880
56879
56861
56730
56691
56257
56223
56204
56141
56126
56112
56094
56089
55967
6788
55945
6784
6780
6758
55897
6702
6697
6680
6669
6641
6629
6626
6624
55033
55021
55011
54975
54961
54949
54916
54886
54867
54838
54743
54731
54722
54703
54698
54686
54685
54676
54673
54659
54623
54573
54564
54331
54325
54287
54222
54215
54132
54125
54109
54069
54050
54049
54025
53954
53712
53667
53665
53637
53632
4406
53563
4079
3895
3886
3831
3696
51255
51162
51146
51102
51094
51075
51071
51048
51045
51023
50886
50883
50879
50874
50868
50857
50847
50817
1283
50406
1244
50401
50384
50379
1196
1186
1178
50335
1175
50319
50310
50298
367
361
348
255
219
49337
177
49334
49317
143
49300
138
136
49293
49289
49255
49202
49193
49190
49185
49183
49179
49167
49157
49153
49139
49123
49106
49090
49074
49073
49071
49069
49065
49064
49062
49059
49055
49027
48981
48978
48956
48946
48943
48902
48811
48807
48752
48745
48705
48702
48686
48685
48663
48650
48644
48638
48630
48627
48622
48597
48591
48586
48578
48569
48564
48559
48552
48544
48539
48537
48534
48530
48527
48523
48520
48517
48493
48474
48470
48468
48461
48457
48455
48446
48443
48442
48435
48433
48419
48417
48399
48376
48369
48352
48330
48322
48316
48305
48286
48284
48269
48259
48230
48215
48140
48137
48111
48107
48104
48094
48009
47989
47976
47954
47947
47939
47923
47887
47874
47853
47732
47449
47431
47323
47245
47124
47095
46992
46682
46562
46543
46369
46334
46179
46034
45998
45903
45881
45862
45699
45627
45553
45051
44988
44936
44733
44729
44713
44700
44639
44233
44232
44179
44116
44115
44114
44096
43967
16600
16583
16582
16526
16511
65521
65500
65475
65447
65414
65400
65037
64912
64597
64455
64450
64391
64373
64273
64266
64255
88334
88313
88271
88232
88223
88216
39048
88202
39013
39006
38995
38983
38978
38047
38039
38031
38012
38005
38000
37993
37985
37981
37977
37952
37926
37904
37900
37897
37890
37886
37885
37881
37869
62432
62415
62412
62363
86913
86911
62346
62341
62338
86889
86866
62294
62266
86816
37461
37460
37458
37448
37401
37384
37382
37375
37367
37359
37356
37348
37344
37323
37322
37316
37305
37303
37300
37296
37290
37288
37285
37283
37281
37280
37274
37265
37263
37262
37257
37254
86400
86397
37240
37239
37227
37226
37224
37208
37198
37170
37149
86286
37127
37089
37077
37076
37068
37063
37051
37049
86168
37009
37005
86158
86152
36995
36994
36992
36989
36988
36955
36954
36942
36926
36918
36909
36890
36887
36837
36834
36832
36831
36824
36819
36696
36691
36686
36666
36660
85732
36570
36559
36531
36516
61005
60991
36377
36364
85450
85406
85349
85304
85293
85224
85201
36031
36025
36022
36007
36006
85156
35999
35996
35992
35988
35981
35979
35977
35969
35956
85107
35949
35942
60526
35933
35931
35922
35906
35900
35895
11330
35894
35892
35887
60459
60456
35863
85017
35854
35851
11285
35836
35835
35833
35830
60418
60402
35808
35760
35741
35740
35735
35722
35712
35708
35695
35674
35660
60246
35653
35651
60213
35645
60225
35632
60216
60211
84770
35611
84761
35598
35591
35590
84744
35585
35582
35540
35528
35523
35502
35496
35493
60081
35488
35479
35471
35447
60034
35441
35418
35414
59997
35404
59996
35400
35397
35386
35362
35355
35354
35344
35312
59884
59875
35282
59869
35219
35212
59747
59758
59724
35154
59732
59698
35133
35105
59691
59628
35035
34916
34906
34899
34889
34849
34827
34807
34765
10094
10092
34589
34587
34527
9901
34465
9814
9785
34343
58920
58891
34327
34326
34309
34237
34204
34194
9576
9574
34167
9537
9431
9402
33787
33772
33765
33757
33751
33719
33649
33623
82266
82221
82178
82154
81908
81890
57159
57139
57084
57009
56996
56947
81485
81483
56912
56865
56850
81394
56707
56700
56207
56125
56098
6789
6791
6700
6679
6667
6675
6627
6622
80041
54912
54833
54795
54670
54626
54545
54185
78778
78752
54076
53972
53736
4579
4553
4547
53721
53655
4469
53650
4464
4453
4436
4440
53597
4409
4393
4367
28941
28934
28929
4067
77699
77667
3913
3897
3863
3885
3844
77586
3834
3833
77577
3812
3810
3808
77558
3796
3791
3775
3769
77517
77486
3733
3732
3730
3709
77447
77242
77210
77148
77143
77124
77082
77059
77038
77036
77030
76998
76985
76973
76955
76768
76745
76733
76683
27497
27488
27484
27466
27464
27453
27449
27443
27432
27422
27387
27382
27379
27351
27328
27314
27295
26722
26709
26682
26674
51252
26654
26653
26646
51228
26633
26625
26612
26605
26601
51159
26563
26558
26539
51122
26513
51101
51084
51077
26463
51041
26428
51020
51015
26413
26410
26400
50992
26392
50983
75547
50980
26372
50956
26320
26296
50867
26245
50836
26154
26131
26070
26062
26017
26014
25988
25962
25914
25896
25886
1288
25881
1284
25877
1266
25859
1265
1246
1216
50329
50299
50301
74712
74710
74704
74563
74517
74383
74349
74327
74258
74230
74184
74180
74169
74144
373
359
74068
311
273
268
73989
211
193
73943
175
73904
49306
73858
49265
49170
49156
49099
49089
49079
49061
49017
48985
48971
48700
48689
48682
48659
48653
48631
48599
48582
48576
48571
48518
48516
48483
48452
48451
48441
48432
48427
48423
48411
48378
48362
48356
48340
48132
35622
35608
35581
47885
35559
60129
35535
47839
35465
60044
35451
35430
47725
35398
59931
35367
35348
35333
47200
34771
10076
10051
34615
34581
9986
46869
9965
9946
9862
34404
46678
58945
34261
34230
9496
9412
9349
33942
33795
33792
21499
33778
21485
33763
33762
21473
33746
21451
21440
33727
21436
46015
21420
21418
21416
33703
21414
33702
21407
21379
21377
21368
33653
21351
45636
45625
45590
20849
20845
82272
82241
45388
82234
82181
82111
45258
20665
20649
20643
20613
20611
20534
45112
81849
81848
44937
57166
57111
20227
20206
20195
57065
20181
20180
20177
20172
44721
56962
44664
20004
56885
20002
19997
19995
19993
19990
19982
19979
44563
19955
19949
19935
19926
19909
81333
81331
19883
56693
19811
19806
19748
19744
19713
19682
19681
19643
19638
19633
19619
19618
44178
19572
19566
19558
19551
19496
19489
19478
19448
44032
19434
19422
19411
19406
19402
19364
56242
19360
19356
19346
19287
56117
6766
55923
6753
6724
6717
6701
6685
6712
6683
6681
6676
6674
6644
18923
6631
6610
18867
18829
18811
18810
18793
18788
18786
18765
18740
18735
18727
18725
18688
18648
80087
18634
80040
80022
18500
79875
18167
18160
18155
18152
55027
18140
54980
17959
17942
17940
17894
17890
17870
17869
17868
17867
17864
17862
67017
17855
17853
17851
17849
17808
17807
66957
66931
66867
66862
54538
54379
17492
17489
17488
17469
17467
17464
17453
17450
17445
17443
54297
17429
17401
17396
17347
17344
17340
17299
54174
17292
17290
17279
54117
17264
78709
17249
17222
17218
17213
17186
17137
17113
17109
53944
17014
16981
16962
16930
4586
4563
4590
53747
53718
4544
16726
16666
4346
16650
16499
16481
16472
16277
16255
16250
3896
3911
3862
16195
3884
3855
3870
16159
3800
3779
3789
3772
3734
3749
3698
15942
15876
64996
77238
76943
15452
64583
64530
64519
76772
64498
76751
64466
64452
76701
76681
15213
64379
27471
27462
64359
15166
27415
15124
64263
27355
27344
15055
27305
15015
15013
27292
14956
14937
14924
14916
14672
14647
88321
88296
14544
38991
38987
26670
26655
51133
26514
26499
51053
26423
51000
50991
26398
26383
75535
75528
26361
50921
75514
50946
50944
26273
26170
19943
81358
75095
19742
1287
50416
1245
19672
25805
19642
19609
50311
37992
19464
62436
74663
19350
19334
62328
86813
86790
74424
74132
37241
37201
37194
18715
37157
37147
18696
256
37113
37092
37086
18637
37079
162
86196
36945
49194
36905
36822
79709
36671
79645
85728
36571
36522
54934
61032
54904
61007
61027
17971
61006
48698
17931
17930
17926
17921
36363
17917
17916
17897
48619
48608
85458
17852
17843
17837
48568
17834
85427
85426
54650
48437
48407
85267
66822
85260
48373
85183
35947
60530
17482
35920
11312
17457
17439
11287
54312
60434
54270
85014
11264
11291
17410
17405
35827
35823
17378
48108
17371
17361
17348
35803
17360
17343
35798
17353
35795
17341
48072
17326
35768
17310
17316
17301
35756
17303
35729
35718
48002
54134
54130
60236
35655
35670
84822
60240
35661
35658
60205
84798
35639
60245
35635
17193
35620
35616
35612
54080
54038
84767
35577
17144
35533
17088
53951
35510
17074
17042
53939
60050
35457
60065
17013
16944
35384
16939
35359
16916
59935
53751
4580
4576
4575
4557
4572
59898
59853
4518
53663
4506
59824
16786
16793
4489
4483
35126
16689
35114
4384
28937
16653
16624
59652
59615
35040
16564
16556
59554
16463
16448
34874
10289
10285
10264
34872
4077
4073
77752
16278
10127
3910
16207
3900
16186
3892
10024
34599
10014
10000
9959
34552
3822
9941
34518
9940
3788
9968
9939
34513
3805
9958
9929
3792
3763
3765
34494
9942
3759
3761
34490
9894
9889
3729
3744
9870
34463
9881
9865
9880
9856
3703
9867
9853
9844
34432
9852
3699
9790
9805
9786
9799
58940
9798
15948
15928
34355
34323
58931
34312
9722
34290
34295
77271
77278
34257
34251
46536
77245
34226
34223
34221
34220
34206
34200
34197
77211
34190
34186
9593
9577
9571
9586
64920
34160
46456
46454
9556
34163
9581
34142
9548
77159
9547
9546
9540
9551
34115
9517
34110
9532
9515
9528
9524
34101
9488
34078
9499
15649
77086
9489
9472
9486
34063
9465
34056
9507
9458
9473
9469
9453
9451
9450
9444
15589
9437
9435
9454
9425
9421
9415
9413
9395
33987
9393
9406
9404
9403
9401
9397
9381
9396
9392
33966
9388
9385
9384
33960
46264
9363
33956
9378
9359
9399
9353
9368
33951
9358
9354
33945
9352
33923
9345
9340
33673
33660
33638
64393
15201
45912
64277
14978
48548
17804
48519
48485
82257
82248
82230
20738
17436
60468
26628
35842
81899
81888
48076
26488
17267
17244
60279
35686
26414
44856
17161
20146
35449
35440
60019
26174
16913
4578
19953
59690
16631
19690
19688
1235
1211
35033
1203
4068
19378
56233
62390
3909
16185
16197
10046
56124
3906
3891
10042
3841
3874
3861
3853
34582
9966
3797
77547
9963
3807
3785
3742
46696
55919
6733
74286
6687
6660
6647
6645
77280
65020
18919
6617
317
86363
324
314
18774
321
18768
34109
9531
301
34103
80092
49364
73928
54588
36020
46752
48283
35976
9845
17491
17459
17446
35898
35891
17442
17412
17431
35873
11280
35859
35865
35846
60432
60408
17389
6656
35828
35834
17369
54263
17375
35815
17342
17339
17350
17337
17335
35784
48077
60369
35764
48052
35754
54191
35744
84900
35743
17283
17277
380
351
35699
35682
35680
35677
9534
17206
15669
17198
47929
17203
35630
35621
17169
54017
54052
35561
35544
35550
47854
9432
35537
17102
203
35527
189
20155
53973
60078
35498
35491
26252
17053
17040
17032
50833
57002
17039
35460
35445
50801
26208
35446
35415
16961
16982
56938
16968
35395
35394
35406
16947
35379
16935
53796
47678
35373
16933
35360
35345
16911
35338
35342
35339
47643
4584
19963
4574
4567
59859
4558
53699
59893
35281
35273
35269
53726
19913
59844
4536
35263
4534
4531
35251
35266
4522
53678
4513
53703
35245
59837
4500
25995
53695
35225
4496
4494
4486
4474
35209
16766
4477
25968
4460
4456
53625
4448
4432
4452
75081
4422
4405
53600
4413
59714
4401
4394
59737
16694
4391
4386
4368
1273
16656
16659
4350
1279
4349
1263
19723
19724
1257
28926
16637
59609
25815
1237
1218
25811
1233
16599
16592
16566
1170
19641
1164
16512
34907
34901
16428
10278
16398
16403
4072
10238
16369
37892
19450
4075
19444
74698
34778
77767
56251
10122
10110
19333
19312
16220
10058
16194
10028
19266
3899
34610
34606
16162
3860
9999
3843
9990
3832
3799
3814
9962
9970
3803
9979
9947
3780
77545
3795
9937
56025
3768
9876
34444
9891
3689
6773
35904
17365
59565
34217
390
347
15708
34143
313
18743
290
17204
3901
19445
26364
9440
192
49351
165
26283
130
16246
77686
50795
77637
3887
19974
4581
19929
4524
19891
4492
4365
1286
4369
1272
60461
35868
35050
1223
1213
1192
19614
1161
16544
3850
19605
44191
50282
19561
19547
17242
18721
16413
34840
34832
47116
237
19455
35584
9456
37850
75080
34759
43986
153
19362
77717
10142
62373
50839
19337
35068
1240
17006
35826
6611
1225
3902
10034
34601
10019
1277
26029
19704
1251
84816
279
9902
10282
9795
19396
4415
25907
17480
59717
35109
58946
74236
50931
17430
10113
17108
18825
372
17294
363
1234
17367
77291
16893
19671
1262
37379
328
18878
46579
19967
19578
331
54078
77155
9558
19389
75063
37930
18628
17486
16320
34554
9976
18729
1163
9439
37104
251
18889
9514
277
378
15868
