0
1
2
3
4
5
6
7
8
9
10
11
12
13
14
15
16
17
18
19
20
21
22
23
24
25
26
27
28
29
30
31
32
33
34
35
36
37
38
39
40
41
42
43
44
45
46
47
48
49
50
51
52
53
54
55
56
57
58
59
60
61
62
63
64
65
66
67
68
69
70
71
72
73
74
75
76
77
78
79
80
81
82
83
84
85
86
87
88
89
90
91
92
93
94
95
96
97
98
99
100
101
102
103
104
105
106
107
108
109
110
111
112
113
114
115
116
117
118
119
120
121
122
123
124
125
126
127
128
129
130
131
132
133
134
135
136
137
138
139
140
141
142
143
144
145
146
147
148
149
150
151
152
153
154
155
156
157
158
159
160
161
162
163
164
165
166
167
168
169
170
171
172
173
174
175
176
177
178
179
180
181
182
183
184
185
186
187
188
189
190
191
192
193
194
195
196
197
198
199
200
201
202
203
204
205
206
207
208
209
210
211
212
213
214
215
216
217
218
219
220
221
222
223
224
225
226
227
228
229
230
231
232
233
234
235
236
237
238
239
240
241
242
243
244
245
246
247
248
249
250
251
252
253
254
255
256
257
258
259
260
261
262
263
264
265
266
267
268
269
270
271
272
273
274
275
276
277
278
279
280
281
282
283
284
285
286
287
288
289
290
291
292
293
294
295
296
297
298
299
300
301
302
303
304
305
306
307
308
309
310
311
312
313
314
315
316
317
318
319
320
321
322
323
324
325
326
327
328
329
330
331
332
333
334
335
336
337
338
339
340
341
342
343
344
345
346
347
348
349
350
351
352
353
354
355
356
357
358
359
360
361
362
363
364
365
366
367
368
369
370
371
372
373
374
375
376
377
378
379
380
381
382
383
384
385
386
387
388
389
390
391
392
393
394
395
396
397
398
399
400
401
402
404
406
407
408
409
410
411
412
413
414
415
416
417
418
419
420
421
422
423
424
425
426
427
428
429
430
431
432
433
434
435
436
437
438
439
440
441
442
443
444
445
446
447
448
449
450
451
452
453
454
455
456
457
458
459
460
461
462
463
464
465
466
467
468
469
470
471
472
473
474
475
476
477
478
479
480
481
482
483
484
485
486
487
488
489
490
491
492
493
494
495
496
497
498
499
500
501
502
503
504
505
506
507
508
509
510
511
512
513
514
515
516
517
518
519
520
521
522
523
525
526
528
529
530
531
533
535
536
538
539
540
541
542
543
544
545
546
547
548
549
551
552
553
554
555
557
559
560
562
563
564
565
566
567
568
570
571
572
573
574
575
576
577
578
579
580
581
582
583
584
585
586
587
588
589
591
593
594
595
596
597
598
599
600
601
602
603
604
605
606
607
608
609
610
611
612
613
614
615
616
617
618
619
620
621
622
623
624
625
626
627
628
629
630
631
632
633
634
635
636
637
638
639
640
641
642
643
644
645
646
647
648
649
650
651
652
653
654
655
656
657
658
659
660
661
662
663
664
665
666
667
668
669
670
671
672
673
674
675
676
677
678
679
680
681
682
683
684
685
686
687
688
689
690
691
692
693
694
695
696
697
698
699
700
701
702
703
704
705
706
707
708
709
710
711
712
713
714
715
716
717
718
719
720
721
722
723
724
725
726
727
728
729
730
731
732
733
734
735
736
737
738
739
740
741
742
743
744
745
746
747
748
749
750
751
752
753
754
755
756
757
758
759
760
761
762
763
764
765
766
767
768
769
770
771
772
773
774
775
776
777
778
779
780
781
782
783
784
785
786
787
788
789
790
791
792
793
794
795
796
797
798
799
800
801
802
803
804
805
806
807
808
809
810
811
812
813
814
815
816
817
818
819
820
821
822
823
824
825
826
827
828
829
830
831
832
833
834
835
836
837
838
839
840
841
842
843
844
845
846
847
848
849
850
851
852
853
854
855
856
857
858
859
860
861
862
863
864
865
866
867
868
869
870
871
872
873
874
875
876
877
878
879
880
881
882
883
884
885
886
887
888
889
890
891
892
893
894
895
896
897
898
899
900
901
902
903
904
905
906
907
908
909
910
911
912
913
914
915
916
917
918
919
920
921
922
923
924
925
926
927
928
929
930
931
932
933
934
935
936
937
938
939
940
941
942
943
944
945
946
947
948
949
950
951
952
953
954
955
956
957
958
959
960
961
962
963
964
965
966
967
968
969
970
971
972
973
974
975
976
977
978
979
980
981
982
983
984
985
986
987
988
989
990
991
992
993
994
995
996
997
998
999
1000
1001
1002
1003
1004
1005
1006
1007
1008
1009
1010
1011
1012
1013
1014
1015
1016
1017
1018
1019
1020
1021
1022
1023
1024
1025
1026
1027
1028
1029
1030
1031
1032
1033
1034
1035
1036
1037
1038
1039
1040
1041
1042
1043
1044
1045
1046
1047
1048
1049
1050
1051
1052
1053
1054
1055
1056
1057
1058
1059
1060
1061
1062
1063
1064
1065
1066
1067
1068
1069
1070
1071
1072
1073
1074
1075
1076
1077
1078
1079
1080
1081
1082
1083
1084
1085
1086
1087
1088
1089
1090
1091
1092
1093
1094
1095
1096
1097
1098
1099
1100
1101
1102
1103
1104
1105
1106
1107
1108
1109
1110
1111
1112
1113
1114
1115
1116
1117
1118
1119
1120
1121
1122
1123
1124
1125
1126
1127
1128
1129
1130
1131
1132
1133
1134
1135
1136
1137
1138
1139
1140
1141
1142
1143
1144
1145
1146
1147
1148
1149
1150
1151
1152
1153
1154
1155
1156
1157
1158
1159
1160
1161
1162
1163
1164
1165
1166
1167
1168
1169
1170
1171
1172
1173
1174
1175
1176
1177
1178
1179
1180
1181
1182
1183
1184
1185
1186
1187
1188
1189
1190
1191
1192
1193
1194
1195
1196
1197
1198
1199
1200
1201
1202
1203
1204
1205
1206
1207
1208
1209
1210
1211
1212
1213
1214
1215
1216
1217
1218
1219
1220
1221
1222
1223
1224
1225
1227
1228
1229
1230
1231
1232
1233
1235
1237
1238
1239
1241
1242
1243
1244
1245
1246
1247
1248
1249
1250
1251
1252
1253
1254
1255
1256
1257
1258
1259
1260
1261
1262
1263
1264
1265
1266
1267
1268
1269
1270
1271
1272
1273
1274
1275
1276
1277
1279
1280
1281
1282
1283
1284
1285
1286
1287
1288
1289
1290
1291
1292
1293
1294
1295
1296
1297
1298
1299
1300
1301
1302
1303
1304
1305
1306
1307
1308
1309
1310
1311
1312
1313
1314
1315
1316
1317
1318
1319
1320
1321
1322
1323
1324
1325
1326
1327
1328
1329
1330
1331
1332
1333
1334
1335
1336
1337
1338
1339
1340
1341
1342
1343
1344
1345
1346
1347
1348
1349
1350
1351
1352
1353
1354
1355
1356
1357
1358
1359
1360
1361
1362
1363
1364
1365
1366
1367
1368
1369
1370
1371
1372
1373
1374
1375
1376
1377
1378
1379
1380
1381
1382
1383
1384
1385
1386
1387
1388
1389
1390
1391
1392
1393
1394
1395
1396
1397
1398
1399
1400
1401
1402
1403
1404
1405
1406
1407
1408
1409
1410
1411
1412
1413
1414
1415
1416
1417
1418
1419
1420
1421
1422
1423
1424
1425
1426
1427
1428
1429
1430
1431
1432
1433
1434
1435
1436
1437
1438
1439
1440
1441
1442
1443
1444
1445
1446
1447
1448
1449
1450
1451
1452
1453
1454
1455
1456
1457
1458
1459
1460
1461
1462
1463
1464
1465
1466
1467
1468
1469
1470
1471
1472
1473
1474
1475
1476
1477
1478
1479
1480
1481
1482
1483
1484
1485
1486
1487
1488
1489
1490
1491
1492
1493
1494
1495
1496
1497
1498
1499
1500
1501
1502
1503
1504
1505
1506
1507
1508
1509
1510
1511
1512
1513
1514
1515
1516
1517
1518
1519
1520
1521
1522
1523
1524
1525
1526
1527
1528
1529
1530
1531
1532
1533
1534
1535
1536
1537
1538
1539
1540
1541
1542
1543
1544
1545
1546
1547
1548
1549
1550
1551
1552
1553
1554
1555
1556
1557
1558
1559
1560
1561
1562
1563
1564
1565
1566
1567
1568
1569
1570
1571
1572
1573
1574
1575
1576
1577
1578
1579
1580
1581
1582
1583
1584
1585
1586
1587
1588
1589
1590
1591
1592
1593
1594
1595
1596
1597
1598
1599
1600
1601
1602
1603
1604
1605
1606
1607
1608
1609
1610
1611
1612
1613
1614
1615
1616
1617
1618
1619
1620
1621
1622
1623
1624
1625
1626
1627
1628
1629
1630
1631
1632
1633
1634
1635
1636
1637
1638
1639
1640
1641
1642
1643
1644
1645
1646
1647
1648
1649
1650
1651
1652
1653
1654
1655
1656
1657
1658
1659
1660
1661
1662
1663
1664
1665
1666
1667
1668
1669
1670
1671
1672
1673
1674
1675
1676
1677
1678
1679
1680
1681
1682
1683
1684
1685
1686
1687
1688
1689
1690
1691
1692
1693
1694
1695
1696
1697
1698
1699
1700
1701
1702
1703
1704
1705
1706
1707
1708
1709
1710
1711
1712
1713
1714
1715
1716
1717
1718
1719
1720
1721
1722
1723
1724
1725
1726
1727
1728
1729
1730
1731
1732
1733
1734
1735
1736
1737
1738
1739
1740
1741
1743
1744
1745
1746
1747
1748
1749
1750
1751
1752
1754
1756
1757
1758
1759
1760
1761
1762
1763
1765
1766
1767
1768
1769
1770
1771
1772
1773
1774
1775
1776
1777
1778
1779
1780
1781
1782
1783
1784
1785
1786
1787
1788
1789
1790
1791
1792
1793
1794
1795
1796
1797
1798
1799
1800
1801
1802
1803
1804
1805
1806
1807
1808
1809
1810
1811
1812
1813
1814
1815
1816
1817
1818
1819
1820
1821
1822
1823
1824
1825
1826
1827
1828
1829
1830
1831
1832
1833
1834
1835
1836
1837
1838
1839
1840
1841
1842
1843
1844
1845
1846
1847
1848
1849
1850
1851
1852
1853
1854
1855
1856
1857
1858
1859
1860
1861
1862
1863
1864
1865
1866
1867
1868
1869
1870
1871
1872
1873
1874
1875
1876
1877
1878
1879
1880
1881
1882
1883
1884
1885
1886
1887
1888
1889
1890
1891
1892
1893
1894
1895
1896
1897
1898
1899
1900
1901
1902
1903
1904
1905
1906
1907
1908
1909
1910
1911
1912
1913
1914
1915
1916
1917
1918
1919
1920
1921
1922
1923
1924
1925
1926
1927
1928
1929
1930
1931
1932
1933
1934
1935
1936
1937
1938
1939
1940
1941
1942
1943
1944
1945
1946
1947
1948
1949
1950
1951
1952
1953
1954
1955
1956
1957
1958
1959
1960
1961
1962
1963
1964
1965
1966
1967
1968
1969
1970
1971
1972
1973
1974
1975
1976
1977
1978
1979
1980
1981
1982
1983
1984
1985
1986
1987
1988
1989
1990
1991
1992
1993
1994
1995
1996
1997
1998
1999
2000
2001
2002
2003
2004
2005
2006
2007
2008
2009
2010
2011
2012
2013
2014
2015
2016
2017
2018
2019
2020
2021
2022
2023
2024
2025
2026
2027
2028
2029
2030
2031
2032
2033
2034
2035
2036
2037
2038
2039
2040
2041
2042
2043
2044
2045
2046
2047
2048
2049
2050
2051
2052
2053
2054
2055
2056
2057
2058
2059
2060
2061
2062
2063
2064
2065
2066
2067
2068
2069
2070
2071
2072
2073
2074
2075
2076
2077
2078
2079
2080
2081
2082
2083
2084
2085
2086
2087
2088
2089
2090
2091
2092
2093
2094
2095
2096
2097
2098
2099
2100
2101
2102
2103
2104
2105
2106
2107
2108
2109
2110
2111
2112
2113
2114
2115
2116
2117
2118
2119
2120
2121
2122
2123
2124
2125
2126
2127
2128
2129
2130
2131
2132
2133
2134
2135
2136
2137
2138
2139
2140
2141
2142
2143
2144
2145
2146
2147
2148
2149
2150
2151
2152
2153
2154
2155
2156
2157
2158
2159
2160
2161
2162
2163
2164
2165
2166
2167
2168
2169
2170
2171
2172
2173
2174
2175
2176
2177
2178
2179
2180
2181
2182
2183
2184
2185
2186
2187
2188
2189
2190
2191
2192
2193
2194
2195
2196
2197
2198
2199
2200
2201
2202
2203
2204
2205
2206
2207
2208
2209
2210
2211
2212
2213
2214
2215
2216
2217
2218
2219
2220
2224
2225
2228
2229
2231
2232
2233
2234
2235
2236
2237
2238
2239
2240
2241
2242
2243
2244
2245
2246
2247
2248
2250
2251
2252
2253
2254
2255
2256
2257
2258
2259
2260
2261
2262
2265
2269
2270
2273
2274
2275
2276
2277
2278
2279
2280
2281
2282
2283
2284
2285
2286
2287
2288
2289
2290
2291
2292
2293
2294
2295
2296
2297
2298
2299
2300
2301
2302
2303
2304
2305
2306
2307
2308
2309
2310
2311
2312
2313
2314
2315
2316
2317
2318
2319
2320
2321
2322
2323
2324
2325
2326
2327
2328
2329
2330
2331
2332
2333
2334
2335
2336
2337
2338
2339
2340
2341
2342
2343
2344
2345
2346
2347
2348
2349
2350
2351
2352
2353
2354
2355
2356
2357
2358
2359
2360
2361
2362
2363
2364
2365
2366
2367
2368
2369
2370
2371
2372
2373
2374
2375
2376
2377
2378
2379
2380
2381
2382
2383
2384
2385
2386
2387
2388
2389
2390
2391
2392
2393
2394
2395
2396
2397
2398
2399
2400
2401
2402
2403
2404
2405
2406
2407
2408
2409
2410
2411
2412
2413
2414
2415
2416
2417
2418
2419
2420
2421
2422
2423
2424
2425
2426
2427
2428
2429
2430
2431
2432
2433
2434
2435
2436
2437
2438
2439
2440
2441
2442
2443
2444
2445
2446
2447
2448
2449
2450
2451
2452
2453
2454
2455
2456
2457
2458
2459
2460
2461
2462
2463
2464
2465
2466
2467
2468
2469
2470
2471
2472
2473
2474
2475
2476
2477
2478
2479
2480
2481
2482
2483
2484
2485
2486
2487
2488
2489
2490
2491
2492
2493
2494
2495
2496
2497
2498
2499
2500
2501
2502
2503
2504
2505
2506
2507
2508
2509
2510
2511
2512
2513
2514
2515
2516
2517
2518
2519
2520
2521
2522
2523
2524
2525
2526
2527
2528
2529
2530
2531
2532
2533
2534
2535
2536
2537
2538
2539
2540
2541
2542
2543
2544
2545
2546
2547
2548
2549
2550
2551
2552
2553
2554
2555
2556
2557
2558
2559
2560
2561
2562
2563
2564
2565
2566
2567
2568
2569
2570
2571
2572
2573
2574
2575
2576
2577
2578
2579
2580
2581
2582
2583
2584
2585
2586
2587
2588
2589
2590
2591
2600
2633
2750
2768
2773
2856
2884
2922
2939
2988
3019
3073
3113
3132
3141
3253
3374
3376
3525
3529
3536
3537
3611
3632
3633
3672
3699
3721
4083
4135
4183
4191
4206
4230
4235
4306
4342
4347
4348
4369
4372
4379
4390
4446
4447
4461
4464
4470
4471
4474
4475
4476
4477
4480
4481
4482
4484
4486
4487
4489
4491
4493
4494
4498
4499
4500
4501
4503
4505
4507
4509
4515
4516
4524
4525
4532
4535
4538
4539
4541
4542
4543
4548
4549
4551
4552
4555
4559
4561
4564
4565
4566
4567
4569
4571
4572
4573
4575
4577
4578
4579
4580
4581
4585
4586
4587
4588
4592
4595
4598
4599
4600
4601
4604
4605
4606
4607
4608
4610
4611
4612
4614
4617
4619
4620
4621
4622
4623
4627
4628
4630
4632
4635
4636
4638
4639
4641
4642
4643
4644
4645
4647
4648
4650
4651
4652
4653
4655
4656
4657
4659
4660
4661
4663
4664
4666
4667
4668
4669
4670
4671
4672
4674
4677
4679
4680
4681
4682
4683
4685
4686
4688
4690
4692
4693
4694
4696
4697
4698
4699
4701
4703
4705
4706
4707
4708
4709
4711
4712
4714
4715
4717
4720
4723
4724
4725
4726
4730
4736
4737
4738
4739
4742
4743
4744
4746
4748
4750
4751
4755
4756
4757
4758
4759
4762
4763
4766
4767
4769
4770
4771
4774
4776
4778
4779
4781
4782
4784
4785
4786
4789
4790
4791
4795
4796
4797
4798
4804
4805
4808
4809
4810
4811
4812
4813
4814
4815
4816
4818
4819
4820
4822
4824
4825
4827
4828
4829
4831
4832
4834
4836
4837
4838
4839
4840
4846
4849
4853
4859
4862
4872
4883
4902
4926
4927
4963
4966
4969
4977
4989
4995
5001
5020
5029
5052
5065
5088
5101
5118
5130
5134
5137
5146
5149
5158
5162
5163
5171
5172
5181
5190
5192
5199
5207
5209
5212
5217
5223
5224
5228
5239
5246
5259
5269
5275
5288
5289
5292
5298
5309
5312
5316
5317
5320
5322
5323
5326
5332
5339
5341
5345
5347
5351
5353
5354
5356
5360
5371
5373
5377
5379
5383
5389
5392
5393
5397
5401
5402
5404
5406
5410
5413
5417
5418
5419
5420
5422
5424
5428
5430
5434
5436
5443
5446
5449
5451
5454
5456
5459
5461
5463
5464
5468
5469
5477
5478
5480
5482
5492
5513
5514
5519
5532
5543
5546
5553
5554
5557
5579
5581
5587
5599
5606
5609
5618
5621
5622
5628
5629
5630
5633
5643
5647
5650
5653
5659
5661
5663
5666
5669
5671
5673
5676
5682
5687
5688
5690
5701
5703
5708
5714
5717
5718
5723
5725
5726
5727
5728
5732
5739
5741
5743
5748
5749
5752
5755
5759
5761
5764
5779
5781
5782
5784
5787
5789
5791
5795
5798
5799
5801
5804
5806
5808
5809
5810
5811
5813
5814
5815
5816
5817
5818
5823
5824
5825
5826
5828
5829
5830
5831
5832
5837
5839
5841
5844
5847
5851
5852
5854
5856
5858
5859
5864
5866
5875
5876
5879
5880
5881
5889
5896
5899
5901
5902
5905
5906
5908
5909
5910
5913
5914
5917
5918
5921
5923
5924
5935
5941
5944
5946
5952
5955
5958
5965
5969
5970
5972
5975
5976
5980
5983
5986
5989
5991
5993
5994
5997
6001
6005
6008
6011
6018
6021
6028
6029
6035
6036
6043
6044
6046
6049
6062
6064
6073
6074
6081
6088
6091
6092
6093
6104
6106
6109
6118
6127
6130
6134
6137
6138
6140
6151
6156
6159
6160
6170
6171
6173
6177
6183
6188
6192
6195
6207
6215
6217
6223
6224
6233
6238
6247
6255
6260
6262
6268
6272
6276
6304
6305
6307
6312
6323
6332
6343
6345
6347
6354
6355
6356
6366
6373
6377
6381
6385
6387
6389
6399
6406
6408
6409
6410
6411
6420
6422
6423
6430
6432
6433
6437
6438
6441
6442
6453
6458
6459
6470
6487
6492
6516
6524
6528
6532
6541
6542
6545
6549
6551
6555
6557
6561
6565
6566
6567
6568
6570
6571
6576
6585
6586
6593
6594
6595
6597
6598
6599
6604
6605
6610
6628
6631
6639
6641
6645
6649
6650
6651
6652
6655
6660
6661
6662
6663
6665
6668
6669
6674
6680
6689
6690
6693
6694
6696
6702
6706
6717
6718
6720
6727
6729
6730
6731
6735
6736
6737
6739
6742
6743
6746
6748
6751
6753
6756
6760
6763
6774
6776
6777
6779
6780
6781
6785
6799
6803
6805
6807
6810
6813
6816
6817
6819
6821
6824
6828
6832
6833
6841
6852
6853
6861
6862
6866
6874
6875
6879
6880
6885
6886
6893
6894
6895
6905
6908
6912
6916
6922
6930
6942
6947
6954
6964
6967
6975
6980
6983
6990
6993
7006
7019
7024
7029
7030
7033
7035
7036
7037
7042
7043
7044
7049
7050
7061
7065
7068
7069
7070
7074
7076
7082
7083
7086
7087
7090
7101
7104
7109
7115
7122
7124
7127
7133
7136
7141
7147
7150
7165
7168
7173
7174
7182
7185
7196
7200
7208
7213
7214
7219
7225
7226
7236
7240
7244
7252
7253
7254
7256
7270
7272
7281
7284
7286
7289
7298
7306
7309
7314
7318
7319
7327
7329
7338
7339
7340
7342
7343
7346
7349
7368
7375
7392
7398
7406
7413
7435
7442
7445
7448
7450
7456
7457
7458
7464
7467
7477
7480
7491
7525
7528
7535
7538
7539
7542
7545
7557
7589
7601
7626
7630
7633
7637
7643
7647
7649
7656
7658
7672
7674
7681
7683
7688
7691
7712
7718
7732
7771
7780
7784
7794
7820
7823
7834
7859
7868
7884
7886
7890
7892
7895
7904
7908
7910
7914
7917
7938
7942
7946
7947
7950
7953
7958
7960
7977
7980
7981
7986
7993
8010
8019
8043
8047
8056
8063
8068
8071
8077
8083
8094
8123
8129
8135
8136
8141
8147
8154
8159
8179
8187
8191
8206
8208
8219
8223
8234
8299
8301
8332
8337
8343
8350
8352
8362
8380
8387
8392
8394
8397
8423
8429
8432
8445
8454
8459
8462
8464
8469
8471
8475
8492
8496
8497
8503
8506
8507
8508
8513
8514
8518
8520
8529
8531
8532
8535
8536
8551
8560
8562
8564
8566
8578
8593
8601
8602
8609
8610
8613
8620
8624
8627
8628
8633
8645
8646
8655
8663
8688
8690
8693
8694
8696
8701
8704
8705
8707
8709
8711
8714
8717
8721
8723
8728
8734
8738
8739
8741
8747
8751
8753
8756
8773
8777
8782
8785
8786
8790
8794
8808
8811
8827
8833
8836
8843
8844
8846
8849
8858
8860
8861
8868
8873
8888
8889
8890
8894
8896
8899
8900
8906
8910
8915
8917
8927
8928
8930
8935
8939
8941
8947
8952
8956
8959
8963
8966
8968
8971
8980
8984
8985
8987
8988
8990
8993
8994
9003
9005
9010
9012
9016
9024
9027
9030
9038
9044
9055
9056
9057
9063
9069
9070
9071
9074
9076
9089
9091
9095
9104
9106
9110
9114
9118
9121
9123
9124
9129
9138
9140
9146
9149
9150
9160
9173
9184
9185
9189
9191
9192
9194
9199
9223
9244
9251
9270
9274
9275
9278
9293
9295
9302
9310
9326
9327
9328
9331
9342
9346
9354
9361
9362
9363
9373
9381
9384
9395
9401
9409
9410
9411
9423
9427
9428
9430
9445
9446
9447
9448
9460
9466
9473
9478
9481
9483
9488
9489
9490
9494
9500
9502
9505
9508
9509
9525
9534
9536
9541
9553
9555
9558
9563
9564
9574
9579
9583
9584
9585
9595
9605
9610
9614
9616
9617
9621
9623
9640
9658
9661
9664
9668
9671
9673
9682
9686
9689
9691
9699
9701
9703
9710
9715
9717
9728
9729
9745
9751
9761
9762
9764
9777
9782
9791
9812
9813
9816
9822
9840
9858
9866
9876
9889
9894
9907
9941
9944
9972
9981
9983
10009
10017
10048
10051
10062
10071
10079
10091
10136
10143
10151
10154
10179
10209
10255
10282
10301
10317
10321
10324
10332
10344
10345
10351
10352
10356
10360
10370
10373
10381
10384
10395
10397
10402
10405
10406
10414
10428
10432
10433
10435
10437
10441
10442
10443
10448
10452
10456
10457
10463
10473
10485
10486
10510
10547
10548
10596
10597
10624
10706
10756
10778
10787
10814
10846
10860
10900
10911
10938
10949
10959
10978
10981
11034
11053
11213
11229
11273
11297
11349
11370
11372
11378
11394
11424
11452
11470
11511
11538
11551
11574
11579
11585
11601
11619
11621
11627
11633
11652
11655
11661
11683
11691
11695
11705
11709
11710
11722
11725
11726
11728
11737
11756
11762
11775
11782
11816
11822
11829
11844
11867
11872
11882
11891
11894
11895
11931
11959
11972
11973
11975
11990
12013
12041
12046
12056
12064
12090
12093
12120
12124
12146
12160
12170
12180
12183
12185
12189
12194
12199
12203
12220
12234
12237
12260
12270
12292
12299
12310
12338
12353
12373
12383
12385
12407
12444
12448
12452
12486
12517
12518
12526
12556
12589
12600
12617
12625
12639
12647
12687
12694
12711
12766
12770
12783
12813
12830
12845
12931
12949
12953
12996
13021
13037
13040
13049
13087
13115
13116
13131
13154
13169
13187
13192
13248
13254
13312
13326
13333
13379
13392
13404
13411
13464
13516
13534
13535
13566
13574
13602
13622
13628
13639
13649
13722
13734
13745
13746
13785
13794
13799
13809
13818
13828
13830
13839
13894
13919
13947
13985
14036
14038
14041
14071
14074
14076
14108
14126
14141
14211
14226
14234
14259
14267
14488
14564
14570
14601
14610
14617
14618
14622
14625
14629
14636
14637
14640
14641
14650
14656
14664
14682
14694
14745
14775
14782
14788
14841
14924
14931
14969
14994
14995
15004
15008
15014
15018
15031
15032
15033
15036
15044
15048
15049
15052
15060
15068
15076
15081
15084
15098
15101
15103
15105
15123
15137
15155
15255
15269
15301
15302
15371
15390
15425
15470
15532
15570
15577
15580
15589
15615
15622
15643
15656
15682
15683
15697
15717
15722
15728
15732
15737
15738
15748
15751
15754
15763
15768
15785
15791
15800
15803
15811
15813
15815
15819
15826
15837
15842
15850
15853
15856
15860
15864
15869
15870
15874
15875
15879
15884
15885
15889
15895
15896
15898
15919
15928
15938
15946
15966
15967
15969
15983
15985
15986
15988
15989
15993
15994
15996
16006
16026
16027
16028
16029
16034
16037
16064
16065
16076
16088
16097
16104
16111
16114
16115
16123
16125
16126
16128
16135
16159
16162
16168
16173
16184
16194
16204
16207
16227
16237
16244
16249
16258
16259
16274
16289
16294
16295
16305
16307
16312
16323
16328
16329
16345
16352
16353
16357
16366
16367
16368
16378
16387
16390
16391
16394
16398
16404
16410
16414
16442
16448
16450
16452
16459
16463
16469
16470
16471
16473
16474
16476
16478
16482
16485
16487
16489
16490
16494
16495
16497
16501
16504
16506
16509
16527
16528
16530
16531
16532
16534
16538
16540
16541
16543
16545
16547
16549
16551
16553
16554
16555
16563
16567
16581
16595
16600
16618
16637
16648
16669
16673
16686
16689
16771
16776
16784
16797
16800
16803
16805
16821
16834
16843
16849
16859
16865
16876
16886
16901
16926
16935
16939
16940
16941
16947
16970
16975
16985
16996
16999
17005
17031
17045
17066
17078
17087
17090
17091
17107
17111
17116
17120
17129
17138
17142
17145
17146
17150
17167
17169
17178
17186
17197
17199
17202
17212
17215
17221
17225
17226
17228
17246
17247
17251
17254
17257
17260
17263
17267
17271
17273
17276
17285
17289
17297
17300
17302
17317
17320
17325
17330
17333
17336
17351
17447
17666
17704
17796
17797
17804
17844
17869
17972
17996
18013
18068
18114
18119
18123
18127
18129
18132
18133
18148
18154
18155
18157
18159
18166
18167
18177
18179
18184
18201
18204
18206
18209
18212
18221
18237
18253
18255
18275
18290
18300
18308
18315
18337
18348
18390
18412
18422
18434
18451
18470
18501
18511
18528
18558
18567
18595
18620
18638
18649
18661
18678
18685
18702
18713
18724
18731
18738
18757
18769
18774
18778
18783
18793
18801
18806
18814
18816
18824
18833
18835
18856
18867
18886
18893
18899
18921
18938
18939
18953
18972
18975
18983
19003
19010
19020
19023
19024
19028
19037
19039
19041
19048
19059
19061
19066
19068
19077
19085
19086
19093
19103
19110
19111
19113
19117
19121
19124
19143
19145
19156
19159
19166
19170
19177
19194
19199
19208
19210
19213
19214
19220
19224
19231
19236
19240
19264
19273
19276
19280
19283
19293
19297
19302
19303
19315
19319
19333
19335
19340
19344
19355
19364
19368
19371
19373
19376
19377
19378
19386
19387
19391
19404
19408
19443
19489
19516
19590
19613
19626
19644
19669
19697
19715
19716
19726
19752
19753
19766
19767
19779
19782
19808
19935
19975
20029
20049
20110
20134
20147
20163
20165
20172
20178
20180
20187
20189
20190
20194
20203
20207
20208
20211
20214
20215
20223
20225
20229
20231
20233
20235
20239
20243
20247
20249
20251
20254
20256
20257
20262
20267
20268
20270
20271
20279
20293
20299
20313
20325
20326
20329
20332
20348
20358
20364
20376
20377
20381
20392
20414
20419
20433
20434
20436
20441
20449
20456
20458
20470
20473
20484
20488
20495
20500
20522
20524
20530
20546
20547
20566
20572
20574
20595
20597
20599
20603
20606
20612
20624
20630
20641
20648
20653
20656
20665
20666
20681
20682
20686
20694
20700
20701
20708
20733
20739
20744
20754
20764
20792
20794
20803
20807
20811
20820
20822
20824
20831
20845
20846
20848
20853
20856
20862
20875
20881
20882
20896
20898
20905
20906
20910
20922
20927
20933
20939
20940
20950
20951
20954
20956
20960
20975
20992
21010
21016
21018
21024
21025
21041
21044
21046
21071
21074
21080
21107
21111
21118
21119
21127
21128
21140
21155
21162
21176
21183
21192
21199
21222
21236
21244
21268
21277
21282
21292
21297
21306
21322
21327
21332
21365
21377
21399
21409
21422
21423
21426
21428
21436
21438
21450
21454
21463
21469
21480
21482
21503
21508
21520
21530
21544
21557
21558
21564
21599
21609
21611
21674
21692
21694
21767
21805
21815
21829
21880
21944
21961
21974
21976
21990
22027
22028
22042
22048
22050
22196
22262
22285
22286
22313
22347
22410
22436
22456
22476
22511
22515
22560
22562
22568
22579
22580
22605
22621
22626
22654
22665
22688
22694
22696
22697
22724
22732
22734
22740
22753
22756
22759
22761
22764
22781
22816
22839
22841
22877
22882
22889
22897
22915
22925
22941
22951
22965
22987
23001
23008
23012
23025
23038
23053
23054
23059
23075
23098
23099
23148
23167
23186
23197
23205
23208
23210
23214
23216
23227
23238
23240
23250
23251
23257
23258
23277
23287
23292
23293
23305
23312
23326
23342
23343
23346
23353
23367
23390
23394
23403
23410
23412
23419
23424
23485
23490
23491
23494
23503
23544
23548
23555
23557
23571
23574
23599
23601
23620
23630
23631
23656
23678
23695
23700
23703
23721
23731
23740
23743
23744
23746
23747
23756
23764
23770
23783
23788
23790
23799
23807
23821
23825
23826
23831
23832
23833
23846
23848
23851
23854
23858
23860
23862
23863
23871
23884
23887
23891
23901
23906
23913
23914
23923
23930
23935
23936
23941
23950
23958
23960
23964
23965
23976
23980
23996
23997
24012
24019
24022
24029
24033
24036
24041
24045
24055
24062
24071
24079
24091
24096
24100
24101
24106
24123
24132
24137
24149
24156
24168
24186
24196
24200
24202
24213
24216
24218
24229
24234
24235
24237
24239
24244
24249
24251
24258
24261
24262
24266
24270
24271
24276
24286
24292
24293
24295
24303
24305
24312
24313
24316
24318
24321
24322
24325
24329
24336
24347
24348
24349
24355
24357
24365
24370
24374
24376
24378
24379
24382
24386
24387
24393
24394
24395
24398
24401
24402
24406
24410
24416
24422
24425
24429
24436
24438
24444
24445
24446
24455
24456
24457
24474
24479
24482
24489
24491
24493
24496
24498
24500
24501
24503
24508
24513
24515
24517
24518
24519
24524
24525
24527
24531
24536
24540
24543
24544
24549
24550
24559
24565
24568
24572
24573
24581
24584
24586
24590
24595
24596
24599
24600
24602
24603
24607
24609
24610
24611
24613
24617
24618
24619
24620
24628
24631
24632
24637
24641
24644
24647
24652
24655
24665
24667
24671
24674
24681
24683
24684
24685
24689
24695
24697
24707
24714
24715
24716
24718
24721
24723
24724
24726
24728
24729
24732
24733
24735
24738
24745
24747
24749
24752
24754
24762
24764
24765
24769
24771
24773
24778
24783
24786
24790
24792
24795
24799
24802
24807
24808
24809
24811
24814
24820
24822
24826
24830
24832
24836
24839
24840
24841
24845
24846
24847
24848
24849
24851
24854
24861
24874
24877
24880
24881
24882
24883
24885
24887
24890
24891
24895
24897
24901
24906
24907
24914
24915
24917
24929
24931
24934
24936
24940
24948
24973
24995
25004
25048
25050
25060
25096
25100
25108
25130
25158
25162
25164
25167
25170
25176
25178
25219
25228
25230
25238
25241
25249
25250
25251
25286
25288
25297
25302
25311
25315
25316
25317
25319
25323
25336
25356
25366
25382
25389
25413
25449
25451
25481
25486
25506
25513
25538
25540
25546
25564
25567
25586
25588
25593
25598
25600
25629
25650
25655
25666
25684
25685
25702
25708
25714
25717
25722
25739
25744
25750
25753
25778
25788
25789
25795
25801
25802
25808
25812
25813
25835
25842
25845
25847
25870
25872
25902
25911
25936
25949
25962
25964
25968
25980
25993
25994
26013
26015
26023
26024
26031
26040
26044
26063
26065
26067
26078
26081
26088
26090
26116
26125
26127
26129
26138
26148
26155
26158
26160
26164
26182
26186
26195
26196
26200
26203
26206
26207
26210
26215
26227
26228
26234
26235
26246
26252
26253
26254
26255
26262
26270
26273
26276
26285
26295
26297
26301
26311
26316
26324
26337
26355
26359
26365
26367
26378
26379
26390
26394
26397
26401
26403
26405
26413
26421
26424
26433
26435
26441
26455
26457
26460
26463
26471
26474
26475
26476
26478
26479
26483
26490
26491
26501
26502
26509
26511
26515
26517
26523
26524
26527
26528
26529
26535
26543
26559
26567
26580
26589
26604
26667
26670
26671
26678
26680
26683
26697
26725
26731
26733
26742
26749
26751
26759
26760
26777
26808
26821
26829
26846
26889
26897
26920
26939
26950
26953
26962
26971
26979
26985
27003
27019
27034
27039
27053
27062
27065
27074
27075
27093
27101
27120
27140
27152
27159
27246
27250
27259
27271
27285
27310
27314
27315
27330
27340
27344
27359
27363
27365
27386
27399
27403
27409
27414
27430
27433
27437
27456
27458
27472
27474
27477
27481
27482
27485
27504
27510
27518
27520
27528
27547
27552
27555
27561
27567
27572
27577
27579
27599
27604
27613
27621
27638
27639
27640
27643
27648
27649
27652
27664
27665
27669
27677
27678
27688
27694
27696
27699
27708
27709
27713
27718
27720
27721
27725
27767
27769
27779
27784
27787
27795
27803
27810
27818
27824
27827
27828
27837
27841
27844
27847
27854
27869
27872
27873
27876
27880
27881
27884
27889
27892
27893
27897
27909
27913
27919
27921
27924
27927
27945
27946
27951
27956
27957
27959
27963
27965
27967
27971
27977
27982
27985
27988
27990
27993
27995
28001
28005
28012
28015
28017
28035
28039
28045
28051
28057
28059
28071
28080
28090
28091
28107
28121
28136
28143
28153
28186
28296
28314
28320
28324
28339
28344
28349
28353
28452
28457
28467
28469
28476
28481
28483
28484
28488
28490
28493
28502
28562
28645
28678
28679
28687
28702
28704
28718
28726
28727
28747
28755
28781
28805
28812
28835
28842
28853
28857
28868
28869
28884
28885
28891
28895
28908
28913
28933
28939
28955
28962
28965
28966
28987
28992
28999
29000
29006
29016
29020
29038
29043
29056
29060
29062
29071
29082
29091
29096
29097
29098
29104
29111
29117
29131
29265
29287
29399
29421
29463
29580
29606
29623
29678
29721
29729
29760
29897
29931
29984
30079
30172
30208
30445
30507
30562
30652
30710
30726
30766
30882
31018
31030
31116
31141
31288
31369
31436
31474
31496
31497
31513
31518
31526
31620
31645
31805
31842
31953
31982
31993
31995
32016
32020
32028
32117
32140
32152
32176
32183
32211
32247
32251
32254
32277
32318
32325
32345
32346
32361
32370
32372
32373
32374
32387
32390
32401
32407
32410
32415
32418
32419
32423
32430
32438
32451
32538
32563
32593
32597
32663
32687
32708
32815
32895
32896
32898
32899
32905
32911
32920
32923
32928
32947
32960
32964
32967
32988
32997
33008
33021
33031
33033
33036
33058
33059
33063
33065
33068
33082
33087
33089
33094
33096
33097
33110
33121
33130
33159
33167
33172
33180
33183
33186
33188
33205
33208
33224
33226
33242
33250
33252
33257
33267
33271
33275
33279
33282
33290
33310
33314
33344
33347
33351
33359
33380
33385
33393
33394
33396
33404
33411
33413
33417
33423
33442
33451
33452
33494
33498
33501
33525
33549
33558
33560
33578
33588
33597
33603
33638
33643
33672
33680
33691
33706
33720
33739
33748
33749
33830
33833
33865
33878
33882
33891
33895
33899
33905
33909
33919
33924
33942
33955
33956
33968
33969
33982
33988
34003
34011
34015
34020
34028
34032
34036
34040
34046
34054
34056
34059
34060
34062
34067
34072
34074
34079
34093
34095
34098
34129
34168
34183
34205
34207
34228
34243
34280
34293
34305
34321
34332
34359
34365
34384
34393
34398
34408
34418
34429
34435
34445
34469
34474
34487
34503
34507
34509
34519
34523
34533
34540
34542
34550
34554
34563
34568
34570
34572
34579
34615
34621
34635
34644
34656
34673
34679
34683
34684
34702
34717
34729
34733
34738
34744
34747
34751
34769
34779
34815
34818
34836
34837
34839
34844
34850
34851
34856
34859
34893
34897
34925
34936
34940
34954
34971
35045
35284
35285
35292
35299
35304
35352
35427
35454
35474
35478
35501
35531
35533
35536
35558
35570
35630
35650
35655
35666
35674
35736
35797
35803
35812
35825
35826
35964
36065
36128
36140
36142
36164
36172
36174
36187
36191
36200
36201
36211
36218
36228
36232
36238
36249
36259
36262
36265
36266
36267
36274
36279
36281
36287
36289
36290
36304
36306
36310
36323
36324
36327
36329
36341
36347
36349
36352
36356
36366
36376
36377
36380
36389
36393
36395
36399
36402
36410
36412
36419
36420
36450
36467
36473
36474
36485
36486
36498
36508
36509
36520
36521
36524
36537
36541
36553
36573
36588
36602
36615
36655
36667
36676
36685
36693
36707
36710
36712
36719
36724
36726
36728
36729
36742
36751
36756
36758
36763
36764
36816
36818
36823
36834
36846
36850
36853
36854
36866
36871
36884
36885
36899
36912
36919
36927
36934
36938
36941
36945
36947
36948
36954
36961
36967
36970
36974
36976
36978
36987
36990
36992
36998
37000
37006
37007
37012
37013
37021
37023
37026
37030
37032
37036
37039
37042
37047
37048
37056
37061
37067
37078
37081
37096
37098
37100
37105
37108
37115
37116
37121
37126
37128
37135
37140
37143
37148
37157
37160
37164
37169
37174
37177
37182
37184
37185
37197
37198
37200
37207
37212
37215
37218
37221
37227
37228
37229
37230
37235
37236
37239
37241
37242
37244
37248
37251
37257
37266
37290
37299
37300
37301
37307
37311
37319
37321
37327
37332
37337
37342
37352
37361
37375
37388
37395
37401
37412
37420
37429
37435
37445
37447
37465
37473
37480
37503
37511
37523
37528
37531
37542
37548
37568
37571
37588
37604
37638
37645
37648
37650
37659
37661
37669
37670
37674
37681
37691
37706
37718
37724
37729
37730
37741
37773
37774
37780
37791
37794
37804
37808
37811
37822
37826
37832
37841
37846
37851
37869
37872
37880
37884
37893
37898
37899
37906
37910
37923
37926
37928
37932
37936
37939
37940
37945
37946
37954
37957
37960
37965
37967
37977
37982
38026
38039
38046
38064
38072
38083
38095
38100
38111
38113
38304
38472
38534
38608
38676
38684
38778
38780
38884
38899
39032
39224
39301
39485
39587
39597
39598
39608
39646
39766
39871
39901
39925
39928
39940
39945
39953
39957
39970
39983
39994
39998
40003
40008
40010
40011
40020
40029
40030
40034
40036
40037
40039
40041
40043
40046
40053
40056
40060
40062
40068
40070
40075
40078
40080
40082
40102
40107
40110
40112
40118
40121
40144
40146
40149
40154
40158
40164
40178
40187
40196
40211
40213
40221
40236
40241
40249
40251
40283
40285
40313
40322
40338
40369
40411
40422
40426
40454
40474
40482
40484
40503
40529
40534
40542
40548
40552
40562
40569
40572
40574
40576
40580
40582
40588
40589
40593
40595
40599
40604
40606
40610
40612
40631
40633
40645
40646
40655
40659
40661
40662
40664
40667
40669
40670
40671
40673
40679
40690
40696
40699
40700
40701
40707
40708
40709
40713
40719
40720
40721
40724
40730
40733
40742
40747
40749
40759
40763
40764
40772
40773
40774
40785
40790
40793
40797
40807
40821
40824
40835
40837
40838
40842
40844
40849
40854
40859
40869
40877
40879
40882
40884
40888
40889
40893
40899
40902
40905
40907
40916
40924
40925
40928
40937
40944
40947
40950
40951
41028
41045
41059
41063
41074
41088
41103
41109
41113
41128
41133
41140
41147
41148
41154
41156
41162
41168
41170
41183
41185
41191
41204
41208
41249
41254
41276
41303
41305
41313
41339
41352
41354
41358
41387
41418
41423
41446
41456
41457
41464
41465
41472
41473
41478
41485
41506
41511
41515
41519
41522
41524
41525
41528
41540
41545
41546
41553
41557
41562
41565
41571
41576
41592
41601
41613
41618
41625
41709
41718
41721
41726
41729
41750
41776
41777
41781
41786
41791
41815
41856
41874
41888
41892
41894
41907
41908
41911
41916
41923
41930
41933
41936
41937
41944
41948
41955
41963
41973
41975
41985
41988
42021
42036
42054
42061
42080
42089
42094
42095
42102
42111
42113
42116
42126
42131
42133
42151
42159
42167
42175
42183
42191
42192
42197
42221
42227
42251
42265
42299
42314
42319
42344
42368
42369
42391
42408
42412
42415
42422
42423
42425
42442
42446
42450
42454
42466
42471
42495
42500
42501
42512
42525
42530
42534
42541
42552
42555
42559
42561
42581
42583
42596
42599
42608
42610
42622
42633
42646
42648
42651
42662
42666
42669
42678
42680
42689
42690
42702
42705
42716
42720
42722
42724
42727
42737
42739
42740
42745
42749
42753
42754
42755
42756
42762
42765
42771
42775
42786
42788
42791
42795
42799
42802
42803
42806
42811
42817
42818
42821
42822
42823
42824
42830
42832
42834
42847
42890
42893
42899
42907
42913
42915
42921
42923
42928
42929
42932
42937
42950
42956
42957
42964
42966
42968
42977
42981
42986
42987
42990
42995
42999
43003
43006
43007
43010
43013
43015
43024
43028
43029
43031
43034
43036
43037
43042
43044
43047
43048
43051
43059
43077
43081
43087
43097
43098
43101
43104
43105
43109
43116
43124
43135
43137
43141
43143
43151
43152
43159
43161
43164
43181
43186
43189
43193
43202
43206
43209
43212
43216
43217
43221
43224
43229
43232
43235
43241
43250
43251
43257
43259
43269
43282
43284
43288
43296
43302
43304
43310
43313
43319
43322
43324
43327
43328
43332
43353
43355
43359
43363
43372
43373
43374
43376
43385
43388
43390
43391
43392
43397
43401
43408
43414
43420
43426
43429
43433
43445
43449
43451
43474
43477
43483
43493
43497
43512
43515
43519
43522
43523
43525
43528
43529
43534
43537
43538
43540
43541
43543
43544
43545
43547
43548
43550
43559
43560
43565
43568
43570
43574
43578
43581
43586
43599
43638
43657
43666
43669
43671
43673
43679
43702
43705
43706
43707
43716
43718
43722
43735
43755
43764
43772
43775
43776
43787
43793
43801
43804
43823
43827
43829
43830
43838
43840
43843
43844
43847
43848
43859
43866
43882
43905
43929
43933
43937
43978
44006
44026
44052
44076
44077
44078
44089
44091
44129
44155
44184
44205
44207
44211
44216
44244
44248
44252
44267
44277
44288
44295
44296
44299
44325
44327
44338
44343
44356
44383
44389
44395
44405
44407
44415
44425
44432
44436
44452
44455
44462
44482
44531
44550
44561
44564
44594
44607
44610
44612
44629
44654
44670
44672
44681
44682
44698
44706
44715
44718
44724
44732
44734
44738
44747
44749
44750
44755
44759
44778
44790
44815
44817
44841
44855
44862
44867
44872
44880
44886
44891
44898
44901
44921
44927
44966
44972
44976
44994
44997
45005
45007
45013
45022
45026
45037
45039
45045
45054
45059
45066
45094
45098
45108
45114
45121
45125
45143
45151
45154
45160
45163
45169
45178
45181
45184
45188
45202
45205
45216
45217
45223
45233
45236
45239
45241
45248
45261
45273
45275
45307
45323
45346
45358
45362
45370
45373
45381
45396
45421
45429
45438
45439
45443
45447
45455
45462
45465
45473
45483
45498
45511
45512
45528
45542
45544
45581
45597
45604
45607
45616
45644
45648
45652
45657
45664
45691
45702
45724
45727
45742
45746
45754
45793
45798
45806
45810
45832
45857
45864
45868
45893
45935
45939
45940
46019
46037
46048
46051
46136
46150
46153
46167
46172
46181
46210
46257
46274
46298
46316
46334
46358
46362
46394
46412
46413
46435
46464
46467
46473
46491
46498
46509
46533
46557
46564
46566
46601
46608
46611
46624
46630
46666
46675
46681
46689
46696
46715
46718
46735
46742
46759
46781
46786
46788
46792
46799
46800
46807
46812
46814
46826
46833
46839
46867
46870
46872
46889
46894
46903
46906
46918
46924
46945
46947
46949
46968
46970
46971
46980
46991
46993
46995
47003
47019
47027
47028
47031
47043
47046
47050
47051
47052
47057
47061
47063
47067
47070
47079
47085
47090
47091
47093
47096
47098
47100
47103
47122
47124
47136
47140
47144
47148
47152
47159
47169
47172
47173
47178
47181
47184
47205
47209
47217
47220
47237
47339
47367
47398
47399
47412
47414
47431
47437
47441
47442
47444
47445
47448
47455
47458
47459
47462
47465
47584
47596
47603
47607
47610
47616
47622
47624
47626
47687
47698
47707
47718
47727
47735
47740
47743
47746
47749
47759
47763
47773
47781
47794
47803
47811
47812
47814
47825
47840
47852
47855
47859
47861
47862
47869
47874
47880
47882
47910
47921
47930
47931
47943
47949
47956
47963
47965
47975
47988
47989
47990
47996
48001
48008
48010
48014
48015
48017
48023
48027
48031
48038
48042
48046
48061
48066
48069
48075
48078
48081
48086
48088
48099
48106
48128
48132
48133
48252
48615
48697
48727
48770
48909
48931
49650
49671
49727
49734
49781
49872
49880
49883
49887
49891
49897
49912
49913
49922
49926
50053
50314
50384
50470
50474
50505
50510
50525
50570
50574
50583
50603
50613
50614
50618
50630
50648
50651
50661
50667
50670
50679
50689
50695
50705
50708
50709
50711
50725
50745
50766
50915
50924
50989
51086
51088
51118
51126
51238
51243
51249
51256
51274
51275
51297
51308
51328
51337
51362
51370
51373
51379
51382
51383
51385
51388
51395
51401
51404
51418
51441
51444
51446
51455
51471
51482
51497
51514
51533
51534
51569
51592
51596
51599
51607
51611
51613
51624
51632
51634
51635
51637
51639
51642
51643
51705
51707
51723
51726
51728
51736
51743
51744
51752
51796
51803
51809
51817
51821
51857
51859
51866
51876
51882
51887
51894
51909
51913
51922
51950
51968
51974
51985
51986
51998
52031
52033
52036
52041
52042
52043
52049
52054
52059
52064
52083
52091
52100
52102
52111
52125
52142
52173
52215
52226
52229
52238
52254
52256
52286
52290
52292
52385
52427
52434
52461
52491
52701
52704
52712
52720
52722
52732
52738
52745
52753
52759
52763
52775
52792
52807
52819
52822
52829
52852
52868
52873
52879
52899
52905
52923
52952
52962
52969
52974
52978
52986
53050
53059
53076
53085
53091
53093
53099
53118
53144
53155
53173
53189
53208
53210
53219
53280
53281
53292
53357
53359
53409
53455
53466
53480
53498
53561
53634
53656
53666
53701
53705
53814
53821
53830
53848
53877
53885
54113
54174
54231
54247
54262
54279
54296
54329
54339
54343
54347
54348
54352
54354
54355
54358
54360
54361
54364
54371
54376
54377
54378
54382
54397
54401
54406
54408
54413
54415
54421
54428
54434
54440
54446
54453
54462
54464
54468
54472
54479
54485
54497
54500
54502
54504
54508
54514
54515
54518
54520
54522
54530
54534
54537
54540
54552
54554
54560
54573
54574
54578
54587
54592
54593
54596
54597
54598
54600
54602
54607
54609
54620
54625
54626
54635
54638
54657
54674
54692
54700
54709
54717
54721
54724
54726
54734
54737
54744
54751
54759
54773
54776
54782
54786
54790
54796
54814
54827
54838
54839
54841
54850
54872
54886
54889
54891
54903
54906
54925
54931
54932
54934
54939
54947
54948
54951
54955
54965
54966
54974
54975
54977
54980
54983
54987
54999
55017
55018
55019
55022
55024
55027
55032
55034
55038
55048
55050
55056
55058
55061
55073
55088
55095
55096
55104
55106
55116
55121
55125
55132
55138
55140
55147
55149
55159
55167
55168
55169
55172
55178
55192
55193
55208
55219
55220
55225
55226
55227
55245
55247
55248
55254
55257
55259
55263
55268
55271
55272
55276
55277
55278
55287
55291
55292
55298
55305
55310
55315
55334
55336
55343
55352
55355
55359
55369
55370
55373
55379
55387
55388
55403
55405
55410
55416
55421
55422
55432
55440
55445
55459
55463
55474
55475
55483
55487
55489
55493
55497
55499
55500
55513
55518
55520
55527
55544
55546
55553
55555
55559
55561
55573
55579
55586
55588
55589
55592
55603
55618
55621
55623
55626
55635
55637
55639
55640
55647
55657
55659
55660
55662
55663
55670
55675
55682
55697
55698
55704
55706
55713
55714
55722
55723
55726
55732
55741
55742
55747
55750
55754
55763
55765
55767
55792
55799
55818
55821
55836
55838
55848
55857
55876
55883
55884
55898
55901
55913
55924
55930
55938
55953
55970
55988
55990
56004
56017
56097
56235
56337
56401
56454
56474
56497
56755
56781
56894
56927
56981
57099
57244
57274
57275
57366
57370
57399
57536
57569
57576
57589
57644
57661
57679
57687
57695
57702
57707
57712
57750
57754
57756
57768
57772
57778
57783
57784
57793
57796
57800
57802
57807
57812
57815
57816
57822
57825
57839
57842
57844
57851
57857
57860
57863
57870
57875
57893
57914
57917
57921
57928
57933
57939
57941
57949
57972
58003
58008
58018
58046
58059
58070
58080
58085
58092
58096
58116
58127
58147
58156
58182
58184
58189
58190
58191
58200
58205
58209
58213
58223
58226
58228
58233
58235
58239
58243
58245
58261
58266
58268
58272
58283
58290
58299
58307
58316
58318
58332
58349
58362
58367
58371
58374
58394
58402
58416
58419
58421
58430
58458
58459
58461
58468
58473
58477
58485
58491
58497
58508
58530
58532
58534
58536
58541
58545
58556
58568
58575
61045
61058
61065
61103
61158
61174
61179
61193
61201
61216
61261
61280
61294
61299
61306
61310
61314
61329
61344
61347
61373
61391
61395
61399
61415
61422
61424
61430
61451
61460
61467
61470
61472
61493
61500
61502
61517
61528
61535
61594
61602
61619
61634
61648
61679
61685
61690
61697
61794
61802
61828
61829
61833
61864
61877
61888
61893
61906
61924
61942
61945
61988
62004
62009
62017
62021
62026
62042
62044
62078
62088
62108
62126
62171
62185
62200
62242
62248
62276
62292
62350
62383
62414
62438
62445
62457
62483
62485
62506
62507
62550
62563
62586
62605
62618
62625
62643
62644
62674
62691
62699
62704
62712
62726
62728
62736
62741
62762
62768
62772
62806
62818
62820
62833
62838
62841
62851
62854
62856
62865
62867
62872
62891
62895
62898
62900
62907
62917
62923
62929
62932
62935
62937
62939
62960
62973
62976
62982
62984
62994
62996
63001
63013
63021
63030
63033
63035
63051
63054
63063
63082
63099
63141
63152
63155
63173
63179
63181
63198
63205
63210
63211
63212
63225
63245
63264
63271
63273
63278
63285
63289
63297
63300
63329
63337
63344
63361
63378
63381
63383
63388
63396
63400
63407
63412
63419
63432
63433
63434
63435
63442
63453
63459
63461
63476
63488
63495
63499
63511
63517
63525
63535
63558
63560
63561
63566
63569
63571
63572
63581
63589
63593
63601
63612
63621
63622
63627
63631
63637
63638
63644
63651
63656
63659
63660
63663
63666
63668
63672
63675
63676
63677
63696
63699
63702
63707
63708
63716
63718
63719
63727
63728
63729
63735
63744
63747
63757
63759
63773
63782
63789
63790
63793
63796
63798
63801
63806
63809
63814
63827
63835
63836
63842
63848
63851
63854
63859
63870
63874
63876
63882
63883
63885
63887
63892
63895
63897
63903
63910
63913
63920
63921
63922
63929
63932
63935
63938
63942
63944
63945
63951
63954
63961
63968
63978
63979
63984
63989
63990
63993
63995
64000
64002
64010
64013
64021
64024
64025
64029
64048
64053
64055
64056
64067
64076
64077
64082
64084
64098
64103
64119
64130
64132
64140
64160
64161
64163
64186
64187
64189
64194
64197
64205
64216
64217
64218
64220
64255
64257
64265
64268
64269
64271
64273
64291
64303
64305
64323
64331
64337
64349
64352
64355
64356
64361
64368
64369
64379
64387
64404
64405
64416
64419
64428
64436
64445
64474
64476
64477
64478
64483
64488
64489
64490
64495
64508
64512
64517
64522
64543
64544
64545
64546
64556
64561
64583
64584
64595
64602
64612
64629
64630
64636
64642
64666
64670
64671
64672
64677
64681
64683
64688
64692
64703
64704
64711
64713
64719
64720
64722
64724
64728
64733
64743
64745
64750
64751
64754
64755
64756
64759
64762
64763
64766
64770
64776
64784
64786
64787
64789
64790
64791
64794
64799
64800
64806
64809
64815
64817
64820
64823
64840
64841
64845
64850
64856
64871
64872
64874
64875
64876
64880
64883
64888
64889
64891
64893
64895
64897
64899
64903
64904
64907
64910
64915
64922
64933
64935
64952
64957
64966
64969
64972
64974
64990
64991
64994
65022
65030
65038
65039
65049
65064
65071
65073
65085
65105
65115
65136
65149
65152
65156
65162
65165
65168
65173
65182
65197
65204
65214
65215
65224
65225
65227
65228
65229
65240
65245
65251
65252
65258
65261
65268
65270
65277
65282
65284
65287
65290
65293
65299
65301
65302
65303
65317
65324
65330
65334
65335
65336
65340
65347
65352
65363
65370
65378
65379
65386
65389
65390
65400
65403
65406
65411
65413
65417
65418
65421
65422
65429
65433
65441
65450
65454
65458
65461
65467
65469
65478
65481
65487
65491
65495
65503
65505
65512
65528
65530
65532
65534
65538
65542
65543
65545
65546
65549
65550
65556
65560
65566
65567
65569
65570
65571
65572
65576
65583
65586
65588
65591
65592
65615
65616
65630
65638
65639
65642
65644
65646
65647
65658
65666
65680
65687
65701
65708
65716
65719
65742
65769
65785
65795
65796
65797
65802
65827
65831
65832
65842
65879
65880
65899
65905
65915
65927
65928
65932
65938
65939
65949
65950
65963
65975
65985
66001
66026
66041
66042
66051
66060
66065
66074
66075
66078
66098
66102
66112
66114
66116
66121
66128
66131
66141
66143
66147
66167
66178
66185
66189
66199
66204
66205
66208
66219
66223
66225
66247
66253
66256
66259
66268
66274
66285
66293
66297
66305
66310
66311
66312
66318
66329
66331
66350
66367
66371
66376
66379
66382
66386
66406
66410
66414
66416
66423
66425
66430
66431
66433
66434
66437
66440
66443
66448
66452
66457
66461
66464
66471
66474
66481
66482
66485
66490
66491
66493
66495
66501
66524
66529
66530
66534
66542
66544
66549
66556
66560
66562
66563
66566
66569
66570
66574
66578
66594
66595
66596
66607
66614
66616
66622
66626
66633
66635
66638
66653
66654
66661
66670
66672
66695
66709
66720
66724
66725
66729
66749
66761
66762
66764
66765
66766
66771
66772
66775
66777
66778
66785
66786
66790
66791
66792
66797
66798
66801
66804
66813
66821
66826
66827
66830
66836
66843
66846
66854
66865
66866
66869
66879
66880
66896
66908
66934
66967
67007
67012
67019
67057
67065
67092
67098
67109
67132
67193
67205
67206
67207
67209
67214
67216
67222
67226
67227
67229
67233
67234
67237
67238
67244
67252
67269
67280
67299
67303
67321
67326
67335
67336
67376
67391
67400
67438
67446
67458
67461
67474
67482
67515
67528
67531
67539
67542
67547
67563
67567
67568
67571
67578
67583
67590
67595
67602
67609
67611
67616
67619
67620
67627
67633
67637
67638
67640
67653
67654
67657
67658
67660
67662
67667
67669
67673
67674
67680
67681
67683
67685
67689
67693
67694
67695
67696
67699
67704
67709
67711
67718
67720
67722
67723
67724
67725
67727
67730
67731
67734
67736
67737
67738
67739
67740
67745
67746
67747
67749
67752
67756
67761
67762
67766
67767
67768
67771
67772
67777
67779
67780
67787
67789
67800
67801
67806
67807
67808
67810
67814
67817
67821
67827
67828
67830
67831
67835
67840
67841
67848
67849
67853
67857
67859
67865
67870
67872
67875
67877
67880
67881
67882
67883
67884
67887
67891
67892
67893
67894
67895
67896
67899
67901
67902
67903
67905
67919
67921
67924
67925
67928
67940
67941
67944
67948
67949
67950
67952
67953
67955
67958
67960
67961
67962
67963
67966
67968
67970
67972
67973
67985
67998
68018
68075
68094
68120
68143
68154
68169
68198
68219
68227
68240
68298
68311
68347
68393
68414
68436
68440
68481
68503
68537
68563
68593
68640
68656
68657
68691
68702
68708
68733
68845
68871
68882
68907
68938
68962
68979
68993
69008
69025
69032
69043
69053
69118
69128
69132
69134
69153
69156
69159
69160
69182
69193
69202
69205
69228
69236
69252
69278
69282
69292
69304
69307
69310
69343
69369
69370
69419
69494
69506
69604
69617
69630
69635
69653
69654
69736
69765
69843
69859
69860
69883
69915
70069
70104
70116
70237
70305
70353
70367
70437
70476
70490
70522
70553
70572
70576
70583
70588
70593
70597
70612
70616
70631
70638
70685
70689
70706
70710
70715
70717
70724
70726
70735
70743
70755
70774
70777
70784
70791
70815
70825
70833
70844
70846
70847
70855
70870
70873
70874
70881
70912
70930
70936
70937
70944
70953
70983
70993
71007
71008
71013
71014
71015
71018
71059
71062
71071
71075
71087
71094
71118
71119
71127
71129
71145
71147
71155
71173
71174
71180
71192
71193
71202
71207
71208
71224
71225
71240
71245
71246
71253
71256
71259
71281
71296
71306
71315
71324
71341
71351
71353
71392
71424
71426
71429
71433
71464
71470
71480
71481
71490
71496
71498
71518
71528
71529
71542
71550
71559
71570
71575
71600
71628
71644
71654
71664
71673
71702
71716
71719
71768
71781
71788
71790
71792
71793
71796
71806
71837
71840
71864
71874
71892
71913
71940
71955
71958
71988
72003
72009
72013
72040
72053
72079
72108
72115
72116
72142
72144
72150
72151
72171
72175
72180
72182
72185
72199
72212
72219
72221
72222
72242
72245
72257
72261
72271
72287
72299
72308
72309
72323
72325
72329
72331
72334
72340
72344
72347
72352
72355
72358
72368
72373
72384
72385
72387
72393
72402
72403
72404
72407
72409
72413
72417
72419
72423
72427
72428
72446
72448
72452
72455
72458
72466
72467
72473
72477
72485
72486
72487
72488
72490
72493
72494
72499
72505
72512
72535
72547
72557
72560
72563
72566
72578
72585
72601
72622
72623
72643
72648
72653
72654
72661
72668
72669
72686
72695
72714
72729
72759
72781
72789
72811
72829
72843
72847
72852
72855
72859
72862
72870
72879
72881
72888
72896
72899
72906
72914
72927
72943
72950
72968
72980
72994
73049
73058
73065
73068
73084
73089
73091
73092
73098
73101
73107
73113
73140
73143
73144
73148
73151
73162
73165
73187
73188
73216
73228
73234
73240
73241
73261
73281
73310
73323
73328
73337
73363
73366
73390
73421
73434
73444
73462
73474
73488
73494
73513
73532
73539
73578
73591
73596
73611
73617
73641
73663
73677
73686
73722
73758
73765
73815
73827
73854
73881
73898
73920
73932
73965
73991
73995
74002
74008
74020
74040
74051
74080
74086
74088
74112
74113
74118
74140
74141
74152
74157
74171
74180
74198
74221
74224
74236
74237
74240
74256
74260
74269
74277
74281
74283
74289
74309
74318
74327
74338
74365
74369
74371
74372
74374
74390
74396
74397
74423
74430
74440
74453
74467
74476
74497
74502
74503
74512
74514
74527
74533
74544
74547
74553
74567
74585
74592
74594
74596
74604
74609
74617
74628
74630
74640
74646
74649
74657
74659
74670
74674
74677
74683
74698
74701
74707
74709
74718
74738
74745
74746
74761
74762
74781
74798
74802
74813
74814
74815
74816
74824
74826
74831
74837
74848
74860
74862
74867
74872
74874
74883
74891
74893
74895
74913
74924
74951
74958
74978
74986
75026
75044
75050
75054
75062
75064
75070
75071
75086
75105
75118
75121
75157
75163
75194
75198
75226
75261
75263
75292
75317
75362
75422
75437
75451
75457
75496
75516
75517
75540
75565
75586
75589
75605
75617
75618
75637
75654
75673
75685
75718
75725
75726
75752
75783
75789
75821
75822
75838
75850
75858
75860
75861
75862
75876
75878
75880
75883
75888
75889
75891
75894
75896
75919
75928
75936
75941
75946
75949
75962
75982
75995
76002
76007
76029
76033
76041
76046
76049
76057
76059
76067
76070
76101
76105
76117
76119
76126
76130
76134
76135
76143
76146
76147
76150
76157
76168
76184
76185
76226
76230
76237
76258
76267
76276
76283
76292
76294
76302
76307
76311
76340
76347
76348
76359
76360
76364
76365
76366
76375
76383
76384
76389
76402
76405
76415
76436
76453
76456
76469
76494
76498
76509
76511
76516
76518
76524
76527
76534
76550
76555
76595
76607
76608
76629
76638
76663
76664
76675
76692
76693
76698
76722
76723
76747
76775
76779
76819
76834
76842
76865
76875
76876
76905
76907
76911
76922
76929
76947
76960
76961
76977
76980
77000
77014
77015
77043
77047
77120
77133
77138
77157
77166
77170
77174
77179
77211
77269
77273
77274
77307
77308
77322
77324
77333
77416
77417
77456
77506
77529
77530
77533
77553
77564
77565
77640
77651
77657
77670
77687
77707
77719
77722
77737
77740
77741
77753
77788
77827
77828
77857
77863
77873
77887
77898
77917
77918
77932
77943
77978
77982
77993
78011
78027
78041
78047
78050
78052
78054
78055
78067
78071
78072
78074
78083
78089
78091
78093
78106
78112
78114
78117
78127
78133
78136
78140
78143
78145
78148
78155
78156
78159
78161
78165
78169
78171
78174
78180
78187
78190
78193
78196
78197
78198
78202
78205
78244
78248
78252
78261
78267
78268
78289
78292
78297
78301
78309
78324
78329
78336
78340
78341
78342
78343
78349
78353
78354
78368
78370
78404
78411
78426
78440
78466
78481
78505
78547
78551
78558
78572
78606
78616
78627
78648
78656
78663
78675
78677
78681
78683
78697
78698
78702
78706
78720
78721
78743
78748
78755
78766
78800
78803
78815
78818
78832
78834
78836
78851
78856
78874
78891
78905
78910
78926
78934
78939
78943
78950
78958
78982
78983
79003
79007
79010
79020
79025
79043
79044
79052
79076
79085
79087
79102
79110
79126
79137
79138
79139
79140
79154
79160
79166
79171
79179
79182
79187
79191
79196
79200
79205
79209
79211
79216
79223
79234
79250
79345
79413
79425
79458
79500
79501
79525
79574
79609
79659
79675
79689
79690
79691
79709
79716
79740
79746
79800
79847
79854
79874
79898
79909
79990
79991
80018
80063
80231
80245
80407
80431
80557
80571
80572
80595
80671
80754
80778
80881
80894
80916
80919
80960
80987
80998
81144
81168
81213
81221
81225
81269
81285
81340
81347
81362
81365
81368
81374
81393
81419
81428
81437
81444
81460
81461
81462
81475
81505
81506
81606
81635
81678
81700
81717
81753
81761
81766
81767
81768
81791
81797
81803
81831
81839
81843
81848
81857
81874
81875
81877
81951
81989
82014
82016
82017
82018
82028
82066
82067
82068
82069
82073
82077
82091
82094
82106
82109
82122
82132
82168
82174
82195
82219
82240
82256
82261
82262
82270
82289
82308
82314
82323
82327
82336
82337
82340
82341
82347
82425
82443
82456
82466
82470
82479
82484
82496
82515
82538
82557
82558
82571
82584
82589
82639
82640
82643
82644
82646
82695
82751
82760
82787
82834
82861
82864
82911
82915
82940
82947
82951
82993
83000
83007
83011
83012
83017
83020
83036
83037
83038
83067
83093
83109
83133
83196
83202
83214
83237
83247
83269
83297
83335
83351
83362
83379
83442
83483
83522
83543
83544
83568
83592
83613
83615
83689
83694
83703
83704
83735
83753
83821
83865
83905
83915
83927
83970
83987
83993
84045
84052
84059
84163
84238
84284
84292
84369
84374
84376
84396
84406
84412
84431
84453
84502
84517
84532
84533
84584
84587
84591
84607
84617
84775
84808
84856
84866
84872
84873
84876
84881
84888
84907
84908
84919
84922
84950
84957
84960
84964
84966
84970
84981
84989
84996
85008
85010
85017
85023
85036
85041
85054
85065
85066
85068
85080
85097
85103
85113
85114
85116
85124
85137
85145
85157
85160
85192
85197
85205
85227
85231
85248
85284
85287
85298
85321
85322
85327
85336
85339
85350
85352
85375
85383
85389
85397
85399
85422
85427
85431
85438
85444
85477
85479
85486
85491
85504
85518
85524
85572
85584
85585
85587
85588
85592
85621
85622
85624
85630
85637
85640
85659
85663
85672
85678
85679
85686
85689
85694
85695
85699
85715
85723
85731
85737
85774
85779
85785
85836
85837
85877
85888
85905
85917
85922
85936
85938
85941
85951
85958
85972
85975
85981
85983
85993
85998
86000
86017
86021
86023
86026
86032
86044
86045
86065
86067
86080
86081
86088
86093
86101
86106
86118
86125
86141
86143
86145
86152
86160
86164
86175
86183
86198
86201
86204
86210
86215
86236
86246
86248
86263
86276
86279
86285
86301
86326
86329
86332
86359
86360
86373
86379
86398
86401
86411
86426
86436
86454
86463
86491
86510
86521
86524
86530
86537
86543
86566
86569
86581
86604
86606
86624
86632
86642
86650
86659
86692
86693
86702
86703
86716
86720
86721
86729
86736
86737
86740
86748
86752
86755
86756
86766
86767
86773
86774
86778
86779
86783
86786
86794
86799
86800
86804
86808
86813
86814
86815
86822
86825
86826
86829
86833
86841
86851
86852
86855
86858
86867
86869
86875
86878
86897
86900
86902
86914
86929
86951
86954
86963
86971
86974
86990
86995
87027
87036
87040
87056
87060
87067
87071
87081
87082
87086
87094
87099
87100
87125
87144
87168
87173
87180
87184
87186
87189
87192
87256
87258
87259
87260
87285
87286
87290
87294
87297
87298
87303
87305
87306
87397
87580
87676
87683
87687
87792
87812
87813
87820
87821
87827
87834
87839
87841
87858
87938
87948
87956
87963
87975
88016
88018
88031
88033
88049
88080
88094
88102
88128
88155
88377
88386
88413
88421
88428
88483
88486
88515
88519
88523
88580
88665
88672
88682
88686
88730
88754
88758
88768
88855
88864
88873
88886
88938
88990
88997
89008
89039
89051
89052
89150
89192
89241
89264
89293
89328
89333
89370
89397
89400
89430
89453
89476
89483
89487
89493
89497
89527
89533
89536
89537
89542
89548
89554
89559
89564
89571
89582
89586
89595
89604
89615
89623
89643
89644
89654
89659
89676
89697
89711
89725
89727
89733
89742
89761
89764
89772
89777
89787
89800
89810
89822
89824
89826
89837
89862
89870
89886
89887
89895
89899
89926
89931
89960
89973
89981
89984
89988
89996
90000
90008
90009
90013
90023
90024
90025
90035
90040
90046
90055
90056
90062
90063
90064
90065
90067
90075
90077
90089
90098
90113
90115
90128
90145
90150
90154
90164
90180
90181
90192
90201
90222
90225
90249
90261
90279
90294
90307
90308
90311
90319
90324
90337
90348
90350
90358
90365
90381
90386
90390
90393
90397
90399
90402
90408
90413
90419
90420
90427
90429
90434
90435
90444
90448
90458
90460
90466
90476
90482
90492
90503
90517
90530
90533
90542
90545
90555
90562
90563
90564
90570
90572
90588
90612
90614
90619
90641
90642
90648
90653
90664
90673
90677
90683
90687
90697
90700
90706
90709
90715
90724
90746
90747
90752
90754
90755
90759
90766
90767
90769
90776
90778
90788
90794
90795
90798
90799
90807
90816
90818
90821
90825
90826
90827
90831
90836
90845
90846
90851
90852
90861
90863
90867
90875
90895
90902
90908
90917
90930
90940
90943
90947
90954
90960
90977
90993
91006
91020
91027
91032
91033
91034
91036
91037
91048
91049
91055
91096
91097
91108
91109
91128
91135
91162
91171
91184
91194
91209
91212
91213
91227
91228
91235
91256
91257
91263
91270
91278
91307
91322
91328
91338
91343
91344
91345
91347
91349
91350
91352
91356
91357
91374
91387
91397
91398
91402
91404
91405
91439
91454
91464
91474
91483
91497
91509
91512
91513
91514
91522
91528
91529
91542
91547
91557
91562
91563
91569
91570
91579
91591
91599
91603
91604
91605
91610
91617
91621
91627
91633
91641
91649
91651
91658
91662
91675
91682
91687
91693
91705
91713
91718
91721
91731
91733
91755
91769
91773
91774
91777
91787
91788
91808
91811
91818
91834
91836
91844
91854
91855
91892
91931
91933
91962
91964
91965
91968
91990
91997
91998
92012
92016
92021
92026
92027
92035
92046
92047
92066
92067
92079
92080
92084
92097
92103
92118
92128
92129
92131
92136
92150
92161
92162
92166
92167
92179
92181
92182
92187
92189
92200
92209
92220
92230
92235
92237
92248
92250
92253
92255
92256
92261
92270
92272
92293
92307
92356
92363
92375
92386
92388
92403
92405
92413
92416
92445
92463
92481
92500
92508
92510
92511
92523
92525
92534
92539
92548
92550
92556
92557
92563
92576
92599
92604
92606
92614
92648
92661
92699
92702
92704
92716
92723
92745
92760
92777
92786
92792
92800
92801
92808
92816
92817
92821
92828
92837
92847
92856
92863
92866
92870
92878
92888
92894
92901
92931
92962
92976
92981
92989
92990
92991
93009
93028
93033
93034
93035
93040
93043
93044
93057
93059
93060
93064
93068
93081
93090
93099
93110
93112
93131
93143
93152
93165
93183
93202
93209
93221
93229
93231
93233
93245
93258
93270
93277
93282
93292
93303
93308
93313
93314
93316
93323
93325
93334
93367
93377
93378
93393
93405
93409
93413
93417
93421
93428
93435
93442
93459
93474
93490
93491
93497
93509
93519
93532
93542
93543
93548
93564
93565
93572
93593
93614
93616
93644
93658
93683
93690
93695
93698
93717
93719
93721
93726
93734
93760
93761
93763
93768
93775
93777
93778
93786
93795
93810
93827
93833
93862
93941
93964
93965
93975
93983
93998
93999
94013
94032
94038
94042
94043
94084
94104
94129
94140
94147
94155
94163
94172
94206
94209
94218
94232
94249
94253
94289
94294
94311
94324
94332
94335
94344
94345
94361
94362
94363
94379
94381
94390
94397
94422
94436
94440
94441
94453
94509
94525
94564
94584
94611
94615
94635
94636
94647
94650
94655
94683
94688
94714
94727
94739
94756
94771
94791
94792
94793
94800
94826
94835
94842
94850
94857
94886
94937
94947
94967
94972
94993
95011
95021
95056
95097
95117
95119
95131
95134
95137
95146
95159
95180
95209
95230
95235
95239
95251
95278
95292
95317
95321
95344
95377
95378
95399
95405
95430
95448
95450
95463
95478
95484
95491
95492
95495
95520
95523
95531
95535
95571
95573
95615
95620
95637
95643
95655
95662
95667
95678
95681
95691
95694
95696
95697
95698
95716
95723
95755
95770
95771
95794
95802
95821
95865
95881
95906
95919
95929
95931
95938
95943
95949
95956
95977
95983
95991
96000
96027
96030
96037
96039
96040
96046
96047
96049
96053
96064
96075
96076
96081
96100
96103
96118
96119
96126
96128
96136
96140
96141
96145
96157
96160
96164
96165
96175
96199
96203
96226
96232
96233
96236
96237
96254
96277
96290
96299
96308
96315
96316
96321
96326
96338
96346
96349
96356
96365
96371
96376
96388
96391
96401
96407
96420
96423
96426
96430
96439
96472
96480
96486
96494
96497
96499
96500
96503
96507
96526
96555
96562
96567
96571
96574
96578
96579
96580
96581
96593
96602
96608
96614
96623
96627
96629
96633
96650
96658
96672
96686
96687
96692
96703
96707
96718
96721
96723
96729
96744
96782
96783
96793
96800
96806
96822
96823
96824
96828
96833
96836
96841
96842
96847
96853
96854
96855
96860
96868
96877
96882
96891
96893
96894
96896
96908
96911
96917
96924
96929
96930
96934
96937
96939
96945
96946
96954
96956
96959
96962
96975
96976
96979
96982
96985
96990
96992
96994
97001
97003
97009
97010
97037
97040
97041
97043
97055
97077
97082
97090
97101
97108
97110
97113
97126
97129
97133
97159
97160
97163
97168
97170
97173
97176
97180
97183
97193
97197
97199
97207
97209
97213
97227
97231
97232
97250
97253
97254
97268
97275
97277
97286
97292
97299
97304
97305
97317
97332
97339
97341
97352
97362
97368
97372
97388
97402
97410
97419
97431
97447
97454
97456
97465
97496
97508
97512
97517
97518
97526
97536
97542
97553
97565
97573
97577
97578
97587
97588
97591
97600
97608
97613
97617
97626
97628
97651
97655
97656
97659
97662
97663
97666
97679
97682
97685
97698
97699
97700
97701
97706
97709
97712
97716
97717
97728
97731
97734
97739
97743
97753
97766
97767
97773
97781
97795
97798
97824
97829
97848
97854
97860
97865
97866
97867
97872
97874
97885
97922
97951
97965
97966
97977
97978
97987
97994
97998
98002
98019
98035
98041
98049
98050
98051
98053
98054
98056
98065
98068
98070
98078
98081
98082
98084
98091
98095
98097
98107
98133
98135
98137
98182
98194
98213
98246
98247
98253
98254
98264
98305
98311
98318
98358
98359
98379
98387
98402
98404
98414
98417
98423
98437
98464
98475
98478
98492
98493
98496
98497
98518
98535
98536
98540
98541
98547
98549
98563
98570
98584
98585
98594
98613
98627
98635
98640
98642
98644
98654
98655
98661
98666
98675
98676
98678
98691
98692
98693
98730
98734
98745
98747
98781
98792
98795
98798
98815
98816
98818
98834
98852
98862
98870
98878
98896
98900
98905
98910
98925
98929
98937
98947
98968
98988
98990
99014
99044
99048
99090
99097
99104
99106
99123
99133
99144
99167
99171
99176
99181
99185
99188
99196
99199
99209
99213
99215
99220
99226
99229
99233
99245
99248
99249
99258
99264
99268
99279
99284
99294
99296
99306
99308
99310
99311
99316
99321
99337
99342
99364
99387
99421
99439
99470
99471
99480
99481
99492
99493
99500
99521
99538
99547
99552
99562
99574
99589
99608
99625
99636
99643
99652
99724
99769
99794
99808
99839
99841
99850
99881
99884
99889
99912
99952
100010
100014
100030
100036
100051
100058
100067
100077
100089
100099
100106
100145
100150
100162
100170
100184
100191
100200
100202
100227
100229
100231
100239
100251
100273
100274
100277
100285
100286
100287
100298
100299
100307
100311
100323
100327
100337
100358
100365
100370
100385
100390
100397
100402
100404
100407
100423
100437
100449
100458
100461
100477
100478
100496
100503
100530
100557
100558
100573
100575
100583
100588
100593
100598
100601
100606
100613
100620
100624
100650
100654
100657
100660
100661
100667
100670
100674
100675
100694
100700
100710
100716
100723
100737
100743
100768
100773
100785
100787
100793
100800
100835
100863
100882
100893
100908
100910
100917
100919
100924
100930
100948
100953
100962
100963
100984
100985
100991
101010
101031
101037
101040
101042
101043
101057
101058
101101
101103
101122
101131
101133
101145
101151
101155
101162
101167
101168
101174
101175
101207
101211
101217
101222
101224
101228
101233
101242
101254
101263
101265
101280
101282
101283
101293
101303
101318
101324
101340
101342
101348
101350
101357
101358
101366
101389
101395
101396
101397
101398
101409
101418
101426
101437
101439
101447
101468
101474
101477
101486
101489
101498
101500
101503
101514
101517
101530
101536
101550
101552
101589
101627
101700
101704
101783
101790
101793
101846
101862
101880
101885
101887
101905
101925
101947
101951
101954
101961
101974
101984
101993
101995
102004
102011
102017
102021
102027
102030
102032
102047
102054
102058
102080
102119
102120
102122
102136
102143
102150
102151
102164
102170
102172
102189
102222
102228
102233
102239
102274
102284
102285
102289
102301
102303
102320
102330
102339
102352
102367
102376
102398
102401
102410
102459
102463
102477
102481
102485
102498
102506
102510
102526
102529
102534
102537
102583
102588
102601
102616
102623
102635
102660
102686
102692
102708
102713
102727
102730
102762
102771
102783
102787
102791
102792
102793
102878
102894
102901
102904
102947
102992
102994
103026
103028
103040
103049
103072
103098
103118
103198
103248
103254
103257
103258
103264
103293
103307
103311
103314
103324
103326
103327
103336
103374
103375
103393
103439
103441
103471
103519
103520
103521
103523
103532
103546
103549
103553
103570
103585
103590
103620
103628
103629
103638
103643
103658
103659
103662
103678
103715
103718
103724
103728
103736
103741
103755
103766
103768
103778
103788
103792
103800
103805
103807
103815
103834
103848
103849
103881
103884
103917
103919
103920
103927
103928
103932
103939
103964
103968
103969
103993
104003
104011
104015
104019
104027
104045
104058
104063
104065
104074
104085
104111
104112
104114
104115
104120
104132
104134
104136
104138
104173
104174
104181
104185
104186
104188
104198
104204
104205
104222
104236
104241
104245
104252
104263
104281
104286
104289
104292
104298
104301
104317
104333
104337
104342
104344
104363
104368
104383
104392
104399
104407
104435
104441
104448
104450
104454
104456
104467
104468
104481
104490
104493
104496
104513
104526
104529
104541
104542
104545
104547
104549
104560
104576
104584
104599
104600
104601
104612
104614
104624
104629
104631
104632
104634
104645
104646
104652
104653
104674
104702
104712
104720
104739
104754
104763
104767
104769
104797
104809
104853
104860
104865
104868
104876
104880
104888
104892
104896
104901
104908
104922
104929
104968
104981
104982
104988
104990
104991
104992
104993
105013
105017
105026
105032
105037
105072
105088
105089
105095
105098
105107
105112
105116
105131
105143
105155
105157
105200
105201
105202
105211
105213
105248
105256
105259
105261
105285
105303
105304
105315
105320
105321
105325
105327
105336
105337
105340
105345
105349
105355
105367
105383
105400
105404
105419
105422
105424
105426
105434
105449
105460
105463
105464
105480
105481
105490
105499
105510
105540
105549
105556
105572
105576
105577
105592
105605
105608
105610
105611
105626
105653
105664
105667
105676
105677
105678
105734
105760
105772
105791
105794
105796
105799
105801
105808
105810
105821
105823
105838
105878
105886
105890
105891
105907
105908
105928
105933
105938
105949
105958
105998
106015
106017
106018
106019
106027
106032
106042
106055
106069
106074
106090
106091
106102
106104
106105
106118
106119
106122
106123
106134
106135
106139
106146
106155
106173
106176
106196
106201
106211
106212
106235
106237
106242
106258
106263
106273
106276
106282
106314
106326
106331
106335
106355
106371
106406
106418
106423
106429
106434
106444
106464
106473
106476
106480
106484
106498
106512
106520
106533
106545
106560
106571
106578
106581
106601
106615
106616
106617
106632
106638
106646
106647
106666
106667
106674
106682
106707
106717
106726
106727
106737
106748
106766
106769
106773
106781
106794
106804
106811
106816
106837
106838
106843
106845
106849
106855
106870
106873
106892
106894
106895
106896
106911
106912
106913
106936
106937
106955
106958
106959
106964
106980
106983
107001
107018
107023
107025
107052
107053
107068
107069
107090
107095
107109
107115
107116
107122
107128
107135
107136
107140
107149
107150
107170
107171
107179
107184
107189
107194
107206
107222
107227
107232
107242
107243
107244
107261
107267
107283
107303
107333
107343
107347
107348
107353
107354
107356
107379
107380
107383
107389
107398
107405
107408
107419
107420
107421
107423
107437
107449
107453
107466
107472
107483
107485
107487
107488
107493
107500
107510
107518
107519
107527
107530
107537
107551
107552
107553
107558
107561
107563
107564
107578
107583
107584
107590
107598
107602
107612
107614
107615
107621
107629
107631
107636
107639
107640
107645
107653
107663
107664
107671
107672
107673
107674
107680
107685
107695
107700
107720
107729
107746
107750
107764
107772
107775
107778
107784
107803
107812
107817
107822
107830
107832
107838
107844
107846
107861
107864
107882
107884
107887
107898
107899
107900
107912
107917
107934
107935
107941
107942
107953
107967
107973
107979
108006
108007
108011
108024
108030
108049
108055
108056
108076
108078
108079
108082
108089
108092
108100
108102
108107
108115
108122
108124
108128
108140
108141
108150
108160
108164
108175
108178
108198
108206
108210
108213
108216
108220
108223
108241
108244
108246
108260
108261
108267
108271
108273
108274
108288
108291
108300
108310
108312
108316
108318
108320
108337
108341
108343
108351
108357
108363
108364
108373
108382
108393
108408
108410
108425
108427
108428
108439
108449
108450
108454
108463
108469
108474
108475
108485
108487
108488
108494
108501
108502
108503
108520
108527
108540
108551
108562
108571
108578
108580
108581
108586
108593
108596
108597
108602
108611
108621
108624
108627
108640
108647
108648
108650
108652
108653
108654
108661
108662
108664
108677
108679
108686
108687
108699
108700
108701
108704
108722
108724
108725
108728
108734
108737
108738
108739
108747
108759
108763
108766
108769
108783
108790
108791
108800
108803
108808
108826
108829
108831
108833
108858
108861
108863
108874
108880
108892
108900
108907
108918
108927
108935
108940
108942
108947
108948
108950
108951
108955
108960
108964
108966
108980
108981
108990
108997
108998
109004
109005
109011
109015
109029
109036
109038
109048
109049
109054
109055
109060
109061
109067
109075
109076
109077
109083
109086
109103
109108
109114
109117
109126
109128
109140
109150
109158
109160
109161
109163
109164
109171
109175
109180
109182
109190
109192
109198
109213
109218
109233
109239
109240
109245
109251
109253
109262
109264
109267
109282
109289
109291
109292
109311
109318
109321
109325
109343
109346
109349
109353
109356
109358
109362
109363
109368
109369
109370
109375
109377
109379
109397
109401
109402
109405
109406
109407
109411
109413
109422
109428
109433
109437
109439
109440
109443
109460
109461
109481
109485
109487
109490
109492
109523
109524
109525
109526
109533
109540
109543
109546
109549
109550
109553
109554
109562
109566
109573
109575
109585
109586
109599
109600
109602
109612
109613
109615
109629
109631
109635
109638
109647
109654
109659
109666
109667
109672
109673
109687
109689
109691
109697
109701
109703
109705
109716
109717
109722
109726
109727
109730
109733
109734
109739
109741
109742
109749
109752
109757
109759
109762
109768
109774
109776
109777
109779
109781
109786
109791
109801
109802
109812
109821
109827
109829
109839
109850
109854
109858
109862
109863
109866
109877
109895
109903
109904
109905
109914
109918
109921
109928
109929
109932
109943
109965
109971
109981
110003
110014
110016
110027
110032
110034
110044
110049
110057
110060
110066
110070
110074
110078
110081
110084
110086
110098
110106
110107
110116
110121
110125
110128
110130
110131
110137
110143
110162
110164
110167
110168
110169
110172
110175
110176
110177
110180
110183
110185
110190
110191
110201
110207
110214
110223
110227
110228
110229
110235
110236
110238
110264
110267
110275
110283
110290
110291
110292
110295
110306
110313
110314
110318
110319
110320
110329
110334
110335
110352
110355
110358
110361
110362
110363
110366
110368
110369
110375
110378
110379
110384
110386
110388
110391
110392
110409
110415
110424
110425
110440
110446
110452
110457
110465
110473
110482
110483
110487
110501
110503
110509
110511
110512
110513
110514
110516
110521
110528
110530
110543
110544
110546
110552
110553
110558
110565
110566
110568
110570
110572
110581
110583
110584
110585
110600
110607
110612
110613
110616
110623
110625
110636
110648
110657
110662
110670
110671
110672
110676
110678
110686
110687
110691
110693
110694
110704
110705
110708
110711
110714
110715
110720
110722
110723
110732
110746
110750
110751
110753
110757
110770
110771
110776
110778
110781
110785
110788
110790
110795
110799
110802
110806
110817
110821
110822
110836
110852
110856
110859
110861
110866
110872
110878
110887
110894
110898
110901
110904
110905
110906
110918
110919
110922
110923
110928
110938
110954
110958
110968
110979
110990
110998
111018
111027
111037
111039
111043
111044
111057
111070
111071
111075
111086
111113
111124
111129
111140
111164
111166
111170
111171
111174
111179
111187
111190
111198
111234
111243
111244
111245
111249
111259
111261
111278
111290
111296
111304
111314
111318
111324
111338
111339
111356
111361
111365
111369
111371
111372
111387
111396
111397
111400
111409
111412
111417
111426
111428
111440
111448
111450
111453
111454
111456
111457
111460
111461
111470
111475
111482
111487
111488
111489
111494
111496
111497
111498
111503
111504
111510
111512
111521
111522
111524
111526
111528
111529
111536
111538
111547
111549
111560
111561
111564
111574
111575
111579
111582
111587
111589
111592
111595
111602
111611
111626
111636
111643
111645
111652
111661
111668
111671
111679
111680
111681
111695
111702
111711
111712
111714
111726
111727
111736
111748
111753
111758
111771
111778
111790
111791
111792
111800
111802
111804
111808
111811
111812
111822
111824
111841
111847
111856
111857
111860
111864
111873
111876
111884
111885
111895
111899
111908
111915
111917
111923
111925
111930
111934
111935
111938
111939
111945
111951
111952
111955
111962
111973
111975
111981
111983
111985
111986
111996
111999
112000
112005
112006
112007
112008
112009
112010
112013
112014
112016
112017
112022
112025
112033
112042
112046
112047
112049
112051
112060
112066
112075
112078
112082
112084
112085
112087
112088
112093
112100
112106
112107
112109
112111
112112
112115
112117
112121
112124
112125
112127
112134
112138
112144
112145
112150
112151
112155
112156
112157
112160
112163
112164
112165
112171
112173
112174
112178
112180
112181
112182
112186
112187
112200
112204
112206
112207
112209
112211
112214
112218
112223
112226
112228
112229
112231
112232
112237
112239
112240
112243
112245
112251
112254
112255
112257
112259
112261
112262
112263
112265
112267
112268
112272
112275
112276
112278
112280
112283
112287
112292
112293
112294
112295
112296
112297
112301
112302
112306
112307
112308
112310
112312
112318
112319
112321
112322
112324
112327
112329
112331
112334
112335
112336
112337
112341
112344
112345
112350
112358
112360
112361
112362
112363
112372
112374
112375
112376
112377
112378
112379
112380
112381
112383
112385
112387
112390
112393
112394
112395
112400
112402
112405
112406
112407
112410
112412
112413
112416
112417
112418
112421
112422
112425
112427
112428
112429
112442
112444
112445
112446
112447
112454
112456
112459
112462
112466
112467
112469
112473
112475
112476
112485
112491
112494
112496
112497
112501
112502
112503
112505
112511
112516
112520
112521
112525
112530
112536
112540
112541
112544
112548
112551
112556
112559
112561
112563
112564
112565
112567
112570
112574
112575
112578
112581
112583
112586
112590
112591
112594
112596
112601
112605
112609
112610
112614
112618
112622
112624
112625
112630
112631
112636
112645
112646
112652
112654
112657
112658
112660
112661
112663
112671
112672
112673
112677
112680
112682
112683
112685
112687
112688
112689
112691
112693
112694
112702
112708
112709
112713
112716
112718
112722
112724
112725
112732
112734
112736
112739
112740
112743
112746
112747
112749
112753
112754
112755
112756
112757
112760
112762
112763
112767
112768
112771
112772
112773
112777
112778
112779
112780
112783
112784
112785
112787
112792
112793
112794
112795
112797
112798
112801
112804
112808
112814
112822
112827
112832
112833
112835
112840
112841
112843
112848
112849
112852
112855
112856
112857
112859
112863
112864
112865
112869
112872
112873
112874
112876
112878
112885
112889
112890
112891
112893
112894
112898
112902
112911
112912
112922
112928
112933
112939
112942
112947
112950
112983
112985
112989
112990
112993
112995
112996
113007
113017
113029
113030
113031
113032
113034
113037
113040
113041
113046
113047
113049
113053
113055
113057
113065
113068
113071
113085
113098
113109
113115
113124
113144
113145
113150
113160
113164
113165
113167
113176
113179
113181
113184
113192
113194
113197
113200
113215
113222
113223
113228
113232
113235
113237
113249
113250
113251
113254
113266
113270
113289
113294
113300
113314
113342
113345
113366
113369
113374
113379
113383
113385
113386
113390
113393
113394
113402
113408
113410
113412
113415
113428
113429
113433
113449
113456
113466
113470
113476
113477
113484
113506
113511
113520
113527
113544
113557
113566
113570
113571
113579
113591
113594
113615
113616
113629
113633
113639
113640
113652
113658
113659
113666
113668
113669
113675
113677
113678
113680
113687
113704
113707
113711
113713
113716
113719
113722
113723
113724
113732
113734
113740
113741
113742
113748
113752
113769
113772
113787
113790
113795
113797
113803
113819
113820
113825
113828
113829
113831
113832
113837
113844
113846
113856
113857
113861
113875
113883
113888
113889
113894
113896
113899
113901
113906
113920
113932
113934
113943
113945
113958
113969
113980
113981
113983
113984
113988
113993
114001
114013
114017
114023
114029
114046
114050
114065
114066
114068
114073
114077
114080
114083
114091
114100
114102
114103
114112
114126
114139
114151
114171
114179
114190
114195
114229
114234
114248
114258
114259
114262
114267
114278
114281
114282
114293
114303
114307
114317
114323
114333
114335
114336
114338
114341
114342
114345
114351
114363
114368
114380
114386
114391
114395
114396
114402
114419
114434
114435
114436
114445
114447
114459
114473
114475
114478
114482
114508
114514
114515
114530
114531
114533
114536
114537
114546
114550
114551
114573
114576
114590
114595
114619
114622
114626
114627
114628
114629
114635
114645
114649
114653
114654
114662
114664
114670
114671
114680
114684
114704
114705
114711
114714
114728
114733
114736
114740
114748
114749
114750
114753
114760
114767
114770
114774
114780
114783
114785
114788
114792
114800
114801
114810
114824
114825
114828
114834
114835
114844
114859
114884
114885
114891
114895
114901
114904
114909
114913
114915
114916
114929
114930
114938
114939
114942
114949
114950
114954
114955
114956
114957
114958
114962
114972
114975
114999
115005
115006
115010
115014
115025
115034
115057
115062
115069
115071
115075
115080
115083
115084
115085
115087
115091
115092
115093
115100
115111
115117
115118
115128
115129
115133
115134
115137
115141
115146
115148
115157
115159
115166
115170
115179
115194
115195
115202
115203
115207
115208
115223
115232
115233
115235
115244
115253
115254
115256
115265
115266
115273
115277
115283
115289
115292
115300
115302
115303
115307
115310
115311
115318
115330
115334
115335
115336
115359
115364
115365
115366
115375
115376
115383
115395
115401
115402
115409
115420
115421
115427
115428
115433
115434
115435
115442
115443
115445
115446
115447
115465
115474
115507
115526
115533
115561
115589
115591
115598
115599
115602
115609
115614
115621
115628
115631
115639
115642
115669
115679
115689
115694
115695
115708
115709
115711
115714
115741
115743
115759
115766
115770
115772
115776
115785
115788
115790
115792
115796
115801
115822
115832
115833
115836
115840
115851
115855
115860
115861
115866
115867
115871
115873
115877
115878
115890
115892
115893
115899
115909
115910
115928
115931
115936
115944
115945
115946
115954
115956
115957
115959
115961
115962
115963
115970
115976
115977
115986
115992
116008
116017
116018
116020
116023
116049
116050
116062
116063
116075
116078
116091
116099
116104
116106
116113
116130
116132
116136
116150
116179
116194
116198
116199
116218
116220
116224
116227
116231
116237
116242
116247
116269
116275
116284
116285
116293
116295
116296
116297
116300
116302
116314
116322
116331
116332
116347
116369
116373
116376
116424
116443
116457
116460
116471
116476
116478
116498
116500
116503
116511
116529
116532
116538
116539
116540
116547
116554
116571
116574
116578
116586
116595
116604
116620
116695
116699
116700
116716
116726
116728
116745
116746
116747
116756
116757
116765
116775
116788
116838
116850
116857
116858
116860
116861
116868
116880
116916
116917
116926
116928
116933
116946
116947
116957
116962
116966
116997
117007
117014
117033
117049
117067
117070
117075
117076
117081
117090
117107
117156
117161
117170
117171
117176
117177
117187
117191
117198
117216
117249
117264
117273
117274
117279
117283
117290
117348
117377
117401
117415
117424
117425
117441
117443
117468
117469
117470
117474
117475
117492
117496
117500
117502
117519
117524
117525
117527
117534
117549
117550
117597
117605
117618
117624
117665
117675
117699
117707
117711
117722
117723
117747
117755
117763
117794
117820
117829
117860
117878
117889
117890
117915
117922
117937
117939
117950
117980
118000
118027
118030
118059
118093
118102
118106
118131
118134
118135
118148
118169
118174
118175
118176
118184
118214
118234
118247
118256
118259
118271
118284
118288
118291
118304
118323
118324
118325
118328
118331
118345
118363
118379
118381
118396
118401
118410
118411
118441
118455
118483
118548
118549
118605
118617
118630
118636
118642
118650
118652
118661
118674
118675
118680
118683
118702
118705
118709
118723
118725
118742
118753
118756
118765
118770
118797
118817
118827
118855
118865
118879
118887
118900
118925
118938
118955
118958
118981
118982
118990
119016
119033
119049
119054
119057
119058
119064
119084
119090
119108
119116
119124
119143
119153
119178
119193
119208
119216
119222
119226
119230
119244
119258
119274
119300
119305
119323
119325
119369
119387
119410
119411
119421
119449
119453
119509
119523
119542
119559
119565
119573
119584
119596
119641
119655
119668
119686
119692
119724
119726
119765
119769
119786
119788
119795
119802
119809
119811
119822
119836
119847
119848
119859
119863
119891
119913
119917
119929
119943
119947
119957
119967
119989
120006
120012
120027
120062
120067
120075
120096
120110
120116
120117
120123
120128
120129
120130
120143
120167
120183
120190
120212
120219
120232
120252
120269
120273
120274
120306
120317
120364
120395
120416
120432
120433
120434
120473
120489
120494
120575
120576
120581
120587
120608
120615
120638
120641
120667
120670
120692
120699
120703
120712
120717
120724
120732
120749
120752
120772
120774
120775
120776
120837
120862
120872
120881
120882
120900
120902
120939
120948
121009
121026
121027
121056
121080
121081
121087
121088
121096
121111
121112
121113
121118
121133
121142
121144
121145
121148
121156
121165
121198
121203
121228
121243
121245
121253
121266
121267
121292
121299
121300
121314
121331
121351
121352
121353
121363
121378
121382
121392
121393
121398
121410
121417
121418
121446
121469
121481
121489
121503
121508
121549
121561
121595
121596
121615
121616
121621
121629
121635
121647
121660
121665
121676
121678
121699
121706
121716
121717
121718
121726
121730
121750
121768
121770
121772
121773
121774
121784
121809
121810
121818
121825
121828
121845
121849
121850
121859
121909
121915
121916
121958
121966
121978
121988
122010
122013
122017
122036
122062
122067
122081
122083
122098
122101
122109
122113
122114
122116
122122
122152
122153
122165
122166
122194
122234
122262
122268
122274
122285
122286
122287
122300
122307
122319
122320
122348
122352
122359
122385
122388
122391
122395
122405
122425
122437
122446
122449
122453
122467
122478
122481
122482
122489
122491
122494
122516
122517
122523
122524
122537
122556
122570
122582
122583
122585
122589
122594
122598
122615
122617
122620
122628
122639
122643
122655
122656
122662
122666
122676
122680
122681
122682
122685
122688
122694
122696
122701
122710
122711
122727
122735
122737
122738
122744
122755
122756
122773
122776
122778
122783
122785
122792
122793
122796
122802
122803
122818
122826
122828
122836
122837
122840
122850
122851
122852
122855
122859
122864
122882
122884
122885
122891
122894
122898
122900
122903
122914
122916
122919
122921
122963
122975
123000
123004
123013
123015
123019
123028
123047
123114
123120
123124
123126
123173
123217
123222
123232
123249
123280
123301
123353
123357
123408
123427
123490
123502
123503
123517
123542
123544
123545
123577
123581
123583
123584
123639
123758
123814
123858
123861
123865
123884
123913
123962
124048
124098
124101
124127
124129
124180
124189
124203
124206
124216
124235
124271
124275
124277
124293
124295
124297
124305
124325
124327
124333
124337
124372
124410
124421
124424
124448
124499
124512
124543
124546
124548
124595
124601
124619
124632
124640
124646
124653
124683
124684
124690
124735
124772
124777
124782
124815
124820
124864
124896
124913
124929
124978
124989
125073
125121
125129
125137
125154
125166
125168
125185
125211
125238
125263
125294
125307
125336
125371
125378
125391
125436
125494
125499
125505
125513
125514
125522
125536
125538
125552
125575
125578
125582
125583
125611
125618
125664
125677
125682
125710
125731
125772
125778
125779
125799
125817
125832
125840
125841
125862
125871
125875
125893
125896
125926
125936
125942
125955
125961
125965
125986
125993
125997
126019
126020
126021
126024
126026
126068
126084
126085
126087
126089
126094
126096
126117
126130
126135
126149
126160
126174
126175
126184
126200
126247
126250
126266
126300
126303
126314
126315
126331
126333
126339
126341
126356
126357
126359
126379
126402
126403
126406
126407
126408
126423
126424
126425
126434
126456
126457
126461
126468
126483
126495
126505
126531
126542
126551
126554
126555
126559
126566
126582
126612
126625
126632
126638
126639
126659
126669
126676
126680
126683
126684
126685
126702
126713
126722
126723
126729
126731
126732
126733
126734
126735
126749
126762
126768
126775
126777
126781
126791
126796
126804
126810
126815
126826
126827
126828
126829
126831
126832
126860
126861
126865
126868
126875
126881
126883
126888
126889
126890
126907
126914
126919
126926
126935
126937
126938
126943
126952
126968
126978
126979
126980
126981
126993
127011
127012
127016
127020
127025
127035
127040
127054
127063
127072
127073
127083
127087
127095
127102
127103
127106
127112
127114
127124
127136
127145
127150
127155
127166
127173
127196
127207
127214
127215
127227
127259
