127259
127214
127173
127114
127112
127083
127072
127063
127054
127035
127025
127011
126979
126938
126914
126881
126861
126860
126831
126828
126810
126777
126762
126733
126731
126713
126702
126684
126669
126612
126566
126554
126542
126461
126425
126424
126341
126184
126149
126096
126094
126089
126085
126026
126021
125993
125961
125778
125582
125536
125514
125294
125168
125129
125121
124929
124772
124684
124683
124646
124632
124546
124512
124295
124180
124098
123962
123913
123577
123357
123280
123222
123217
123173
123126
123124
123114
123004
122975
122891
122859
122778
122773
122738
122727
122710
122694
122682
122655
122582
122537
122517
122481
122307
122262
122194
121988
121958
121909
121859
121850
121828
121784
121774
121773
121595
121417
121410
121363
121351
121300
121266
121198
121148
121142
121133
121111
121009
120948
120862
120775
120494
120117
120096
119957
119859
119802
119726
119686
119655
119542
119453
119387
119369
119178
118753
118725
118675
118617
118548
118441
118410
118396
118345
118331
118325
118288
118284
118256
118247
118234
118175
118148
118135
118102
118000
117980
117950
117915
117878
117820
117755
117699
117675
117624
117605
117469
117415
117401
117377
117283
117264
117171
117075
117007
116947
116916
116858
116716
116695
116571
116547
116538
116532
116332
116322
116295
116247
116237
116220
116199
116198
116130
116049
115992
115956
115871
115851
115776
115759
115743
115694
115447
115446
115445
115433
115428
115409
115402
115375
115235
115166
115137
115134
115100
114955
114939
114938
114930
114915
114904
114810
114780
114774
114711
114653
114649
114627
114595
114515
114345
114336
114323
114282
114229
114171
114103
114100
114023
113901
113896
113825
113819
113797
113772
113734
113711
113677
113675
113668
113571
113570
113433
113402
113386
113385
113379
113237
113184
113179
113124
113115
113047
112894
112889
112798
112768
112757
112594
112563
112561
112544
112475
112467
112466
112456
112427
112416
112407
112393
112374
112341
112329
112327
112294
112265
112255
112229
112223
112214
112206
112204
112182
112174
112165
112160
112150
112112
112111
112100
112066
112006
111996
111985
111962
111952
111938
111895
111884
111824
111812
111736
111561
111547
111524
111504
111417
111396
111361
111044
111027
110954
110928
110723
110715
110511
110424
110415
110291
110236
110229
110137
110086
110027
109928
109877
109768
109716
109691
109573
109550
109523
109490
109428
109407
109397
109346
109192
109076
109005
108981
108955
108829
108647
108055
107887
107746
107653
107583
107232
107222
107140
106937
106912
106674
106545
106335
106282
106201
106015
105576
102660
102616
102498
102485
102352
102170
102027
101984
101961
101885
101700
101536
101228
101168
101122
100930
97700
97656
97512
97465
97431
97368
97362
97304
97286
97277
97275
97254
97250
97197
97173
97126
97082
97040
97010
96992
96979
96945
96924
96908
96836
96823
96723
96692
96658
96633
96623
96614
96593
96580
96579
96574
96562
96526
96507
96500
96497
96486
96430
96420
96321
96308
96290
96232
96199
96164
96141
96140
96119
96118
96103
96053
96040
95991
95919
95906
95821
95771
95681
95662
95573
95571
95531
95523
95495
95492
95484
95478
95463
95450
95448
95430
95405
95377
95344
95317
95292
95230
95137
95119
95117
94835
94800
94714
94650
94611
94525
87827
87820
87687
87258
87184
86537
86236
86215
86175
86143
86125
85993
85888
85723
85679
85399
85352
84989
84587
84376
84052
83905
83704
83703
83694
83568
83544
83351
83202
82951
82947
82864
82787
82751
82695
82646
82584
82571
82515
82484
82470
82456
82289
82168
82094
82069
82067
82066
82014
81989
81877
81462
81461
81460
81419
127215
127207
127166
127155
127150
127145
127136
127124
127106
127103
127102
127087
127073
127020
126981
126978
126968
126952
126943
126937
126935
126907
126890
126883
126865
126832
126829
126827
126796
126775
126768
126732
126729
126685
126680
126676
126639
126632
126531
126408
126407
126403
126357
126266
126250
126247
126175
126068
125997
125965
125955
125942
125936
125926
125896
125871
125862
125841
125731
125710
125682
125664
125618
125611
125583
125538
125522
125505
125499
125494
125307
125263
125238
125185
125154
125137
124989
124978
124913
124896
124820
124782
124653
124640
124619
124595
124543
124424
124421
124410
124305
124297
124293
124189
124129
124101
123858
123814
123639
123427
123408
123301
122919
122885
122884
122855
122852
122826
122783
122756
122737
122680
122666
122628
122594
122589
122494
122489
122478
122453
122449
122395
122391
122268
121966
121849
121825
121810
121772
121770
121768
121730
121718
121706
121699
121629
121621
121616
121615
121596
121503
121418
121392
121382
121299
121267
121156
121145
121088
121081
120837
120752
120749
120699
120667
120416
120183
120067
119891
119836
119788
119769
119724
119584
119226
119222
119143
119116
119064
118990
118879
118855
118680
118652
118636
118259
117922
117860
117747
117723
117468
117156
116957
116946
116880
116861
116850
116746
116620
116503
116478
116460
116194
116179
116113
116023
115970
115910
115877
115792
115621
115533
115435
115427
115376
115087
114957
114954
114891
114885
114770
114733
114670
114664
114546
114537
114459
114434
114368
114333
114293
114259
113920
113906
113883
64722
113861
64703
64677
113829
64670
64666
113742
113741
113732
113723
113722
113719
113707
113666
113520
113511
113477
113449
64271
64265
113410
113383
64220
113369
113314
113266
113215
113200
113192
113164
113068
113041
113031
113029
63747
63744
63735
63729
63728
112864
63699
63696
112848
63677
63676
63675
63660
63656
112797
112795
112746
63499
63495
63459
63432
112574
63407
63396
112459
112442
112421
112297
112278
112257
112231
112211
112207
112181
112178
112138
112125
112087
112084
112049
112008
111986
111975
111951
111923
111885
111860
111800
111643
111560
111536
111071
111070
111043
110968
110958
110923
110919
110821
110790
110722
110671
110636
110528
110334
110283
110164
109786
109631
109575
109549
109439
109239
108966
108790
108783
108485
108469
107590
107564
107001
106276
106237
106102
106069
106042
105890
105801
105611
105426
105321
6743
6720
6541
6528
6347
6268
6104
5906
5875
5799
5749
5708
5587
5377
5312
5149
5088
5065
4989
4926
4836
4705
4638
4390
4306
102537
4206
53359
53357
102481
53210
53059
102143
52986
52852
3672
52701
52427
52385
51998
51821
1856
1845
1832
1748
97454
48061
97209
48014
47862
97003
47825
47812
47794
96934
47759
47727
47687
96783
96494
96233
96064
95755
95696
95643
95399
95378
95321
95251
94993
94967
44706
44682
44681
44654
44629
44612
44561
44462
44432
44425
44415
44405
44389
44356
44343
43978
43882
43844
43843
43830
43775
43772
43673
43599
43528
43523
43522
43497
43493
43477
43451
43420
43408
43388
43374
43373
43359
43322
43036
43028
42646
42633
42608
42561
42559
42541
42530
42525
42500
42368
42221
42113
42094
42036
42021
41916
41506
41387
41352
41313
41191
41162
40937
40902
40821
40785
40720
40700
40542
40529
40422
87841
38684
87812
38608
87397
87260
87259
86530
86521
86491
86463
86436
86398
86164
86141
86044
85938
85877
36509
36486
36474
36352
85444
85284
85227
36065
85157
35964
85097
85065
85010
35826
35736
84872
35570
35536
84607
84431
84284
84163
34954
84059
34523
83522
83483
83269
33905
83017
33720
33643
33494
82347
82323
82106
82028
82016
81839
81505
81365
81362
81347
81269
6555
6542
6532
6223
5901
5701
4611
4498
127227
102635
127196
127095
127040
127016
127012
126993
126980
126926
126919
126889
126888
126875
126868
126826
126815
126804
126791
126781
126749
126735
126734
126723
126722
126683
126659
126638
126625
126582
126559
126555
126551
126495
126483
126456
126434
126423
101846
126406
126402
126379
126359
126356
126339
126333
126331
126315
126314
126303
126300
52491
126200
52461
126174
52434
101589
126135
126130
126117
126087
126084
126024
126019
125986
125875
125840
125832
125817
52091
125799
125779
125772
2856
125677
51887
51857
125578
125575
125552
100985
125513
2387
1849
1834
1833
124601
122882
122864
122851
122850
122828
122796
122793
122785
122776
122744
122735
122711
122701
122688
122685
122681
122662
122656
122643
122617
122615
24286
122585
122583
122570
122556
122524
122523
122516
122482
122467
122446
122437
122352
122348
122287
122285
122234
97663
122166
122165
122153
122152
122116
122101
122098
122083
122081
122062
122017
122013
122010
121916
121915
121818
121809
121750
48023
23424
23419
121717
121716
47963
121678
121660
121635
97055
47855
121561
121549
121508
121489
121481
121469
47746
96882
121446
96860
121393
96822
121353
121331
121314
121292
121245
121243
121228
121118
121080
121027
120881
120774
120670
120433
120432
95723
120273
95694
120232
120129
120116
120075
120062
120027
119989
119917
119863
119848
95278
119811
119809
119410
119325
119305
119208
119124
119084
45358
94453
118981
118887
118817
118797
118770
118765
118756
118683
118642
118605
44672
118363
118304
118174
44395
118106
117890
117722
117665
43933
117597
43859
43848
43840
43827
117534
117527
43801
117348
43529
43483
43474
117191
117187
43445
43426
117107
43376
43363
43355
117076
116926
116860
116765
116756
43024
116728
116726
116554
116443
116424
116373
116314
42581
116302
116296
116284
116275
42454
116106
115936
115890
115867
115866
42133
42111
115801
115772
41975
115695
41933
115642
115631
115599
17260
41592
16926
115148
115133
16803
41303
114956
114913
16471
114728
16414
16387
40951
40950
114671
16357
16328
114629
40905
114626
114619
16305
16259
16249
114473
40721
114402
114395
16076
114363
114351
114341
114335
114307
114303
114281
114262
15898
40482
15853
15811
15803
114102
114083
15768
114066
15728
113988
113943
15580
15570
64713
15532
113831
15470
15425
113704
15390
15371
113633
113616
15302
113615
15301
113591
113470
15155
113412
113390
15044
15036
15033
113345
14994
112406
14041
112350
14036
25812
12260
122840
12237
122837
12234
122836
110544
12220
122818
122803
122802
12194
122792
12183
12180
12170
12160
122755
12146
12124
122696
12090
122676
12056
110368
110363
12041
122639
122620
12013
122598
11990
11975
11973
11972
11959
110264
36524
11931
11895
11894
11891
122491
11882
11872
11867
11844
11829
122425
11822
11816
110125
122405
122388
36377
122385
11782
11775
110078
11762
122359
11756
11737
36324
11728
11726
11725
11722
122320
122319
11709
36281
36259
97701
11661
11621
11601
11574
11538
122122
122113
122109
122067
11452
122036
109722
11394
109703
11378
11372
11370
109667
11349
85080
109638
11273
121845
35825
11229
11213
121726
23412
23410
121676
121665
121647
109356
35630
97037
10981
10938
10911
10900
96937
10846
10787
109083
84369
121203
10596
108907
121165
108874
10548
108858
96571
121113
10510
121112
10486
10485
121087
108769
121056
35045
10428
121026
10406
34971
10352
108654
120939
96371
34925
10332
108624
10301
120902
120900
10282
120882
108586
120872
34859
108578
108571
83993
10209
108520
96236
10179
83927
120776
120772
108475
34747
108454
120732
120724
120717
108425
120712
96145
120703
108410
108408
34684
10091
96128
120692
10079
10071
108357
96081
120641
120638
108337
120615
108318
83753
120587
9983
9981
120581
120576
120575
9972
96000
9941
34533
108246
95956
34487
9894
95931
108206
120473
83615
34445
83592
9840
120434
83543
120364
9751
9717
108024
120306
9682
120274
120269
9664
120252
107935
120219
9616
9610
9605
95637
120190
107898
95615
120143
120123
9500
9489
9466
9447
120012
120006
119967
119947
119929
33919
119913
33895
9302
107612
9274
33833
107537
95239
9199
119795
9189
9185
119786
119765
82911
9123
9114
9104
95134
9074
119668
107379
9044
119641
107347
107333
82760
119596
8990
95021
119573
119565
119559
119509
8906
8894
8860
119449
8836
8833
119421
119411
8777
8756
107068
7890
7886
7884
118483
106173
118455
6044
6021
5997
5994
5993
5980
5972
5969
5952
5935
5924
5923
5918
5910
5909
116511
5908
5905
5899
5881
5879
5841
5761
5748
116331
5728
5690
5687
116285
5663
5643
5621
5599
5581
5579
11710
5557
11705
5554
122300
36290
42425
11691
116136
122286
11683
116132
5424
11034
115434
4818
10959
10949
115401
17087
3019
125893
15269
2939
2922
2773
2768
2633
2600
2591
2589
107053
107052
2587
8734
2582
2581
2580
2578
8728
2577
2576
2575
2572
2571
2570
2567
51752
2566
2565
2564
2563
2562
2560
2559
2558
113160
2557
8707
2556
2555
2554
107018
2553
14841
2552
2550
100863
2549
2547
2545
2544
2543
2540
2539
2538
2537
2535
2534
2533
2531
2530
125436
2529
2528
2527
2525
2524
2523
2520
2518
2517
2516
2515
2513
2508
2506
8655
2503
2501
2500
2499
2498
2497
2496
113098
2495
106959
2494
2493
2492
2491
119244
2490
2488
2486
125391
2484
2483
2481
2480
2479
2477
2476
2475
2474
2473
2472
106936
2471
2470
2468
2466
2465
125371
2463
100773
2458
2457
2456
2454
2453
2452
2451
8601
2450
2449
2448
2446
2445
2443
2442
122274
2440
2439
2437
5514
2435
5513
113037
2434
2433
2432
125336
2428
106892
2427
2425
2423
11652
116104
2421
2420
2415
113017
2414
5492
8564
8562
2411
2410
116091
100723
2409
42369
2408
2406
106870
2405
2404
11633
2403
2401
2400
119153
2399
2398
2396
2395
2392
11619
2389
112990
2386
5464
2385
8535
2384
2381
2380
106843
8529
2373
2371
2369
8518
14656
2365
2362
14650
2360
2357
2356
11585
119108
2354
14641
2352
2351
2350
11579
14637
2348
106811
2346
2343
2337
119090
2335
2334
14622
2331
2330
14618
14617
2328
8475
5402
5401
2322
11551
2321
2320
112922
2317
2315
2314
2310
112912
2309
112911
2308
119058
106769
125211
2304
119057
119054
112902
2299
2298
2297
2296
2295
115976
2294
2293
2292
2288
100601
2286
100598
122114
11511
8432
63727
112878
2275
106737
63718
2270
112869
2265
119016
2261
125166
112857
2252
11470
2239
2236
2231
2228
2225
63668
63666
63663
63659
63651
118958
8352
2200
14488
11424
2193
2189
8337
112787
106647
2178
82068
2167
125073
2154
106615
8301
118900
121978
109689
112747
26731
103523
2130
2125
2118
2117
2115
5192
118865
112709
2094
2089
2081
2079
2078
26667
118827
8223
2072
11297
2067
109599
63488
8191
106498
63476
112625
112610
63453
112605
8141
14267
63419
63412
97231
41923
1962
106423
124864
118709
118702
41888
1923
112525
1922
1920
109460
1916
8063
1911
124815
1908
118661
1906
1905
1904
48015
1901
1899
1897
1894
112496
1891
1890
112491
1886
1884
1880
1879
1878
1873
1871
124777
1869
1867
106331
1865
1864
106326
1859
1858
17225
1857
1855
14141
1852
115526
1844
1842
1841
1840
1839
1838
1837
1836
1835
1829
124735
1828
1826
1824
11053
1823
1822
112422
14108
1818
1817
1815
1813
1812
1811
1810
1808
7958
1807
1806
1802
1801
1800
112402
1798
1797
1796
4872
106258
1791
1788
14076
1787
1786
100099
124690
87821
112385
14071
1779
1778
106242
17142
112377
106235
7917
7914
100077
7904
1750
10978
7895
100058
7868
106176
4782
4766
112283
7823
100014
106135
44698
4738
106123
112261
106122
106119
112245
124548
4715
7784
1631
10860
13919
7780
118379
1624
1623
1620
1615
47718
1606
81506
1604
1601
1600
1596
124499
1592
109128
10814
4660
7732
1578
1575
44607
81475
16940
1572
1571
118324
118323
7718
1567
121398
1565
4643
44594
7712
4635
1555
112156
112155
1551
13839
87580
13830
124448
7691
7688
7683
7681
4607
10756
115207
112127
7674
7672
13809
121352
4598
112121
118271
1544
7658
7656
44531
7649
26090
7647
7643
26067
26065
7637
41446
26063
26078
1485
1484
1483
4561
1482
124372
1480
7630
7626
35292
26044
13746
13745
26031
7601
26024
124337
124333
16805
124327
26013
124325
13722
4509
4507
4503
118176
121253
25994
4493
16776
44436
25980
25968
7538
25964
124277
25962
124275
124271
44407
7525
25949
10597
25936
44383
1332
1331
1329
1328
124235
1326
1325
118093
1323
1337
1335
25911
13622
1317
1315
105794
7480
105791
124216
25902
1322
1319
1303
1316
124206
13602
81213
121144
124203
1293
7457
44338
118059
1300
7448
105760
25872
1294
4372
25870
1291
1288
13574
118030
81168
25845
25842
121096
4342
25835
13535
13534
7392
124127
25808
114909
7375
25802
25801
105676
25789
25788
111811
25778
7339
7338
117937
13464
105626
4235
124048
4230
105608
41088
13411
13404
111711
102526
4183
13392
13379
111681
1062
111679
1054
7219
1050
1060
1036
7196
13333
1028
1041
117794
1040
1024
1039
1038
13326
105499
7185
7182
7174
13312
7173
87060
1021
1018
7168
1015
995
1010
988
7150
983
7147
123884
111595
976
990
972
985
967
981
964
963
7124
958
123865
970
123861
13254
7115
959
957
955
117707
7104
7101
7086
7070
7061
13192
13187
111498
7044
7043
13169
123758
105320
6990
6980
13116
13115
6975
6967
43829
117549
99097
43804
6922
6916
13049
6908
43787
13040
99048
13037
6895
6894
6893
25319
25317
25316
25315
13021
6879
25302
6874
25297
6866
6862
25286
12996
6852
123584
98990
123583
6841
123581
111290
25251
25250
25249
6817
12953
25241
6813
25238
12949
98968
123545
123544
123542
25228
12931
25219
621
619
123517
622
3699
602
98910
123503
123502
6760
609
606
123490
25176
581
577
25170
25164
25162
111166
12845
98870
3633
6693
12830
108078
9764
531
511
12813
126505
9745
490
484
495
12783
43525
492
486
120317
52720
126468
43515
482
12770
481
478
12766
476
15842
457
472
126457
114151
123353
3537
52722
6599
447
3525
428
439
422
15800
114112
411
6576
12711
6571
6570
43449
12694
404
388
386
399
12687
381
110998
392
383
43414
365
370
6516
43397
347
12647
123249
337
12639
331
123232
24917
117090
12625
330
314
329
12617
328
326
24891
24890
12600
294
6458
24885
288
6453
12589
120130
24874
120128
3374
43328
278
86332
43324
6441
285
6433
117033
263
275
24849
24848
269
24846
12556
250
24840
246
117014
240
241
6389
12526
6387
24811
6381
24808
12518
123120
12517
6377
24802
24786
6354
201
12486
173
184
126160
3253
155
24745
12452
163
86198
12448
24735
123047
12444
136
24728
147
24723
123028
24714
123019
123015
123013
12407
116
123000
24683
12385
12383
6238
12373
6224
122963
43087
3132
12338
6192
126020
3113
122921
122916
122914
116775
12310
6171
122903
12299
122900
122898
10778
1547
12292
122894
43034
1543
6151
