1405
1415
1433
1436
1513
1519
1533
1658
1672
1674
1687
1693
1706
1708
1711
1726
1737
1744
1749
1751
1759
1762
1763
1772
1774
1775
1776
1785
1788
1789
1797
1799
1802
1806
1809
1814
1819
1822
1825
1826
1827
1831
1835
1859
1867
1869
1872
1874
1886
1890
1894
1904
1914
1923
1925
1929
1930
1931
1938
1939
1940
1943
1956
1957
1958
1960
1961
1964
1970
1973
1981
1985
1989
1992
1996
2014
2015
2017
2021
2025
2028
2030
2033
2037
2040
2042
2043
2048
2053
2062
2071
2076
2082
2083
2086
2088
2089
2090
2094
2099
2101
2105
2110
2114
2119
2122
2125
2128
2137
2139
2142
2144
2147
2150
2152
2155
2156
2158
2159
2161
2163
2166
2167
2177
2186
2188
2191
2199
2203
2208
2213
2220
2229
2230
2237
2240
2241
2244
2245
2249
2252
2257
2261
2263
2264
2272
2275
2276
2277
2281
2282
2287
2292
2294
2296
2299
2300
2302
2304
2308
2311
2315
2316
2318
2326
2334
2335
2341
2342
2344
2350
2355
2361
2368
2370
2381
2387
2389
2402
2406
2407
2412
2416
2423
2426
2427
2434
2441
2442
2444
2448
2452
2457
2459
2460
2465
2468
2469
2470
2478
2482
2489
2490
2498
2499
2506
2508
2511
2512
2513
2517
2519
2524
2525
2532
2538
2543
2545
2561
2563
2568
2571
2572
2573
2575
2576
2577
2578
2582
2583
2591
2592
2595
2598
2600
2601
2609
2610
2614
2616
2618
2621
2624
2628
2629
2630
2632
2634
2636
2643
2648
2649
2654
2655
2657
2659
2660
2661
2662
2664
2665
2667
2671
2673
2675
2679
2680
2685
2686
2687
2690
2693
2694
2698
2701
2705
2708
2713
2717
2718
2723
2725
2732
2742
2747
2751
2753
2758
2759
2763
2769
2777
2781
2783
2786
2787
2788
2790
2791
2792
2808
2817
2822
2824
2829
2840
2842
2846
2849
2859
2865
2869
2871
2874
2885
2888
2890
2894
2896
2901
2902
2904
2908
2912
2917
2928
2934
2935
2936
2941
2943
2946
2948
2952
2953
2956
2957
2961
2972
2974
2976
2979
2980
2984
2986
2990
2997
2998
2999
3005
3006
3007
3009
3016
3020
3025
3026
3028
3030
3032
3033
3034
3041
3042
3046
3047
3049
3050
3051
3065
3067
3069
3072
3088
3089
3091
3095
3096
3098
3101
3106
3107
3108
3110
3111
3115
3122
3123
3124
3126
3128
3129
3132
3134
3136
3138
3144
3145
3146
3151
3160
3165
3167
3169
3171
3172
3174
3178
3184
3186
3188
3194
3197
3203
3208
3210
3214
3215
3221
3223
3224
3228
3231
3232
3237
3240
3241
3242
3244
3249
3252
3256
3258
3259
3262
3263
3266
3271
3279
3280
3283
3284
3290
3299
3300
3301
3304
3305
3306
3311
3312
3313
3314
3315
3319
3320
3324
3325
3328
3330
3336
3342
3344
3346
3349
3356
3366
3369
3370
3390
3407
3408
3416
3422
3433
3435
3443
3445
3476
3478
3479
3483
3486
3489
3490
3505
3509
3522
3524
3526
3527
3528
3530
3536
3545
3550
3554
3565
3570
3573
3575
3579
3581
3583
3592
3593
3596
3598
3614
3624
3629
3631
3633
3634
3635
3653
3655
3659
3661
3666
3670
3675
3679
3681
3694
3696
3697
3701
3703
3709
3711
3726
3730
3731
3734
3739
3741
3742
3744
3747
3753
3756
3759
3764
3765
3766
3768
3769
3774
3775
3785
3789
3793
3794
3803
3804
3807
3808
3811
3814
3817
3822
3865
3882
3886
3887
3892
3894
3902
3905
3909
3920
3921
3923
3934
3935
3940
3944
3945
3947
3952
3953
3958
4015
4019
4025
4035
4036
4048
4055
4056
4068
4069
4071
4075
4077
4087
4090
4093
4097
4109
4111
4115
4117
4119
4123
4127
4128
4129
4138
4140
4143
4150
4153
8033
8034
8038
8039
8052
8055
8060
8064
8065
8096
8103
8111
8117
8121
8136
8138
8139
8142
8147
8150
8153
8155
8159
8165
8166
8168
8169
8170
8174
8184
8186
8189
8190
8191
8192
8193
8194
8197
8198
8207
8210
8213
8220
8225
8227
8234
8238
8240
8241
8245
8246
8249
8257
8258
8262
8263
8265
8272
8273
8274
8275
8277
8278
8279
8281
8282
8290
8291
8295
8298
8299
8301
8302
8303
8308
8314
8315
8323
8327
8328
8337
8338
8366
8373
8376
8379
8380
8381
8387
8388
8391
8392
8401
8403
8413
8414
8415
8419
8420
8425
8432
8434
8441
8443
8450
8453
8460
8462
8470
8474
8478
8479
8484
8485
8487
8488
8489
8492
8500
8503
8504
8505
8508
8533
8542
8544
8549
8559
8562
8564
8572
8583
8597
8612
8615
8618
8626
8634
8636
8638
8643
8650
8651
8657
8661
8739
8741
8750
8754
8763
8769
8772
8779
8782
8800
8801
8807
8817
8818
8821
8825
8836
8838
8845
8859
8866
8875
8883
8891
8894
8897
8901
8904
8908
8911
8918
8928
8932
8938
8941
8945
8946
8955
8956
8961
8966
12211
12215
12217
12221
12223
12224
12232
12236
12388
12392
12408
12419
12423
12433
12458
12464
12472
12477
12480
12482
12490
12496
12502
12503
12512
12516
12519
12525
12527
12528
12530
12531
12538
12545
12560
12570
12579
12581
12588
12594
12597
12598
12602
12603
12608
12610
12614
12618
12625
12627
12630
12635
12641
12648
12652
12654
12655
12663
12664
12666
12676
12687
12692
12695
12699
12700
12703
12704
12705
12708
12709
12710
12723
12729
12732
12734
12736
12741
12749
12750
12752
12756
12762
12767
12786
12796
12797
12800
12810
12817
12822
12833
12842
12857
12861
12862
12865
12871
12873
12881
12883
12886
12889
12893
12894
12898
12907
12920
12921
12928
12932
12936
12945
12949
12957
12961
12967
12979
12980
12982
12998
13000
13010
13015
13024
13027
13028
13035
13101
13122
13139
13151
13214
13218
13223
13230
13239
13242
13244
13247
13254
13258
13260
13261
13264
13270
13272
13281
13283
13288
13291
13292
13294
13297
13298
13300
13306
13308
13318
13320
13329
13331
13332
13338
13342
13347
13349
13359
13360
13366
13368
13372
13375
13378
13380
13383
13385
13390
13392
13393
13396
13398
13401
13403
13407
13410
13412
13414
13416
13418
13423
13427
13431
13434
13436
13439
13443
13446
13449
13452
13455
13456
13457
13472
13488
13489
13490
13493
13498
13502
13505
13508
13511
13513
13518
13519
13526
13529
13531
13533
13537
13538
13540
13550
13552
13553
13566
13568
13573
13589
13592
13606
13611
13613
13617
13618
13628
13630
13631
13633
13634
13643
13644
13646
13647
13650
13652
13656
13657
13659
13664
13665
13666
13669
13671
13672
13682
13685
13688
13698
13705
13714
13722
13723
13731
13737
13740
13741
13743
13744
13751
13757
13767
13769
13778
13794
13804
13809
13812
13820
13822
13823
13824
13858
13864
13866
13874
13878
13879
13882
13884
13887
13888
13894
13899
13901
13914
13921
13925
13927
13933
13934
13936
13939
13942
13944
13959
13978
13980
13981
13986
13992
14025
14031
14039
14066
14069
14080
14085
14091
14146
14151
14152
14175
14187
14191
14197
14212
14218
14229
14235
14237
14244
14248
14250
14255
14259
14261
14264
14269
14273
14274
14298
14309
14314
14324
14328
14329
14332
14335
14338
14351
14355
14361
14369
14370
14371
14372
14376
14377
14380
14384
14401
14403
14419
14425
14432
14438
14442
14473
14479
14480
14566
14567
14572
14579
14581
14640
14646
14649
14652
14656
14657
14658
14661
14666
14668
14669
14673
14676
14678
14687
14801
14805
14817
14842
14848
14862
14870
14882
14885
14889
14895
14900
14912
14919
14932
14936
14960
14974
14978
14988
15005
15010
15035
15038
15040
15051
15055
15060
15062
15065
15073
15077
15079
15080
15082
15083
15085
15093
15095
15100
15106
15114
15136
15143
15151
15172
15178
15185
15186
15191
15194
15207
15211
15213
15216
15220
15234
15235
15238
15240
15244
15245
15254
15259
15261
15265
15270
15272
15273
15276
15279
15292
15304
15305
15316
15321
15328
15344
15351
15358
15378
15402
15408
15409
15418
15419
15423
15434
15435
15438
15439
15441
15443
15446
15448
15450
15456
15462
15476
15478
15480
15485
15493
15495
15496
15499
15503
15512
15521
15522
15531
15532
15540
15542
15545
15553
15554
15556
15581
15583
15593
15596
15603
15607
15622
15628
15637
15642
15645
15656
15666
15671
15678
15679
15684
15697
15703
15707
15715
15717
15718
15722
15723
15802
15806
15810
15820
15824
15833
15846
15852
15859
15860
15875
15892
15893
15898
15899
15908
15920
15924
15930
15943
15944
15950
15985
15987
15991
15997
15998
16002
16005
16016
16030
16041
16043
16050
16061
16081
16083
16088
16090
16091
16092
16095
16106
16110
16111
16114
16115
16117
16122
16130
16134
16140
16146
16154
16156
16161
16165
16170
16173
16183
16195
16201
16203
16207
16214
16216
16222
16228
16234
16237
16244
16245
16249
16251
16257
16267
16272
16278
16288
16289
16294
16295
16305
16321
16325
16333
16336
16344
16345
16351
16352
16354
16357
16361
16362
16364
16380
16382
16387
16389
16395
16419
16420
16429
16446
16460
16478
16481
16483
16497
16530
16538
16545
16607
16724
16750
16761
16783
16787
16791
16799
16811
16826
18030
18067
18085
18111
18141
18147
18155
18157
18161
18186
18200
18202
18213
18220
18226
18232
18275
18277
18304
18320
18329
18348
18396
18398
18410
18418
18426
18428
18437
18446
18464
18465
18470
18472
18477
18479
18482
18497
18506
18513
18515
18517
18519
18525
18543
18557
18566
18576
18583
18585
18597
18599
18617
18623
18651
18665
18666
18667
18680
18682
18692
18707
18721
18726
18730
18732
18738
18740
18744
18751
18761
18768
18780
18797
18804
18809
18824
18826
18829
18838
18844
18848
18855
18862
18864
18879
18884
18891
18896
18900
18901
18938
18942
18946
18950
18962
18982
19004
19008
19011
19015
19020
19032
19037
19045
19046
19052
19053
19060
19061
19068
19076
19082
19083
19085
19092
19098
19100
19105
19108
19109
19114
19115
19117
19125
19133
19134
19141
19143
19145
19150
19151
19152
19161
19173
19175
19179
19184
19190
19193
19194
19198
19201
19202
19204
19210
19221
19228
19230
19235
19236
19240
19241
19242
19244
19249
19253
19294
19312
19336
19342
19350
19356
19361
19366
19368
19379
19394
19398
19402
19407
19422
19424
19434
19437
19442
19451
19452
19457
19461
19464
19473
19484
19487
19492
19499
19503
19505
19506
19508
19521
19522
19531
19536
19541
19547
19548
19549
19556
19574
19576
19580
19583
19593
19599
19619
19629
19647
19648
19650
19657
19664
19668
19671
19674
19684
19690
19710
19717
19720
19731
19741
19787
19800
19805
19813
19817
19819
19829
19844
19845
19848
19855
19864
19883
19884
19885
19889
19898
19903
19905
19917
19918
19926
19940
19946
19960
19963
19972
19975
19979
19980
19985
19990
19997
20006
20013
20016
20041
20054
20057
20058
20061
20062
20067
20075
20078
20079
20086
20104
20110
20128
20135
20137
20138
20139
20141
20143
20145
20147
20162
20163
20176
20178
20179
20181
20188
20191
20195
20199
20204
20207
20208
20209
20210
20213
20218
20220
20223
20231
20232
20234
20235
20243
20248
20257
20258
20259
20260
20263
20264
20265
20274
20276
20277
20281
20282
20296
20297
20300
20301
20305
20323
20326
20327
20328
20330
20335
20341
20346
20349
20358
20379
20380
20390
20404
20409
20412
20414
20436
20439
20442
20449
20450
20458
20460
20462
20465
20466
20468
20475
20481
20491
20496
20498
20510
20554
20563
20569
20600
20648
20689
20708
20745
20765
20782
20785
20805
20825
20855
20868
20870
20875
20891
20910
20911
20917
20920
20927
20928
20929
20935
20940
20950
20953
20968
20971
20980
20993
21007
21012
21013
21022
21049
21056
21067
21068
21077
21078
21085
21094
21107
21112
21130
21139
21145
21153
21185
21207
21208
21235
21245
21246
21258
21263
21275
21283
21286
21295
21300
21301
21344
21355
21357
21361
21370
21407
21417
21422
21458
21466
21474
21478
21483
21487
21488
21500
21516
21531
21532
21534
21536
21539
21542
21543
21544
21546
21552
21553
21559
21565
21570
21572
21578
21579
21587
21588
21596
21606
21609
21615
21624
21632
21639
21640
21652
21653
21654
21655
21662
21663
21665
21672
21688
21690
21704
21706
21710
21711
21718
21730
21732
21736
21737
21738
21739
21745
21746
21752
21763
21768
21770
21780
21783
21791
21808
21816
21819
21840
21850
21855
21859
21860
21877
21878
21883
21894
21897
21910
21916
21940
21942
21946
21965
21969
21971
21973
21979
21990
21992
21995
22009
22011
22025
22032
22050
22051
22058
22066
22070
22074
22084
22095
22100
22101
22102
22111
22113
22114
22124
22127
22137
22141
22144
22145
22151
22156
22158
22161
22162
22169
22172
22175
22187
22194
22195
22201
22202
22215
22223
22224
22230
22234
22236
22240
22242
22250
22253
22254
22257
22271
22279
22282
22283
22286
22296
22308
22316
22320
22325
22334
22359
22361
22366
22379
22383
22394
22423
22424
22432
22434
22443
22446
22450
22457
22459
22478
22479
22486
22489
22495
22496
22507
22510
22516
22518
22531
22532
22536
22540
22545
22549
22558
22569
22570
22571
22578
22580
22586
22588
22589
22591
22599
22603
22605
22619
22627
22629
22630
22631
22632
22646
22647
22653
22656
22659
22662
22667
22680
22717
22768
22780
22798
22806
22842
22860
22864
22892
22936
22949
22980
23004
23007
23047
23066
23095
23097
23110
23125
23127
23129
23140
23150
23160
23178
23196
23199
23207
23219
23227
23230
23243
23247
23251
23256
23257
23261
23262
23280
23297
23329
23338
23340
23356
23357
23361
23369
23376
23380
23387
23392
23400
23401
23407
23420
23436
23438
23442
23459
23475
23490
23496
23535
23559
23565
23597
23624
23637
23640
23650
23658
23686
23704
23709
23729
23751
23768
23770
23777
23808
23815
23824
23830
23836
23844
23853
23861
23864
23868
23879
23889
23891
23893
23941
23966
23975
23982
23984
23987
23991
23999
24007
24011
24012
24016
24024
24031
24034
24035
24039
24040
24049
24051
24054
24057
24061
24064
24068
24075
24079
24083
24091
24100
24109
24111
24114
24125
24128
24138
24140
24142
24151
24152
24153
24157
24160
24162
24184
24187
24189
24190
24192
24195
24201
24207
24218
24224
24229
24233
24235
24240
24244
24247
24260
24266
24275
24276
24277
24281
24284
24289
24290
24292
24301
24320
24325
24332
24336
24338
24339
24342
24347
24350
24353
24359
24364
24368
24370
24371
24390
24393
24395
24405
24409
24410
24420
24421
24439
24446
24448
24453
24463
24465
24467
24474
24475
24479
24481
24492
24493
24494
24512
24520
24524
24536
24540
24557
24563
24568
24571
24572
24576
24580
24592
24593
24594
24596
24602
24605
24607
24617
24639
24643
24648
24649
24666
24667
24681
24683
24694
24704
24714
24715
24720
24740
24750
24752
24755
24761
24764
24766
24767
24768
24772
24775
24777
24780
24781
24786
24793
24798
24801
24802
24805
24806
24812
24822
24838
24840
24866
24886
24888
24890
24895
24907
24910
24915
24920
24936
24944
24953
24957
24958
24977
24986
24991
24996
24997
25013
25015
25020
25031
25057
25062
25066
25068
25080
25093
25105
25109
25118
25125
25141
25163
25176
25195
25204
25208
25210
25212
25227
25238
25241
25242
25274
25292
25294
25300
25302
25322
25337
25340
25347
25349
25358
25362
25365
25382
25394
25396
25402
25403
25407
25413
25422
25436
25448
25467
25472
25484
25488
25510
25520
25527
25528
25529
25530
25535
25537
25544
25549
25551
25554
25555
25563
25567
25570
25571
25576
25586
25590
25599
25604
25625
25661
25674
25675
25726
25727
25751
25762
25767
25769
25771
25775
25779
25783
25790
25791
25797
25798
25806
25809
25812
25817
25851
25890
25895
25909
25926
25936
25938
25946
25954
25969
25974
25976
25986
26007
26008
26016
26017
26025
26027
26029
26034
26038
26041
26042
26043
26055
26068
26069
26075
26076
26081
26087
26092
26095
26097
26100
26106
26107
26113
26117
26118
26119
26120
26129
26130
26132
26134
26137
26143
26144
26145
26156
26161
26166
26172
26174
26182
26183
26186
26187
26204
26206
26207
26211
26212
26218
26241
26251
26260
26271
26281
26289
26294
26297
26298
26303
26312
26317
26322
26323
26364
26371
26377
26382
26383
26387
26389
26392
26397
26402
26406
26417
26423
26427
26432
26468
26474
26477
26482
26487
26510
26542
26548
26555
26557
26565
26566
26578
26586
26595
26606
26611
26618
26631
26643
26654
26662
26673
26680
26684
26699
26713
26717
26732
26736
26743
26761
26766
26768
26774
26782
26786
26803
26806
26816
26820
26822
26839
26850
26852
26854
26862
26879
26889
26891
26894
26899
26906
26908
26913
26922
26932
26935
26942
26947
26952
26953
26954
26958
26963
26966
26970
26992
26999
27011
27018
27025
27038
27046
27056
27075
27078
27079
27087
27088
27090
27103
27107
27110
27116
27118
27119
27126
27133
27135
27140
27146
27185
27186
27187
27200
27209
27221
27223
27235
27244
27247
27259
27265
27280
27296
27310
27322
27325
27334
27347
27352
27360
27367
27371
27375
27394
27395
27413
27414
27419
27420
27424
27430
27431
27440
27441
27442
27448
27451
27463
27469
27470
27471
27474
27477
27492
27493
27498
27501
27504
27505
27506
27508
27509
27512
27513
27518
27521
27539
27556
27562
27564
27572
27575
27576
27581
27582
27587
27590
27593
27594
27605
27606
27609
27613
27622
27624
27627
27634
27651
27654
27660
27669
27673
27674
27679
27682
27690
27692
27722
27728
27734
27739
27746
27749
27759
27760
27763
27766
27767
27775
27780
27796
27804
27811
27825
27827
27838
27839
27853
27857
27861
27862
27867
27877
27880
27893
27897
27899
27900
27909
27910
27911
27916
27921
27926
27931
27934
27939
27942
27945
27949
27958
27970
27972
27974
27976
27984
27987
27988
27990
27994
28000
28009
28014
28031
28046
28062
28071
28093
28099
28104
28105
28117
28134
28177
28187
28189
28194
28196
28202
28204
28205
28209
28214
28217
28219
28223
28226
28228
28229
28230
28232
28245
28264
28268
28272
28275
28288
28292
28293
28303
28308
28315
28317
28327
28337
28347
28354
28364
28365
28367
28371
28392
28396
28399
28404
28413
28414
28420
28424
28443
28465
28478
28499
28512
28514
28534
28553
28569
28585
28589
28600
28602
28616
28643
28655
28660
28686
28698
28705
28714
28718
28726
28747
28760
28786
28802
28840
28855
28867
28868
28873
28886
28898
28903
28908
28913
28922
28938
28940
28959
28962
28964
28974
28977
28979
28980
28994
29001
29004
29012
29018
29019
29029
29033
29037
29041
29042
29043
29046
29050
29054
29058
29060
29069
29074
29079
29091
29095
29107
29111
29113
29114
29122
29123
29127
29129
29134
29139
29146
29149
29153
29158
29164
29176
29193
29206
29209
29214
29215
29225
29228
29231
29237
29239
29242
29246
29250
29265
29267
29271
29272
29273
29281
29286
29287
29289
29291
29294
29297
29301
29305
29313
29317
29322
29329
29330
29332
29335
29339
29340
29347
29353
29354
29361
29363
29364
29366
29369
29371
29372
29388
29392
29415
29420
29422
29425
29440
29441
29443
29448
29451
29454
29457
29461
29468
29471
29472
29475
29478
29479
29481
29486
29490
29494
29495
29502
29503
29508
29514
29523
29530
29531
29533
29534
29542
29543
29545
29546
29547
29551
29554
29558
29559
29571
29601
29612
29632
29635
29650
29686
29695
29708
29716
29776
29806
29874
29899
29922
29954
29957
29975
30089
30109
30178
30189
30219
30243
30248
30253
30277
30300
30306
30340
30355
30371
30413
30429
30430
30448
30449
30469
30470
30488
30505
30509
30529
30604
30663
30686
30703
30725
30726
30742
30764
30782
30797
30805
30817
30863
30865
30891
30895
30902
30906
30918
30925
30954
30965
30976
30979
30983
31045
31068
31074
31085
31087
31099
31152
31177
31246
31247
31262
31263
31289
31300
31314
31444
31466
31476
31484
31520
31521
31534
31583
31587
31613
31645
31651
31662
31701
31746
31758
31776
31786
31809
31813
31818
31829
31832
31872
31897
31909
31944
32002
32031
32067
32078
32090
32161
32203
32208
32225
32309
32346
32401
32402
32421
32434
32477
32483
32493
32508
32546
32558
32604
32616
32651
32722
32723
32790
32821
32837
32841
32863
32873
32927
32939
32970
32974
32982
33012
33107
33134
33165
33209
33234
33365
33432
33435
33504
33513
33515
33517
33537
33563
33564
33571
33622
33652
33653
33661
33668
33669
33677
33685
33687
33720
33754
33756
33789
33799
33824
33825
33856
33910
33933
33955
33972
33991
34005
34012
34023
34050
34051
34074
34083
34101
34113
34123
34136
34188
34196
34208
34228
34245
34251
34254
34277
34285
34289
34332
34336
34345
34347
34352
34377
34383
34392
34405
34415
34419
34441
34449
34454
34457
34469
34486
34487
34502
34512
34514
34521
34524
34539
34540
34543
34544
34546
34551
34556
34563
34571
34583
34587
34593
34619
34623
34629
34631
34637
34643
34645
34650
34668
34688
34696
34698
34710
34720
34727
34737
34739
34753
34758
34762
34793
34802
34806
34830
34859
34873
34876
34881
34882
34885
34895
34903
34904
34909
34914
34923
34934
34938
34949
34959
34967
34968
34976
34981
35005
35012
35013
35020
35025
35031
35032
35033
35037
35044
35047
35050
35052
35053
35054
35055
35067
35076
35077
35078
35103
35106
35110
35115
35126
35171
35173
35213
35224
35230
35247
35257
35278
35284
35286
35304
35311
35340
35342
35349
35351
35355
35365
35370
35372
35381
35382
35386
35397
35400
35406
35417
35420
35421
35426
35431
35439
35440
35444
35447
35451
35459
35464
35469
35475
35479
35487
35489
35494
35495
35496
35497
35505
35517
35520
35522
35525
35527
35528
35533
35542
35547
35549
35554
35555
35560
35561
35562
35564
35566
35569
35573
35578
35581
35582
35584
35588
35608
35609
35615
35632
35635
35638
35643
35647
35652
35654
35655
35656
35666
35685
35691
35695
35704
35705
35706
35711
35715
35718
35734
35735
35746
35747
35748
35751
35760
35767
35774
35776
35779
35784
35785
35786
35797
35808
35813
35816
35822
35824
35826
35834
35839
35844
35851
35852
35854
35855
35865
35869
35872
35880
35888
35892
35895
35901
35903
35905
35906
35911
35920
35924
35925
35937
35940
35955
35957
35958
35961
35965
35967
35968
35973
35975
35980
35986
35988
35990
35996
36002
36004
36013
36014
36017
36020
36025
36027
36030
36032
36036
36041
36046
36048
36052
36054
36055
36060
36064
36067
36070
36081
36082
36088
36089
36090
36093
36096
36099
36101
36103
36104
36106
36107
36115
36130
36131
36134
36142
36158
36159
36161
36173
36186
36189
36191
36196
36201
36215
36224
36231
36232
36238
36241
36246
36256
36266
36270
36275
36284
36288
36290
36298
36308
36309
36323
36327
36331
36335
36338
36343
36346
36347
36356
36358
36363
36364
36368
36369
36374
36384
36386
36387
36393
36395
36398
36400
36406
36411
36412
36414
36415
36420
36422
36425
36429
36431
36436
36439
36441
36442
36449
36454
36468
36471
36472
36473
36474
36479
36487
36493
36495
36504
36505
36506
36512
36517
36523
36524
36537
36540
36542
36566
36574
36575
36579
36582
36583
36587
36594
36595
36596
36600
36601
36607
36608
36610
36612
36613
36615
36625
36629
36633
36636
36643
36647
36648
36652
36665
36666
36669
36673
36674
36680
36690
36693
36694
36708
36711
36719
36724
36728
36736
36740
36746
36750
36765
36768
36774
36809
36814
36821
36837
36838
36840
36843
36844
36845
36852
36863
36865
36866
36871
36872
36877
36880
36885
36894
36900
36901
36906
36917
36928
36951
36959
36960
36964
36965
36966
36973
36974
36980
36990
36994
36999
37006
37009
37020
37021
37022
37050
37053
37054
37059
37061
37066
37075
37077
37080
37082
37091
37108
37111
37113
37115
37118
37127
37128
37178
37201
37204
37216
37236
37281
37284
37295
37296
37297
37306
37345
37381
37391
37406
37423
37455
37456
37459
37463
37476
37487
37496
37500
37514
37534
37536
37545
37547
37561
37575
37583
37596
37598
37615
37617
37636
37640
37655
37661
37670
37676
37678
37703
37719
37723
37728
37741
37758
37761
37771
37777
37778
37782
37796
37798
37809
37811
37827
37830
37833
37835
37845
37850
37854
37863
37865
37867
37869
37876
37882
37883
37884
37885
37895
37898
37900
37901
37907
37915
37917
37926
37931
37933
37938
37948
37950
37958
37959
37964
37966
37967
37968
37969
37970
37971
37978
37979
37984
37985
37988
37989
38003
38009
38010
38011
38022
38024
38030
38046
38047
38054
38056
38066
38073
38075
38077
38088
38089
38118
38127
38137
38147
38155
38170
38171
38176
38181
38200
38203
38207
38220
38224
38227
38240
38242
38269
38305
38326
38340
38357
38364
38371
38377
38381
38385
38390
38391
38393
38406
38425
38483
38484
38489
38497
38502
38506
38511
38516
38520
38528
38529
38531
38538
38540
38544
38545
38548
38561
38562
38566
38585
38591
38600
38606
38616
38617
38628
38650
38664
38668
38669
38674
38680
38688
38702
38710
38727
38730
38757
38768
38781
38782
38785
38802
38813
38815
38865
38877
38884
38885
38890
38898
38904
38908
38911
38916
38917
38933
38946
38958
38967
38973
38977
38979
39004
39012
39029
39030
39031
39044
39045
39049
39063
39070
39093
39094
39120
39122
39124
39135
39159
39161
39162
39163
39170
39176
39194
39196
39197
39207
39208
39213
39215
39217
39219
39220
39239
39240
39245
39251
39256
39266
39270
39277
39287
39291
39298
39301
39303
39310
39315
39316
39319
39321
39322
39331
39333
39337
39341
39345
39352
39353
39354
39362
39373
39375
39377
39387
39392
39394
39400
39403
39407
39410
39411
39425
39427
39434
39437
39441
39449
39453
39456
39460
39466
39468
39471
39475
39478
39479
39486
39492
39494
39497
39498
39501
39513
39518
39528
39535
39538
39542
39559
39561
39564
39572
39581
39582
39590
39600
39611
39616
39618
39620
39625
39628
39633
39639
39641
39655
39665
39667
39668
39679
39682
39685
39687
39696
39704
39712
39719
39723
39731
39737
39739
39745
39748
39749
39760
39761
39764
39790
39791
39796
39799
39806
39818
39835
39845
39855
39856
39859
39876
39881
39906
39961
39964
39965
39968
39972
39974
39988
39989
39991
39992
40004
40010
40016
40024
40038
40039
40071
40087
40089
40093
40104
40109
40110
40127
40130
40131
40133
40137
40139
40145
40146
40176
40200
40218
40219
40221
40228
40231
40232
40235
40244
40249
40250
40253
40255
40256
40259
40263
40271
40273
40299
40391
40403
40434
40453
40471
40485
40491
40508
40523
40553
40561
40583
40591
40597
40610
40616
40623
40635
40638
40639
40644
40645
40652
40654
40660
40663
40667
40669
40671
40672
40677
40679
40681
40683
40687
40690
40692
40693
40696
40698
40699
40703
40706
40713
40714
40715
40722
40725
40729
40732
40741
40742
40745
40749
40754
40782
40789
40795
40800
40816
40824
40828
40831
40867
40874
40892
40894
40899
40902
40912
40916
40917
40921
40929
40933
40936
40938
40949
40961
40986
40999
41006
41032
41041
41055
41068
41088
41091
41095
41098
41114
41140
41158
41188
41196
41200
41203
41212
41221
41222
41227
41241
41243
41251
41260
41268
41275
41283
41292
41322
41325
41342
41350
41360
41363
41369
41370
41371
41374
41393
41400
41407
41412
41424
41452
41460
41464
41480
41484
41487
41493
41496
41499
41503
41516
41547
41563
41582
41584
41604
41616
41654
41655
41670
41674
41679
41682
41692
41693
41697
41705
41706
41712
41715
41734
41745
41751
41755
41767
41774
41777
41782
41784
41792
41801
41803
41812
41816
41817
41821
41822
41824
41827
41834
41842
41851
41858
41864
41867
41868
41869
41871
41879
41887
41891
41894
41897
41903
41906
41909
41914
41919
41927
41928
41929
41931
41939
41974
41989
42002
42004
42009
42016
42029
42041
42042
42054
42062
42079
42082
42084
42093
42094
42095
42196
42246
42274
42306
42459
42489
42538
42640
42684
42716
42722
42803
42806
42829
42848
42891
42899
42926
42927
42934
42951
42954
42958
42968
42975
42985
42988
43001
43017
43018
43027
43041
43043
43045
43050
43063
43074
43088
43090
43099
43124
43125
43128
43164
43167
43177
43178
43189
43194
43199
43200
43202
43216
43233
43241
43245
43258
43260
43271
43283
43300
43312
43322
43327
43344
43346
43347
43355
43358
43366
43368
43372
43373
43374
43379
43380
43386
43388
43396
43397
43402
43407
43412
43418
43421
43422
43426
43429
43440
43442
43447
43449
43461
43517
43538
43594
43605
43621
43644
43722
43723
43763
43776
43790
43809
43815
43852
43867
43888
43907
43946
43959
43963
43966
43990
44000
44023
44036
44040
44053
44072
44084
44102
44110
44123
44127
44138
44141
44177
44194
44198
44199
44200
44210
44211
44222
44256
44273
44303
44355
44361
44386
44392
44406
44409
44437
44443
44459
44462
44472
44514
44522
44535
44554
44563
44574
44593
44596
44598
44612
44614
44619
44622
44629
44644
44650
44658
44676
44678
44681
44682
44684
44694
44697
44700
44704
44707
44713
44715
44718
44720
44735
44737
44747
44754
44758
44763
44773
44775
44777
44781
44784
44790
44792
44815
44822
44827
44849
44850
44853
44854
44872
44881
44894
44896
44909
44934
44935
44943
44956
45068
45153
45168
45189
45229
45245
45248
45250
45257
45277
45281
45282
45285
45309
45314
45319
45322
45324
45330
45339
45344
45346
45351
45357
45372
45379
45392
45408
45427
45429
45450
45461
45466
45468
45472
45485
45488
45521
45525
45527
45530
45547
45565
45573
45583
45589
45606
45619
45622
45626
45627
45628
45649
45664
45670
45681
45686
45707
45708
45716
45717
45720
45723
45724
45729
45746
45747
45748
45753
45756
45775
45778
45780
45792
45834
45838
45846
45850
45852
45871
45885
45957
45973
45976
45981
45982
45987
45988
45991
45992
45995
45998
46002
46017
46020
46023
46074
46091
46124
46135
46142
46145
46162
46175
46190
46199
46241
46264
46292
46303
46304
46310
46316
46328
46353
46357
46360
46378
46397
46404
46413
46436
46442
46450
46465
46537
46555
46587
46604
46640
46655
46680
46702
46709
46740
46765
46769
46776
46814
46844
46897
46907
46945
46962
46965
46971
46976
46980
46987
46996
46998
47011
47015
47031
47033
47047
47050
47056
47067
47073
47087
47107
47108
47111
47116
47128
47136
47148
47149
47165
47170
47186
47195
47197
47201
47204
47210
47216
47218
47225
47226
47238
47241
47253
47258
47261
47267
47268
47274
47280
47283
47318
47325
47337
47338
47341
47346
47348
47351
47352
47354
47359
47389
47397
47421
47423
47425
47426
47433
47435
47439
47447
47449
47451
47464
47466
47470
47472
47483
47558
47565
47570
47580
47606
47617
47619
47623
47625
47631
47633
47634
47635
47642
47659
47667
47681
47682
47687
47690
47692
47694
47705
47709
47712
47722
50321
50340
50350
50354
50358
50359
50366
50376
50382
50393
50407
50415
50432
50436
50489
50500
50514
50556
50562
50567
50575
50580
50613
50618
50668
50702
50726
50741
50743
50801
50804
50849
50903
50955
50966
50988
50991
51037
51041
51055
51080
51093
51101
51136
51151
51176
51195
51210
51238
51252
51260
51262
51273
51276
51280
51286
51292
51301
51312
51320
51334
51335
51348
51352
51357
51363
51368
51379
51381
51388
51395
51423
51439
51442
51456
51469
51485
51499
51515
51532
51544
51548
51552
51622
51624
51641
51645
51646
51655
51656
51663
51669
51672
51674
51679
51683
51693
51702
51703
51705
51751
51753
51754
51758
51763
51765
51774
51780
51783
51785
51787
51793
51794
51811
51828
51834
51841
51842
51845
51852
51854
51856
51859
51860
51863
51866
51873
51874
51880
51883
51886
51887
51888
51890
51893
51894
51895
51899
51915
51922
51945
51951
51967
51999
52026
52043
52052
52056
52090
52097
52111
52122
52127
52139
52140
52141
52147
52148
52156
52164
52167
52168
52175
52176
52179
52182
52188
52198
52203
52205
52207
52219
52228
52232
52243
52246
52253
52256
52260
52261
52269
52273
52274
52280
52285
52292
52293
52303
52311
52320
52321
52326
52328
52332
52344
52348
52354
52358
52363
52386
52395
52407
52408
52411
52415
52416
52428
52432
52437
52443
52446
52454
52455
52465
52468
52469
52472
52474
52479
52483
52487
52488
52494
52500
52521
52529
52539
52550
52559
52560
52595
52663
52686
52687
52697
52718
52797
52809
52820
52841
52849
52861
52863
52864
52877
52879
52894
52898
52904
52906
52913
52934
52951
52998
53000
53004
53008
53010
53017
53023
53038
53045
53053
53054
53057
53064
53075
53076
53079
53097
53101
53102
53103
53106
53127
53136
53156
53190
53201
53219
53220
53224
53229
53241
53244
53247
53259
53260
53264
53276
53277
53279
53282
53287
53291
53300
53302
53303
53313
53333
53339
53342
53348
53349
53354
53359
53364
53367
53370
53374
53375
53377
53380
53381
53388
53390
53391
53393
53404
53407
53409
53413
53414
53421
53438
53458
53479
53481
53489
53499
53515
53520
53529
53537
53540
53542
53550
53597
53598
53602
53608
53613
53617
53618
53620
53622
53625
53626
53627
53653
53658
53659
53660
53665
53667
53670
53671
53675
53677
53691
53697
53700
53704
53708
53710
53717
53719
53751
53763
53765
53766
53781
53795
53807
53820
53828
53829
53830
53844
53847
53856
53857
53864
53869
53879
53887
53890
53897
53904
53910
53912
53928
53929
53947
53959
53975
53978
53979
53989
53994
53995
54005
54024
54029
54048
54053
54055
54061
54065
54068
54080
54084
54088
54090
54103
54144
54152
54185
54210
54256
54291
54300
54326
54337
54363
54364
54418
54420
54499
54501
54512
54557
54564
54579
54583
54627
54651
54656
54665
54671
54701
54709
54749
54773
54783
54784
54787
54795
54797
54798
54805
54814
54825
54837
54854
54858
54877
54884
54910
54918
54928
54931
54957
54964
54968
54976
54988
54990
54992
55000
55012
55014
55016
55017
55018
55024
55028
55043
55047
55057
55058
55060
55074
55078
55084
55089
55090
55092
55094
55098
55099
55100
55108
55110
55115
55123
55132
55133
55134
55135
55139
55144
55157
55159
55172
55192
55203
55205
55207
55209
55226
55229
55232
55243
55249
55251
55262
55274
55277
55280
55287
55288
55295
55299
55300
55307
55316
55319
55322
55332
55333
55339
55343
55347
55351
55375
55383
55394
55439
55451
55460
55474
55481
55483
55502
55533
55540
55565
55576
55587
55593
55629
55644
55671
55674
55680
55682
55687
55690
55700
55706
55710
55721
55723
55729
55730
55731
55735
55738
55745
55766
55779
55786
55794
55806
55807
55827
55832
55836
55852
55857
55860
55884
55928
55958
55962
55982
56006
56020
56026
56052
56065
56070
56091
56103
56107
56137
56175
56192
56257
56260
56279
56317
56361
56365
56379
56421
56444
56453
56459
56461
56475
56508
56532
56535
56551
56553
56567
56573
56580
56586
56592
56599
56604
56617
56628
56629
56631
56652
56663
56674
56697
56699
56726
56728
56774
56775
56779
56786
56818
56932
56937
56949
56953
56971
56990
57025
57031
57033
57039
57063
57073
57088
57103
57162
57166
57189
57199
57208
57213
57229
57241
57258
57266
57290
57294
57297
57310
57316
57317
57331
57332
57350
57359
57369
57384
57394
57395
57404
57406
57407
57412
57420
57439
57463
57464
57491
57496
57507
57509
57519
57529
57536
57554
57558
57559
57565
57570
57579
57581
57601
57625
57631
57632
57644
57663
57682
57715
57749
57766
57775
57795
57796
57802
57814
57815
57819
57840
57850
57862
57871
57872
57877
57896
57898
57907
57908
57926
57930
57936
57937
57940
57946
57949
57952
57958
57961
57963
57967
57969
57974
57984
57991
58003
58004
58008
58017
58018
58020
58022
58031
58035
58056
58062
58073
58087
58115
58122
58123
58129
58153
58169
58175
58192
58199
58202
58245
58318
58343
58410
58414
58418
58454
58463
58489
58490
58501
58527
58528
58583
58596
58618
58619
58620
58621
58626
58629
58635
58637
58643
58644
58652
58653
58655
58657
58662
58667
58674
58676
58690
58696
58698
58701
58704
58707
58709
58716
58722
58725
58726
58727
58729
58732
58734
58737
58738
58740
58742
58751
58753
58754
58758
58759
58762
58766
58775
58776
58777
58780
58782
58786
58791
58797
58799
58803
58805
58812
58814
58815
58816
58818
58823
58824
58829
58830
58836
58840
58845
58859
58863
58868
58876
58899
58917
58932
58941
58987
58991
58996
59017
59048
59099
59113
59146
59169
59185
59194
59218
59238
59258
59262
59263
59286
59295
59311
59315
59316
59319
59323
59328
59330
59356
59361
59372
59381
59390
59392
59398
59406
59414
59417
59457
59472
59476
59485
59517
59520
59525
59527
59562
61005
61011
61014
61026
61055
61062
61077
61083
61136
61147
61169
61177
61180
61186
61213
61218
61224
61229
61236
61237
61241
61252
61268
61290
61303
61306
61308
61310
61372
61380
61382
61384
61389
61390
61391
61394
61396
62469
62548
62558
62592
62631
62640
62717
62782
62803
62826
62877
62898
62955
62961
62965
63001
63007
63008
63014
63024
63028
63029
63038
63039
63043
63051
63094
63107
63115
63125
63139
63142
63144
63152
63163
63172
63180
63195
63212
63216
63244
63247
63257
63259
63260
63273
63277
63282
63295
63355
63378
63407
63460
63499
63504
63526
63570
63587
63594
63597
63626
63627
63642
63666
63681
63723
63726
63738
63757
63806
63822
63867
63897
63902
63918
63951
63989
64003
64015
64035
64042
64043
64048
64054
64065
64128
64137
64145
64147
64171
64182
64187
64321
64324
64331
64349
64350
64368
64369
64378
64384
64396
64402
64407
64408
64412
64414
64428
64430
64433
64436
64451
64456
64462
64473
64485
64502
64509
64511
64512
64525
64529
64532
64537
64541
64543
64560
64563
64569
64572
64573
64594
64601
64605
64616
64619
64623
64627
64640
64691
64696
64698
64703
64707
64709
64882
64910
64927
64931
64942
64980
65021
65050
65061
65065
65072
65088
65092
65098
65111
65158
65167
65190
65192
65218
65224
65233
65251
65255
65280
65283
65288
65290
65301
65323
65326
65329
65336
65348
65360
65385
65391
65403
65440
65441
65454
65457
65488
65511
65532
65538
65545
65549
65558
65562
65592
65625
65653
65699
65704
65709
65721
65728
65745
65747
65749
65756
65767
65771
65775
65785
65799
65802
65805
65808
65810
65817
65823
65828
65877
65887
65896
65903
65910
65919
65931
65941
65943
65954
65955
65981
65995
65998
66001
66005
66010
66017
66046
66054
66081
66091
66096
66101
66106
66120
66129
66146
66150
66156
66160
66165
66167
66171
66177
66197
66200
66216
66224
66241
66247
66250
66253
66270
66296
66297
66299
66319
66324
66330
66350
66365
66367
66374
66381
66398
66403
66411
66414
66431
66446
66469
66487
66499
66516
66520
66523
66541
66554
66571
66575
66579
66602
66613
66618
66621
66636
66639
66658
66671
66678
66694
66706
66716
66725
66738
66760
66768
66780
66797
66804
66813
66821
66833
66840
66846
66864
66882
66892
66895
66901
66918
66927
66944
66953
66966
66992
66993
67008
67022
67026
67037
67038
67050
67053
67054
67056
67057
67062
67068
67072
67077
67088
67092
67105
67119
67120
67121
67122
67135
67139
67148
67151
67160
67161
67166
67168
67174
67181
67185
67192
67196
67198
67208
67214
67216
67217
67220
67223
67224
67228
67233
67236
67241
67247
67251
67254
67267
67271
67277
67279
67290
67291
67292
67293
67294
67295
67297
67298
67299
67301
67304
67309
67310
67311
67312
67315
67321
67371
67373
67377
67384
67385
67387
67392
67394
67395
67399
67400
67402
67406
67407
67410
67411
67413
67416
67422
67424
67425
67430
67431
67433
67437
67443
67444
67448
67449
67457
67461
67465
67469
67470
67481
67484
67494
67499
67501
67504
67512
67660
67754
67781
67786
67790
67803
67807
67835
67875
67889
67940
67958
67998
68026
68039
68051
68065
68070
68082
68102
68116
68135
68136
68154
68173
68190
68195
68197
68199
68230
68235
68237
68242
68243
68247
68248
68250
68268
68277
68299
68307
68328
68353
68367
68377
68392
68417
68418
68421
68431
68432
68437
68439
68452
68482
68487
68493
68499
68501
68506
68510
68513
68518
68525
68529
68531
68535
68538
68540
68552
68556
68574
68578
68579
68582
68584
68585
68589
68593
68597
68601
68602
68616
68635
68638
68644
68669
68671
68689
68692
68696
68710
68723
68726
68736
68741
68742
68747
68750
68751
68771
68779
68782
68786
68787
68791
68793
68800
68802
68803
68807
68816
68817
68823
68824
68832
68844
68859
68861
68865
68868
68870
68871
68872
68876
68881
68882
68883
68885
68889
68891
68892
68893
68897
68900
68905
68909
68921
68927
68929
68935
68936
68938
68939
68940
68943
68944
68945
68946
68948
68949
68951
68952
68953
68954
68955
68956
68958
68962
68963
68964
68967
68969
68970
68972
68976
68978
68979
68980
68982
68985
68986
68988
68990
68994
68996
69000
69001
69003
69004
69005
69006
69007
69008
69012
69013
69014
69016
69018
69020
69022
69025
69029
69039
69046
69050
69066
69078
69090
69095
69098
69111
69116
69119
69123
69125
69127
69129
69130
69131
69132
69137
69139
69145
69150
69153
69160
69165
69166
69171
69172
69174
69176
69177
69180
69183
69185
69188
69195
69199
69201
69202
69206
69208
69209
69213
69222
69224
69228
69235
69242
69243
69244
69249
69251
69252
69255
69262
69267
69268
69281
69285
69286
69287
69292
69293
69294
69297
69303
69305
69307
69311
69315
69316
69320
69323
69339
69341
69344
69349
69353
69359
69362
69365
69370
69371
69374
69380
69385
69387
69389
69392
69401
69407
69415
69417
69433
69436
69439
69447
69458
69473
69477
69484
69488
69494
69495
69498
69502
69504
69511
69526
69531
69547
69550
69554
69555
69558
69563
69564
69566
69571
69574
69576
69580
69585
69586
69590
69594
69595
69597
69601
69602
69604
69608
69611
69617
69619
69624
69627
69634
69635
69636
69640
69642
69645
69650
69655
69658
69661
69667
69668
69677
69678
69683
69684
69689
69690
69692
69693
69694
69698
69703
69704
69706
69708
69711
69717
69725
69728
69736
69738
69739
69743
69744
69745
69746
69747
69751
69755
69756
69757
69758
69760
69761
69767
69773
69777
69779
69782
69785
69789
69790
69795
69796
69803
69808
69814
69820
69821
69823
69824
69832
69836
69837
69838
69841
69842
69844
69846
69853
69855
69861
69862
69867
69868
69871
69875
69877
69880
69884
69886
69891
69892
69895
69896
69897
69900
69903
69906
69907
69908
69912
69913
69918
69924
69935
69936
69939
69941
69944
69946
69948
69954
69957
69963
69966
69971
69975
69979
69997
70002
70005
70009
70016
70017
70021
70022
70026
70028
70029
70035
70036
70037
70039
70040
70041
70045
70046
70049
70055
70057
70062
70063
70064
70065
70075
70076
70078
70080
70085
70088
70127
70129
70150
70151
70152
70153
70158
70159
70160
70161
70164
70170
70188
70203
70205
70256
70266
70276
70302
70309
70311
70315
70316
70329
70332
70336
70341
70347
70349
70356
70384
70391
70396
70405
70408
70411
70414
70415
70421
70422
70425
70426
70427
70432
70433
70434
70440
70441
70446
70447
70451
70454
70460
70463
70466
70472
70479
70480
70490
70492
70494
70503
70513
70514
70524
70528
70535
70547
70552
70554
70555
70556
70557
70560
70561
70571
70585
70592
70596
70603
70605
70608
70610
70612
70614
70619
70624
70625
70628
70629
70636
70641
70643
70649
70652
70653
70657
70661
70679
70685
70693
70694
70705
70706
70708
70710
70715
70721
70731
70733
70734
70738
70739
70750
70752
70759
70761
70778
70782
70783
70784
70787
70791
70795
70800
70819
70821
70838
70847
70849
70860
70864
70867
70871
70872
70876
70878
70880
70881
70886
70900
70901
70907
70911
70912
70914
70931
70938
70950
70953
70967
70971
70981
70989
71007
71032
71044
71052
71057
71059
71061
71068
71092
71093
71099
71105
71108
71118
71124
71132
71133
71137
71140
71143
71144
71145
71151
71154
71159
71168
71173
71179
71180
71184
71187
71190
71191
71195
71202
71203
71204
71207
71208
71210
71215
71220
71222
71223
71225
71226
71229
71236
71240
71241
71245
71257
71258
71264
71265
71269
71275
71278
71281
71285
71290
71296
71312
71316
71318
71320
71323
71325
71326
71328
71329
71330
71333
71337
71338
71341
71343
71344
71349
71352
71358
71362
71363
71368
71371
71372
71374
71376
71377
71380
71383
71384
71385
71395
71399
71406
71410
71412
71421
71423
71429
71430
71435
71436
71438
71441
71449
71450
71459
71460
71461
71464
71469
71475
71490
71507
71508
71509
71512
71519
71530
71533
71570
71579
71586
71618
71620
71627
71632
71634
71657
71658
71665
71674
71677
71683
71687
71689
71706
71707
71722
71771
71773
71781
71783
71791
71796
71801
71803
71805
71807
71808
71814
71818
71820
71822
71823
71825
71826
71828
71836
71838
71845
71847
71868
71871
71877
71881
71882
71886
71891
71896
71897
71902
71914
71919
71920
71926
71927
71930
71934
71935
71936
71939
71940
71942
71943
71946
71949
71950
71955
71960
71965
71973
71985
71987
71993
72004
72006
72015
72020
72022
72032
72044
72047
72050
72053
72058
72059
72075
72079
72081
72084
72122
72138
72140
72155
72162
72165
72167
72174
72178
72183
72185
72186
72189
72194
72196
72197
72200
72201
72207
72209
72214
72222
72227
72260
72261
72262
72264
72280
72281
72283
72284
72286
72288
72297
72298
72300
72302
72310
72315
72316
72320
72321
72322
72323
72325
72329
72331
72333
72334
72339
72341
72621
72694
72723
72730
72737
72744
72763
72765
72785
72791
72800
72810
72842
72845
72848
72856
72859
72864
72870
72871
72875
72879
72884
72889
72891
72902
72904
72908
72911
72916
72920
72924
72935
72964
72968
72973
72985
72992
73003
73017
73037
73043
73054
73068
73077
73082
73098
73107
73115
73126
73131
73142
73155
73157
73162
73167
73168
73178
73181
73190
73203
73208
73209
73220
73228
73232
73244
73249
73252
73253
73254
73255
73256
73257
73261
73268
73271
73277
73281
73284
73285
75172
75200
75214
75220
75224
75235
75275
75299
75316
75321
75348
75368
75385
75415
75419
75435
75449
75462
75463
75637
75656
75672
75675
75714
75720
75735
75749
75767
75775
75801
75813
75815
75826
75837
75855
75877
76021
76022
76025
76030
79756
79820
79821
79869
79876
79915
79950
79954
79969
79976
80001
80042
80046
80097
80113
80125
80135
80177
80180
80202
80208
80242
80260
80266
80269
80272
80276
80290
80292
80303
80315
80318
80332
80340
80348
80361
80408
80410
80421
80462
80470
80489
80494
80503
80504
80509
80511
80531
80541
80548
80558
80575
80587
80590
80646
80660
80669
80679
80680
80685
80749
80776
80779
80782
80789
80792
80805
80831
80834
80845
80870
80903
80933
80936
80940
80972
80984
81006
81013
81016
81022
81048
81054
81059
81075
81078
81082
81084
81104
81126
81170
81195
81203
81211
81275
81283
81312
81324
81344
81400
81406
81426
81461
81475
81494
81586
81609
81618
81665
81674
81687
81692
81707
81717
81753
81757
81758
81759
81764
81769
81773
81780
81783
81785
81796
81803
81806
81813
81814
81822
81825
81829
81832
81834
81845
81846
81847
81849
81856
81857
81866
81868
81885
81891
81892
81896
81901
81909
81912
81917
81918
81919
81927
81939
81942
81945
81946
81951
81952
81961
81962
81963
81964
81969
81973
81976
81978
81981
82002
82004
82005
82013
82017
82020
82026
82027
82033
82041
82049
82053
82055
82073
82074
82080
82085
82091
82102
82107
82108
82112
82119
82133
82146
82157
82161
82163
82171
82172
82180
82198
82199
82222
82234
82235
82236
82246
82258
82261
82264
82285
82348
82354
82373
82385
82400
82417
82441
82458
82467
82469
82480
82487
82491
82512
82515
82524
82541
82546
82552
82565
82566
82571
82572
82576
82585
82587
82589
82593
82606
82608
82610
82612
82623
82627
82650
82655
82665
82667
82679
82682
82692
82697
82708
82709
82711
82724
82742
82761
82763
82764
82770
82774
82779
82780
82803
82809
82819
82835
82839
82845
82849
82864
82876
82888
82906
82915
82922
82928
82931
82936
82957
82958
82962
82974
82978
82994
82995
82996
82998
83002
83012
83017
83018
83020
83026
83029
83031
83032
83035
83042
83044
83049
83056
83060
83074
83077
83081
83090
83096
83098
83103
83105
83110
83118
83120
83121
83125
83128
83131
83133
83136
83142
83143
83144
83146
83159
83163
83164
83166
83169
83170
83176
83179
83180
83182
83184
83185
83188
83189
83193
83194
83195
83199
83202
83205
83207
83213
83214
83222
83224
83225
83229
83230
83232
83239
83240
83241
83244
83245
83246
83247
83248
83249
83252
83253
83255
83256
83257
83258
83259
83262
83270
83285
83286
83290
83291
83294
83296
83313
83319
83326
83330
83345
83352
83357
83367
83380
83405
83406
83423
83430
83443
83445
83483
83491
83497
83502
83503
83515
83523
83524
83528
83536
83538
83544
83545
83546
83548
83551
83558
83559
83561
83571
83573
83574
83576
83579
83592
83596
83602
83603
83604
83607
83610
83611
83612
83615
83616
83625
83640
83652
83660
83665
83668
83674
83677
83678
83682
83685
83686
83689
83691
83692
83704
83705
83718
83726
83729
83730
83732
83740
83749
83756
83759
83760
83761
83767
83769
83773
83781
83783
83785
83789
83790
83793
83803
83806
83811
83813
83817
83818
83828
83830
83831
83832
83836
83838
83840
83841
83843
83856
83864
83868
83872
83873
83875
83878
83881
83885
83889
83892
83898
83902
83908
83916
83918
83920
83923
83924
83928
83931
83938
83941
83950
83952
83955
83970
83974
83975
83976
83983
83987
83989
83996
84013
84016
84031
84036
84045
84046
84050
84053
84057
84062
84064
84066
84071
84077
84080
84083
84086
84091
84096
84097
84114
84118
84120
84121
84123
84127
84130
84134
84138
84139
84141
84143
84144
84152
84154
84156
84159
84160
84165
84168
84170
84171
84175
84180
84181
84183
84184
84185
84186
84187
84188
84189
84190
84198
84200
84203
84207
84208
84210
84211
84215
84217
84219
84220
84222
84225
84240
84244
84245
84246
84249
84250
84251
84260
84263
84265
84271
84275
84276
84283
84291
84296
84298
84303
84304
84307
84308
84310
84314
84315
84316
84318
84320
84335
84339
84342
84344
84345
84348
84351
84355
84358
84361
84363
84365
84371
84373
84377
84382
84384
84385
84388
84389
84396
84397
84405
84409
84412
84413
84418
84420
84422
84425
84426
84427
84436
84437
84439
84440
84442
84445
84446
84450
84453
84454
84456
84457
84459
84460
84461
84462
84478
84481
84487
84491
84493
84495
84498
84499
84504
84513
84518
84519
84528
84529
84531
84532
84543
84544
84547
84551
84554
84555
84560
84561
84564
84565
84569
84571
84575
84577
84578
84579
84583
84590
84591
84592
84595
84597
84600
84603
84604
84605
84608
84609
84610
84611
84612
84614
84617
84618
84619
84620
84622
84625
84628
84631
84632
84634
84637
84638
84640
84645
84646
84649
84657
84659
84660
84662
84663
84667
84668
84670
84671
84674
84676
84678
84684
84685
84687
84688
84689
84691
84697
84700
84703
84705
84706
84708
84712
84713
84717
84718
84719
84720
84721
84725
84726
84728
84730
84731
84734
84736
84739
84741
84747
84751
84753
84754
84755
84756
84757
84758
84759
84760
84762
84763
84765
84766
84772
84773
84775
84777
84778
84784
84792
84795
84797
84798
84799
84801
84804
84805
84806
84808
84810
84814
84815
84816
84817
84819
84822
84824
84830
84844
84851
84863
84868
84870
84875
84883
84887
84888
84893
84894
84896
84897
84910
84915
84916
84922
84926
84933
84937
84943
84945
84946
84950
84953
84957
84958
84960
84965
84967
84974
84975
84981
84993
84997
85000
85002
85003
85004
85005
85008
85010
85013
85014
85015
85024
85036
85039
85040
85045
85048
85051
85059
85062
85068
85078
85079
85082
85086
85087
85088
85090
85094
85096
85101
85105
85111
85116
85120
85121
85123
85127
85128
85134
85150
85153
85168
85171
85172
85178
85182
85183
85190
85201
85202
85209
85214
85217
85218
85219
85237
85260
85271
85272
85277
85279
85282
85284
85286
85288
85289
85290
85293
85298
85304
85316
85318
85319
85320
85321
85323
85328
85330
85333
85334
85337
85339
85342
85348
85349
85351
85355
85362
85363
85364
85367
85368
85370
85372
85374
85380
85381
85384
85385
85402
85403
85404
85410
85411
85416
85424
85433
85473
85483
85487
85488
85504
85505
85514
85515
85530
85531
85538
85539
85541
85550
85565
85570
85573
85577
85583
85588
85590
85600
85601
85608
85610
85611
85613
85615
85617
85632
85633
85637
85642
85649
85657
85665
85666
85678
85682
85687
85688
85692
85708
85710
85714
85716
85721
85722
85723
85727
85734
85735
85748
85756
85762
85766
85770
85772
85775
85776
85779
85786
85798
85799
85800
85806
85817
85820
85823
85852
85861
85868
85869
85872
85876
85880
85882
85883
85885
85889
85901
85907
85910
85911
85915
85919
85931
85938
85953
85960
85968
85978
85993
85998
86000
86011
86029
86042
86047
86048
86051
86058
86112
86114
86127
86137
86167
86178
86206
86222
86249
86272
86287
86314
86338
86345
86348
86350
86368
86380
86394
86399
86410
86429
86433
86438
86444
86448
86464
86470
86471
86477
86491
86494
86500
86505
86514
86517
86559
86563
86567
86568
86570
86575
86577
86589
86608
86614
86619
86634
86650
86666
86667
86680
86688
86690
86755
86765
86766
86768
86769
86781
86785
86787
86799
86800
86808
86812
86821
86823
86848
86856
86859
86867
86868
86874
86885
86891
86895
86906
86908
86910
86927
86931
86944
86956
86966
86973
86978
86982
86987
87004
87012
87014
87021
87027
87029
87030
87034
87035
87037
87041
87042
87048
87050
87054
87057
87058
87071
87076
87079
87080
87088
87100
87101
87109
87124
87125
87128
87129
87140
87143
87155
87156
87161
87162
87165
87173
87176
87177
87189
87193
87196
87198
87202
87204
87206
87210
87220
87222
87225
87228
87234
87236
87237
87240
87248
87249
87254
87264
87274
87277
87281
87285
87293
87295
87298
87302
87309
87314
87320
87332
87339
87341
87361
87368
87378
87382
87386
87390
87392
87395
87398
87402
87404
87417
87418
87421
87423
87430
87439
87446
87447
87449
87454
87455
87458
87471
87475
87485
87508
87512
87525
87538
87559
87565
87568
87580
87582
87599
87612
87616
87621
87623
87625
87626
87628
87631
87637
87640
87646
87651
87658
87660
87662
87664
87668
87670
87671
87677
87681
87690
87692
87693
87695
87696
87698
87702
87704
87706
87710
87716
87718
87719
87723
87726
87728
87733
87735
87738
87740
87741
87743
87750
87752
87762
87765
87769
87774
87781
87783
87784
87790
87792
87793
87795
87798
87799
87810
87811
87812
87814
87815
87819
87824
87825
87828
87830
87832
87834
87837
87840
87846
104902
104910
105071
105074
105094
105133
105141
105151
105163
105176
105183
105191
105200
105215
105226
105237
105243
105272
105277
105289
105293
105357
105363
105378
105538
105579
105622
105644
105645
105646
105669
105722
105731
105735
105736
105737
105756
105761
105769
105815
105826
105831
105881
105882
105928
105934
106000
106030
106060
106091
106098
106153
106154
106187
106195
106196
106303
106364
106392
106412
106475
106483
106514
106524
106538
106621
106633
106644
106649
106660
106690
107624
107886
107925
107959
108379
108381
108451
108471
108472
108487
108544
108562
108590
108635
108637
108670
108675
108690
108733
108734
108742
108743
108744
108788
108824
108929
108932
109069
109116
109204
109220
109283
109325
109380
109405
109463
109573
109693
109796
109864
110000
110031
110072
110101
110260
110388
110399
110533
110595
110732
110759
110776
110777
110865
110870
117802
117824
117837
117847
117855
117867
118025
118035
118102
118170
118205
118252
118322
118361
118383
118437
118464
118478
118485
118509
118517
118533
118537
118539
118600
118621
118646
118659
118689
118756
118806
118812
118855
118881
118891
118919
118921
118944
118970
119018
119030
119059
119074
119075
119081
119107
119115
119125
119161
119179
119196
119207
119226
119262
119277
119288
119334
119505
119540
119544
119750
119768
119838
119855
119860
119936
120025
120060
120061
120092
120188
120221
120233
120322
120362
120375
120380
120414
120432
120450
120468
120520
120539
120583
120591
120626
120719
120793
120799
120807
120818
120859
120902
120951
120979
121047
121054
121060
121095
121160
121164
121218
121252
121254
121275
121316
121415
121442
121467
121484
121499
121563
121574
121589
121599
121706
121711
121713
121735
121777
121797
121801
121810
121875
121888
121897
121918
121919
121979
121985
121994
121997
122019
122190
122243
122265
122275
122332
122346
122385
122420
122437
122444
122456
122505
122544
