122505
122437
110870
110865
110777
110759
110533
110399
110072
110031
110000
109864
109796
109573
109463
109405
109283
109204
109069
108929
108824
108744
108743
108742
108734
108733
108690
108637
108635
108562
108544
108471
108381
106660
106649
106644
106514
106475
106412
106392
106364
106303
106195
106154
106153
106091
106060
106030
106000
105934
105928
105882
105881
105815
105769
105736
105735
105722
105646
105645
105644
105622
105579
105538
86973
86927
86906
86895
86859
86856
86799
86785
86765
86688
86614
86589
86575
86567
86517
86514
86500
86494
86477
86471
86470
86444
86047
86011
35495
35489
35447
35444
35406
35386
35381
35372
84127
83996
83975
83952
83950
83931
83920
83918
83902
83889
83885
83868
83828
83813
83806
83781
83689
83682
83615
83611
83559
83548
83544
83528
83523
34347
34345
34289
34245
34188
34050
34023
33991
83128
83125
83081
83074
33910
83049
83018
83012
82996
82995
33824
82962
82931
82915
33687
33685
33669
33668
33622
33537
82400
82385
33209
33165
33134
82285
82261
82246
82236
82235
82234
33012
82161
82157
32982
82091
82073
32821
81961
81946
81892
32722
81857
81825
81783
81780
32616
32508
32402
81082
81078
81075
81048
81022
80680
80679
80669
80646
31484
80590
80558
80541
80531
80509
80504
80503
31314
31087
30979
30965
30797
30686
28117
28009
27972
27899
27046
26548
26542
26432
26312
25726
25210
24957
24715
24714
24667
24453
24446
24162
24128
70914
70886
70878
70860
70778
70761
70733
70715
70710
70706
70705
70685
70679
70657
70653
70649
70629
70614
70592
70571
70561
70535
70396
20980
20950
20929
20928
69401
69380
69344
69320
69316
69315
69294
69292
69286
69281
69267
69252
69242
69208
69206
69195
69188
69180
69174
69150
69137
69131
69129
69127
69125
69119
69098
69090
69078
69022
69020
69018
69016
68972
68970
68964
68956
68953
68940
68897
68893
68891
68881
19710
68832
19674
68816
68802
68782
19593
19548
19499
19487
19464
19422
19368
19356
68417
68353
68328
19150
68307
68299
19133
68277
19117
19115
19109
19108
19100
68250
68248
68243
68235
68230
19045
68199
68195
68154
68135
68116
68102
68051
68039
68026
67998
67958
67889
67875
67835
67807
67790
67754
18525
67660
18470
67512
18232
18220
18155
67311
18147
18141
18085
67220
66706
66579
66446
66297
66253
66241
66216
66146
65817
65802
65549
65457
65454
65441
65403
65391
65360
65348
65329
65288
65218
65192
65167
65158
65088
15211
15136
15005
14960
14919
14882
63594
63282
63260
63259
63247
63216
63212
63195
63152
63139
13538
13457
13434
13431
13416
13410
13385
13375
13342
13338
13306
13288
13261
13260
13258
13239
13024
13015
110260
109693
109325
109220
35420
109116
108788
108670
34876
108590
83916
83908
108472
83881
83875
83856
83811
83803
83759
83692
83691
83660
83652
83625
83610
83592
83579
83574
83561
34392
34352
83120
8966
8928
8817
8772
8769
8750
8741
8739
82172
82163
8413
82112
8282
8241
8174
8166
8153
81829
81806
8039
81757
106196
106187
56775
56726
105831
105826
105761
56604
105756
56592
105737
56580
56567
56553
56551
105669
31897
56461
56453
56444
56361
80933
56279
56260
56257
31645
56192
56137
56091
56070
56052
56026
56006
80587
55962
55928
55884
55852
55836
55807
55766
55735
55731
55721
55706
55700
55671
4143
4090
4087
4071
53136
3945
3944
52898
52894
52863
52809
52687
28031
52539
52521
52488
3325
27911
52474
52468
52416
52411
52408
52395
52386
52363
52354
52348
52328
52303
3122
52261
27682
52246
3050
52207
52205
3046
52203
52188
52182
3020
52164
3006
2980
2943
2912
2842
2717
2662
27221
2628
2573
2465
2282
1970
26557
1964
1957
1940
1939
1938
51093
26487
1894
51037
50991
1827
1809
1806
1797
26377
1776
1774
1763
1749
1744
1674
50743
50741
50726
50702
1519
26068
50613
50580
50575
50556
50500
50489
50432
50407
50393
50382
50366
50354
50350
50340
50321
25675
24991
24568
47351
47268
47241
47050
47031
46442
46360
46353
46292
70782
46175
46162
46142
46020
70610
45988
45871
45846
45792
45707
45681
45670
45664
45628
45521
45461
45344
45245
45229
45189
45153
45068
69458
69417
44790
69374
69370
44777
44737
44735
44720
69297
44700
69287
44678
44658
69244
69222
44596
69160
44472
44459
68985
68979
68824
19629
68803
68787
44053
19402
43966
43959
68538
43907
43888
43867
68242
68237
43605
43594
18982
43517
43461
43447
43418
43397
43366
18304
67121
66833
66780
66613
66299
66270
66296
66247
66165
41041
41032
65592
40999
65562
40961
40933
40912
40816
40795
40782
65326
65323
40715
40714
40698
40677
40638
15240
15151
15077
14988
14848
14801
63642
39045
39012
38917
38898
38890
38802
38785
63273
63244
38680
38674
38650
63144
38544
38538
38529
13540
13533
13452
13418
13398
13393
13372
13331
13297
13281
13270
13242
13218
86885
86867
86812
86781
13010
13000
86619
86563
86559
12800
86505
12710
12703
86429
86410
86394
86058
86029
110595
110101
35786
35776
35704
35685
35654
35588
35582
35564
35549
35542
35533
35528
35505
35497
35487
35479
35469
35464
35431
35417
35370
35351
35349
35342
34967
34938
34881
47165
83955
83983
83976
83898
34710
83892
108451
83878
83872
83836
83864
83831
83817
108379
83773
83769
83767
83785
83756
83740
34583
83749
83718
83730
83685
83678
83665
83674
34486
83640
34449
83604
83603
34415
83596
34383
34377
83538
34277
34285
34251
34208
34196
34136
34123
70981
34074
70931
46328
46304
34012
34005
70867
46264
33972
33955
33933
46199
83096
83060
70738
46145
33856
70734
46135
83032
82998
46091
82958
33799
33756
33754
82936
82928
33720
33677
33661
33653
33652
45885
33571
45838
8956
8945
8938
33515
33513
8911
33504
45780
8883
33435
33432
45626
82133
8381
32974
32939
32927
8272
82049
32863
8249
32837
8227
8197
32790
8193
8168
81942
8142
8159
32723
8103
8065
8052
32558
69415
44822
32493
32483
32421
32401
106098
44614
32309
32208
32203
32161
44443
32090
32078
68954
32067
56629
32031
105731
56508
68791
31909
81084
31813
19492
56379
80936
80940
44023
80903
43990
31701
31651
56175
31534
43809
56107
31476
80660
19141
80548
80511
55857
31262
31247
55710
55680
31074
31068
31045
30976
30918
30817
30764
30742
67271
66846
66520
66367
66096
4153
4140
4111
4093
4119
4019
40894
40874
65440
40828
3921
3940
3909
40789
3887
40713
40654
52906
28268
28245
28214
28196
28134
52686
52550
52479
27893
52428
52446
52432
27804
27780
27746
3169
52285
52280
52273
27651
3033
2999
3009
3005
15265
2990
2956
2941
15234
2808
15100
15085
2792
2747
2685
2616
2621
2592
27185
2575
2563
2561
63526
38958
2105
2090
1989
1960
26566
1973
1961
38757
26468
1872
26417
26402
26397
26392
1799
63257
38664
26323
26317
1726
1711
38561
1693
26271
38540
1658
26251
1672
26211
26212
26172
26145
26143
26120
26107
26092
26076
50668
26038
1433
26029
1436
1415
25976
1405
50562
50514
25851
50436
13531
50376
50359
13412
13380
13329
13300
25576
13214
25488
25382
86808
13028
25349
25241
86667
25118
25105
25109
25080
25057
12767
12749
25068
12762
24986
86399
24822
24806
24781
24777
24772
24767
24740
110732
24683
24681
24643
86048
24602
86042
24596
24576
24572
24557
24536
24493
24481
24474
24439
24409
110388
24332
24292
122544
24160
24157
24152
122456
24142
24140
24138
24109
35569
35496
35400
47346
83873
83729
46316
70901
46303
70819
70838
46241
70783
46190
46124
33825
52260
46074
27654
3032
70552
15191
2917
70514
15143
45850
45834
2790
15079
2788
8894
45723
8801
33365
8779
27200
45627
2568
2582
14842
2538
2525
20927
2511
2482
27075
20920
82264
33107
8170
8198
106483
8169
8150
8147
26555
1923
8055
32604
69447
69433
69392
26383
69365
69385
26364
69387
69362
69359
32477
32434
1708
26260
44682
69243
69235
69185
69183
44574
69166
26130
26097
69132
44522
69130
32225
69066
69050
68986
44355
68946
68939
68927
68882
13552
50415
19668
19657
19647
19619
50358
68800
68771
31872
68742
19556
19522
19506
19521
19503
44000
43946
13223
19361
31613
68510
68482
43852
13122
80685
86755
19143
55958
68247
86650
43621
68190
19004
25195
19015
86608
31300
68197
68173
68136
18962
68082
68070
86491
68065
12732
43407
24888
24886
30983
67803
110776
67786
18599
67781
24720
24666
24648
18479
18464
24593
18418
18329
18320
67501
24463
24448
24320
18161
18111
67185
35609
66350
66250
66200
66197
35355
4150
4128
4127
47148
4117
4129
4075
4055
4036
40867
3947
40824
65385
3920
3905
40800
34623
3894
65336
40732
3865
40706
40652
40645
28232
65065
34254
27945
52487
52500
52465
27767
83103
52332
52311
3111
3124
52293
3107
52292
3106
83020
70731
52274
3088
27679
3101
70721
27673
3096
52253
3051
3016
2998
2997
2972
2928
15238
27539
2946
15216
15220
15194
15186
15095
70426
8946
70421
15055
8932
15083
15082
15080
33517
70414
15062
15065
15073
15060
8918
2783
15040
15038
15035
2723
15010
24235
14974
2687
2701
2661
8818
8800
2649
67192
27244
14936
14932
2643
14889
2598
14885
14900
14895
27187
2583
14870
14805
14817
20940
2498
2389
39245
39240
39213
39207
82222
63738
8425
63726
8414
82180
39122
32970
82171
8392
8403
63681
63666
63626
45168
38967
63570
38977
2088
8225
106538
106524
8210
38916
8184
26631
8165
38877
1996
2017
8096
8111
35748
8038
1914
1904
26482
38768
1886
26474
81813
8034
1867
51041
63295
26423
1814
32546
26389
1785
26387
1789
26382
1762
1775
1737
38617
63172
1687
69305
66224
26241
32346
26186
26182
26166
69176
1513
26081
26055
50618
50567
13550
56573
19684
13529
19664
13455
13456
13449
13446
13439
13427
13436
19574
13423
13443
13414
13407
13401
13396
13383
13368
41006
13349
13347
13360
40986
13320
13318
13283
34802
19434
40921
40936
13254
13230
65488
3902
13139
31521
68418
12998
34546
40639
80575
55982
86666
43538
12796
12756
12734
25031
86464
34228
24997
86448
12699
86433
43374
24920
67940
43347
12530
52437
24798
70849
27775
70750
52320
27690
86051
18428
3026
52176
2896
24395
15178
15114
24371
24353
24393
70434
8961
15106
8955
15093
2786
8908
15051
2698
27116
2308
82198
8419
63587
106633
2110
8277
8281
8274
52841
2099
8240
19008
8192
2042
38727
1859
109380
24910
35643
52560
26406
35578
1759
108932
15172
19717
47226
40938
13292
13294
27110
4048
4068
83974
40929
40892
4025
13244
83941
3935
3934
13151
83832
45357
8462
40749
13035
13027
83704
40635
18186
8941
8904
45778
45775
8901
8891
8897
2725
8875
8838
8825
108675
2673
2659
8807
45606
2499
2532
33234
40917
20935
68584
13247
45485
2452
40681
8441
82199
8380
45282
8387
106690
8376
8337
39044
8298
63597
8263
106621
8278
8279
8265
82027
32841
2086
8213
8220
66621
8191
8190
8186
52697
8155
8139
1981
8121
81896
8117
8064
32651
8060
1930
51101
8033
27235
45649
8782
14912
81016
13390
81006
4123
45622
4077
40899
2441
3958
3952
40831
3923
3886
8415
82102
8338
8275
8262
2101
2094
8207
8194
12797
1985
8138
86438
35715
4097
63277
50988
1802
1772
46357
12527
14862
52455
52469
46310
4056
40902
4035
27087
45488
20910
20917
38566
3215
3953
52358
52344
24694
70787
3892
52321
52269
8460
3091
8450
33789
1533
52228
3042
40669
24580
52232
39135
70636
39031
8302
32873
39004
8291
2894
8273
19037
86568
2083
70446
33564
8189
8136
1925
8859
8866
8845
2675
2679
26117
52243
14978
8821
1874
26477
2601
4138
1822
8763
2591
26427
4109
24890
1788
2519
19457
40949
4069
35573
19451
40916
86577
2416
2693
8836
8234
2629
69436
15244
70556
82258
40745
45852
33563
4115
12786
2664
26297
3882
12736
2705
2904
39029
24649
13101
1751
83923
108487
1706
27107
86823
4015
8754
