141092
141042
141065
167004
167154
167167
61127
76456
98180
76477
98194
76467
76460
98187
98205
98258
122495
122443
92173
92142
72204
72203
92227
92243
149231
177107
148530
177142
177476
177484
177491
122476
122485
122587
98221
148409
76227
97997
76237
61132
76246
167008
61089
97969
141077
97649
121629
75938
75936
97657
97677
176684
97704
135258
71160
113096
113097
97837
76128
176696
76040
76035
97753
134969
161510
161417
142780
142749
176704
121768
147770
161445
70855
70779
70756
92502
92501
116539
92757
71061
155411
71127
160708
70915
71035
70949
70920
160651
71024
70785
160374
160397
70720
122018
147871
135137
176775
176715
147845
112672
91585
161422
134927
91631
134932
71672
135022
91739
71707
135057
161556
135030
161686
159430
158971
162143
158981
159263
159230
121881
176918
147894
176818
147926
176854
71751
71746
176844
176863
176881
71771
71864
71860
135171
135155
112862
135180
91915
112895
91817
112912
91829
91831
135225
91945
71825
113067
92049
92059
135385
92012
112975
112959
91998
112982
135306
71871
176869
148098
148029
148118
148001
176955
148199
148233
177052
148331
176997
177023
91959
148183
76131
76097
97830
97880
97874
76104
166707
166709
166740
166944
121757
176719
166900
166947
176757
166938
140901
97921
97906
97933
122119
122116
166885
166971
166989
166886
166910
60998
61064
166916
147990
4793
13567
116783
33952
5353
33862
15105
14976
15135
15147
33743
15015
23663
33931
134063
134031
160931
167898
161168
135913
135888
135873
135538
82615
92478
82585
99468
82460
99524
175496
173709
173728
159129
159084
133509
179979
179963
156150
79502
159408
31958
67160
79482
32017
68159
179600
111145
111131
66847
66830
67124
79471
129761
95809
111674
156130
111197
155983
155953
178520
128253
178481
178511
154507
154469
155925
129250
111019
155880
165087
134607
104934
83073
155528
127244
180679
156233
127221
155454
180599
155489
104908
155482
127240
127241
180752
180785
181152
181001
127261
180731
155587
180937
66922
180643
66902
67055
67111
67121
67118
86626
67100
67096
110152
67143
110125
67106
180933
110318
110295
86685
86686
67189
86836
86732
67194
86683
111611
111633
65834
65817
65765
111566
170178
135861
170209
170242
135914
136020
135930
136043
136036
170380
170483
86740
66962
66946
66563
110254
86486
109957
109908
86406
111003
109961
109938
88878
66544
135965
70731
135620
135652
135637
135655
135681
169921
170453
170457
170427
111373
111630
111627
80405
80506
80393
80427
80415
71053
169884
169892
169917
87559
111460
65636
136293
136282
136332
111479
111469
65679
87800
87446
169858
65606
65620
181162
87485
169798
169809
87394
87381
166520
87379
87396
63652
166562
166629
111422
166696
166706
127231
63625
63670
63690
63682
136273
63678
136221
166644
166511
102141
79733
79725
79729
79698
102139
177505
102314
102264
102288
177520
102327
111385
102292
102325
129569
102311
136204
80369
80361
71998
156241
63618
136211
80367
63609
80321
80306
80357
155559
80346
166456
79744
165725
165728
110599
110757
110623
110631
86748
110755
176758
110638
110635
87309
102255
111347
135767
135729
135717
165868
177068
110936
111339
135630
135663
165792
79795
135763
79804
111579
87301
111560
155340
155420
65259
135211
135232
86788
86795
110767
135252
135246
166882
65304
169281
169256
65280
65286
161457
86867
86761
177017
110882
135794
170104
135778
87026
87082
92930
65717
83046
65742
87610
76463
169964
135752
135744
169967
169976
170017
170064
65387
65355
65318
86879
110901
86833
86970
96277
180667
86989
169401
135361
135298
135344
135346
135275
135299
169338
176741
65350
169384
110835
180619
86338
109740
86347
110029
67025
86293
66835
109547
109461
109571
86157
180547
109634
109605
155422
155425
155388
127111
127198
82866
127146
104780
82881
104878
83033
170490
104850
104853
127177
104858
83016
127196
110178
165047
66166
134578
134543
134597
164936
164973
82949
164925
83007
164755
134333
164923
134326
134463
110118
134309
88583
88644
109557
180469
88488
109285
87360
96599
180459
112137
24146
25401
19792
3502
33576
86727
33588
10378
86785
33633
17450
8377
8314
17419
17411
17437
19953
29879
29814
29794
41305
19825
29775
19852
25391
25383
29787
8303
41416
41514
19913
20149
8644
8650
19826
19702
19722
20572
19429
19433
19435
29971
29041
29120
29136
29124
29107
29029
29037
41027
41018
41045
41118
8411
41010
41154
41134
29415
41157
41160
41143
28987
28981
28954
29080
29025
28988
41059
41066
40970
41084
28726
28791
28783
28741
28773
28948
28792
109409
28995
28905
28935
28956
28907
28748
28687
28705
28712
41051
28674
40917
8400
8379
86715
8390
40930
28654
28668
28625
112805
40853
28632
40920
40885
10361
24090
25359
3477
3494
3489
24099
29734
19763
19774
19781
19808
92229
29782
29754
19819
19734
29689
19740
29697
19768
17333
8238
8242
41150
41208
28349
19629
80438
136326
19670
8316
33510
10318
28530
40785
28563
19727
19721
80462
19693
29648
28526
40766
23797
68589
61244
97599
80909
18397
88553
18383
28331
39658
111415
39672
14889
18373
38638
38680
14886
39593
28281
155496
19549
33497
10313
8286
33480
16024
17198
41520
24019
24008
19572
33433
24058
3454
3431
127164
3438
170492
33365
24004
33366
19540
29621
8243
8247
19638
8246
19644
80448
19680
155550
136227
19589
40682
40672
8151
41055
29600
41074
86488
8191
8201
41087
29543
19559
87091
17191
41005
80350
19601
8115
41039
19576
8088
40974
29518
37226
8175
40650
157732
157717
80881
113462
24855
5994
35018
35029
29365
21224
29356
40342
23988
29318
91909
21208
21179
29333
26940
37701
17405
12139
6124
26919
37678
17356
97913
26925
37647
37679
6307
37137
6292
37150
6293
157452
76150
179361
157471
157533
24072
41102
113127
97366
155869
80679
131159
97374
80684
141036
113177
131057
110233
25665
25704
86864
180555
68548
14808
8287
33482
66227
5955
23734
8457
68496
68511
33455
80789
80796
131226
157590
33371
68472
97452
7284
23671
14614
80762
68447
33336
33340
80707
97433
86814
24799
34981
34976
76490
16251
34994
29281
40245
21152
29268
29244
29275
159047
40236
7250
34904
24717
111533
5912
21099
29179
40121
12003
4637
34787
34756
37084
37021
17307
6229
63277
37120
17219
34736
63634
11973
19856
36984
19872
36995
142774
17187
11985
37260
87677
25608
28305
37272
15747
6325
6337
37249
23626
14581
14578
33316
14524
23589
14463
8308
24663
86625
8309
33504
24664
34803
39995
40010
40091
147747
29125
29110
40028
41259
23749
34683
11901
34686
11911
34700
34801
36950
34796
4305
12742
91822
12761
12774
147888
21024
39984
7154
16065
16106
34767
5823
5832
34792
20996
109442
165836
29023
11868
6010
39900
34644
34781
34751
4282
34715
29032
5844
97310
68404
80666
36914
80561
80594
97254
97255
97287
80512
80525
97247
97235
113053
68357
33313
23584
33252
33244
14435
68335
6023
14390
24512
34677
40968
7041
165110
11821
20919
20944
39822
11815
39801
23625
12646
34564
34706
34739
4272
12714
12684
20877
39712
16019
33377
24538
25743
34496
34503
20872
34471
34495
23606
39777
13876
23995
20849
28896
11719
80464
34623
14305
24460
34654
24501
28805
88709
86866
180557
180586
180639
161577
180681
140590
130745
156963
130672
181082
180738
88794
88907
180892
180912
91689
156872
156848
180781
88813
88835
88884
80385
80379
97162
68228
23456
34603
34579
23424
33131
97086
97084
130717
112729
15884
15911
24411
39568
130597
156798
156774
156781
80236
34548
34553
32954
80192
130599
40702
112608
97030
97019
112596
112481
130526
24374
24359
15873
39523
122019
130309
130329
122100
130390
156739
156756
14080
24296
34524
40818
23354
13995
14014
68092
80006
112428
112489
32874
67803
15794
112214
112315
79785
79820
96613
79864
41330
67667
96647
79814
80121
96799
96910
130471
112395
24245
34392
162160
34361
67589
32663
34400
39367
41071
15718
169367
41082
15735
16343
24187
24226
32781
67874
32797
23248
122444
23300
129287
5559
5545
20675
28371
37185
16042
37231
25935
16054
28341
25874
25902
16021
28720
29065
29044
19188
19255
19181
70946
19331
28976
28923
29070
19708
19714
19713
19345
19356
19298
19317
19351
29077
155309
19359
19620
80424
19659
19630
19520
19497
19649
19542
28476
28513
28578
18778
19123
18788
19173
19133
170015
41597
8945
18712
181090
9009
26846
18706
8934
180977
8897
8931
18722
10372
18686
8761
88779
18574
18620
28438
88801
18588
8818
18645
17315
8800
8823
41297
8866
30174
160268
23806
41314
37509
28576
37527
26868
26851
6577
6549
37539
26928
37604
30152
41270
19164
9371
19162
19156
19168
19180
27457
19222
19166
19176
19145
19249
41626
9360
25376
9035
87461
9053
9093
9055
25374
9033
9375
9367
19247
19451
19454
155404
19452
19468
19226
24437
41905
8542
25573
35111
30382
30445
30432
42394
28822
20635
9067
9097
20576
41818
30882
147977
29334
102303
30876
19842
19874
19761
19834
19839
30872
30799
42386
24889
42332
30809
30848
42336
21080
29307
156930
29303
39581
30789
30708
30841
30842
30853
19783
136333
19678
19804
19795
19682
19800
29277
19696
29242
19593
29270
19534
109721
29276
37114
37286
37445
6452
6487
41322
15988
15897
26766
26812
37404
37428
37379
17986
26654
18000
8442
18017
71892
37302
37327
26735
26687
26683
97868
26878
19443
9146
26842
30216
18154
18167
26957
8636
18292
17182
8678
2501
41701
41668
9124
41744
162043
9118
9275
42015
19439
9299
30282
65669
30435
41506
41523
170097
41666
18305
17384
8876
2522
135761
2508
8864
21317
21347
41795
30490
30560
30517
19286
2533
2530
18347
8939
18534
68948
8972
2534
27107
34591
43101
43088
17626
41646
8512
8478
41745
14753
32057
38470
6247
14696
30273
30311
110750
30248
8498
42270
8967
8979
20474
9019
20412
8954
20459
20437
12105
20447
30191
176827
30211
28546
20369
30227
20327
28507
20329
30182
20385
30171
20355
20337
20373
20382
42156
29209
29176
20992
29220
29207
30706
9221
34440
9329
19014
9257
9307
87689
9269
9255
19091
19028
19023
18960
19099
19121
19102
19044
19052
19054
18976
42198
8445
42220
28849
180485
42212
42207
30651
161337
42177
30549
42173
30623
65861
30627
42186
18923
41945
18937
21036
25557
9210
27116
42117
33540
42133
42118
30564
30484
18955
42238
25735
35272
35282
156684
12448
35245
91937
4433
4366
35299
35302
25708
18519
35351
35375
4534
12508
4574
4587
12505
35346
97832
26831
18078
180532
8490
18044
26855
34404
42936
31614
68611
8578
8558
87781
42979
12472
39728
22458
22486
29054
12475
43129
66181
22507
22529
12570
22767
32072
12569
12614
22557
12595
22814
22816
121955
31597
42832
9162
42821
25537
42844
42835
22420
39641
22403
129580
22423
12339
12442
111293
22344
18592
12385
37911
27245
43002
18416
18398
18431
18581
37860
30465
20312
27217
25351
9010
14737
14722
38453
38435
38440
109952
38403
38442
6436
27139
37763
18490
135283
27100
37789
41012
7084
6640
16663
170475
33351
8150
16659
30497
37889
165729
37859
18406
26520
18430
26545
26539
37972
42131
17887
6682
37960
34529
17845
17853
34543
17861
6649
6656
25831
17888
17850
17897
79718
27337
135588
27351
27429
27432
27427
38420
27458
4514
12629
25425
25795
34514
25764
35380
34567
25829
88854
35485
35390
17056
96767
25489
110056
4530
35476
156988
12750
110242
166572
29755
4717
35554
35570
35560
12785
35450
110224
4701
12649
12722
22810
12747
12737
22591
22737
32333
2552
2540
2548
181137
25394
9052
32288
2541
2472
18424
9056
37717
27078
26978
27073
27019
2549
22693
12823
12790
31938
22610
22627
22639
2461
2466
2482
8784
31847
135418
27212
28932
37884
42943
42972
42763
9091
23002
31965
42912
42934
42932
31888
22984
31911
31902
42921
27173
27194
28913
37861
97679
18539
16604
29708
38588
26448
40991
23493
7065
26425
16613
16596
20643
37784
37814
37788
37815
6632
43044
17848
25741
17815
6631
37619
37650
37649
19490
27716
40913
6975
27680
26362
6367
27383
17906
14635
22744
14606
27389
14598
29416
38351
27407
38366
27303
14557
27300
27312
4331
38330
27368
38337
26354
2457
42887
6422
22971
122213
31870
31874
31877
27169
27145
37810
27159
28876
37823
37825
17263
26273
36900
37762
37769
37765
17279
42870
96808
9202
18494
18483
18499
18518
97617
18478
42885
17656
42854
31650
22953
23082
31828
25558
42863
25921
43157
6492
31754
38310
26335
37641
26302
16426
37632
23047
31775
6507
26267
9458
42695
9346
87746
9321
9363
38477
18802
38458
18775
27403
70784
27437
71017
135959
27617
27565
27419
41708
16373
38136
16380
16382
18748
38498
38279
38187
38273
6333
6326
40305
6351
29287
38237
14486
14449
14552
14545
42945
17759
20571
37700
17782
37597
6583
27225
27260
27283
27239
27280
6339
6550
98196
19029
27205
14442
37702
37665
14504
37742
135398
27196
37661
19950
71651
102510
121656
140623
17248
18359
37730
37732
27058
18947
27096
16095
41440
7546
87534
9125
42788
121794
22787
18332
9085
42759
22902
8986
181068
8984
22775
9384
9401
18794
70760
27410
38076
135627
79768
27387
79834
27443
18831
27367
27083
17568
109697
29260
38201
135461
27242
177464
14116
14132
22944
6390
37794
37845
27066
96761
17610
37855
26172
26166
147959
29315
38268
156950
38271
38263
6810
6839
38264
37380
18703
18902
18886
38175
27486
38037
38031
27282
71632
26221
36815
17215
17155
26269
26260
136316
36786
71582
80388
36749
36739
26164
37600
85953
27001
27041
42704
27028
8951
37684
22962
31666
18264
26995
18249
37629
37709
37755
37731
6361
26974
22565
14354
37773
6148
6374
26023
6353
6735
37293
26083
97188
26082
37346
16275
6363
31656
18906
75800
39848
102498
102490
14472
121616
38016
37572
31560
37590
26969
26069
18066
26124
80260
36629
17013
36587
37376
34726
26019
27638
36491
26052
26059
26931
26907
18165
31477
31430
37525
26948
18202
37378
26889
180702
42418
97888
26901
42436
15989
7438
37277
97143
26004
37944
37979
26003
16161
16140
38004
16150
16122
26973
14236
6233
22826
14252
27144
17670
37954
27137
6340
14284
29059
38015
37483
25977
14021
121717
22724
14216
9195
17651
14053
6205
37942
30721
14006
25508
42820
17623
37517
75765
166004
2634
155330
155254
60826
60799
38217
166071
166239
75816
122025
140121
140109
169223
75817
40922
75762
166273
40706
140463
140500
140433
41137
76017
166486
31948
140384
121368
29637
166452
75991
38565
166498
166374
60853
38467
4507
166382
166393
166314
41076
75946
75934
41068
113090
111338
121200
71287
102323
16834
34670
25950
80401
71319
102382
121567
102227
19545
71218
102238
85430
39647
102295
70931
36386
37305
37356
37322
26786
37334
34847
18089
18098
8367
33554
16848
42358
109380
155338
26908
68135
68174
42148
86392
114532
8421
86768
132574
22527
158640
158785
158783
17431
134234
134083
19017
133512
96841
158696
25421
37849
165705
28892
19348
25769
2509
134244
115925
34881
115935
134278
134075
180680
181029
68916
9170
25515
17632
32210
26498
98799
19668
116328
164714
73006
159274
130438
6522
94085
116683
164631
164586
136543
110085
21333
34738
26033
17900
12776
27206
19038
19074
72262
39739
135943
72219
167654
19636
136285
166006
161635
72808
116175
93783
18352
116218
166244
72911
165359
136380
161762
72921
136437
37366
165214
17332
161777
127192
165199
161824
18117
60813
60801
18363
65381
37491
175353
37627
99884
117449
135786
27509
117410
110772
82814
18803
3496
17871
4326
18297
69778
82603
37451
99711
82654
65365
82675
116978
99706
35049
69748
99582
11879
27153
117002
99958
117637
20592
99972
136295
99941
117747
80434
136320
100052
117784
117777
136407
9112
162035
137190
181144
9059
161991
137057
162421
137014
19954
136650
110317
73298
162254
162391
162255
130622
94288
73177
73204
162167
136621
161969
162079
19904
136594
164244
164127
136607
118350
72021
28481
137044
164795
118158
69807
61026
35095
61238
69936
69957
69992
110839
82871
82864
82891
99986
88724
35359
70015
100099
116490
70080
82969
35148
24870
24867
35068
24886
24923
97487
35146
35143
16086
16098
35003
83065
83088
117941
117881
19639
117885
100191
117871
109410
100206
117919
16141
42415
24975
35199
35239
35159
35168
70100
6752
16104
36522
67049
6753
16108
16157
16136
37874
100129
118191
21061
100512
35330
117987
39537
83257
70189
12577
100382
118161
35311
35307
100400
20955
38130
100401
122451
67097
6812
121159
140182
166031
28686
12155
137256
40932
159773
159828
6369
159130
6613
159355
36925
155760
37213
118371
30742
121126
121115
13954
121030
14654
139909
166016
25861
36298
25893
25905
16797
37294
26778
37219
37237
37251
16793
26756
37284
71170
85287
19480
71147
79832
27439
36248
71211
71192
25788
30652
102086
9326
25682
71015
71046
102081
36128
9400
25767
16714
37169
104903
68334
16728
116491
26694
16739
16757
16771
16709
16699
75980
85241
7191
7222
37117
75989
7202
16666
37143
25828
121161
72259
137304
164100
164124
164200
164202
164222
38476
138207
138223
138238
165888
165900
29116
156753
165917
22748
121744
139878
102801
14634
139896
165866
156698
165855
148321
138254
26192
26174
26200
36583
155459
36609
36657
8225
26208
41524
33421
8216
30471
179694
41548
22111
13267
22126
166752
13275
13301
80376
36740
19604
36720
155553
36703
164560
36793
36768
36832
36820
36805
36806
136284
36756
13253
155545
36697
26154
26137
16285
26145
26074
26068
41629
16304
26113
16361
34799
97197
26096
26107
18171
26245
26242
26224
71472
36902
19787
36911
137196
118439
137212
21104
156967
38284
100567
83502
38248
100526
158609
83553
35545
5927
14286
83574
70498
35559
35579
18977
70492
35584
100623
35557
42714
25371
35564
27123
70485
100626
70225
25214
16225
16232
70004
35347
17395
8885
25225
25275
70154
35523
35414
97734
35439
35472
70435
70424
16338
16363
80302
36664
36757
6934
80458
36807
180986
25245
34920
26227
26234
155494
19547
36648
26244
80327
36690
17535
97337
26256
36711
26268
26265
17548
34963
26277
87506
9100
17581
26288
36751
42803
17613
36731
26353
19616
36735
69053
9109
17589
36715
41580
41616
129221
30534
39381
30572
30514
22137
41641
13341
13320
22184
13373
65814
30579
13358
65302
13389
8289
36777
8299
41647
8251
83931
100932
100993
29022
100238
119159
138116
70588
166216
100647
29618
38505
100876
14558
121695
83872
97999
35789
70606
118480
70532
16384
70519
26367
36817
25389
25409
16437
16454
26440
36853
25476
7050
16539
136472
36923
26449
17687
26466
36889
25454
25504
102011
30567
120923
121002
85047
120973
36101
70992
70615
36064
16612
41953
16635
70941
35822
16563
19131
36157
70696
119207
162110
25544
92195
101028
18919
35845
87657
25588
36949
26497
36956
17721
18369
26470
26485
17726
36959
36977
26511
15703
7133
37014
37046
17810
26546
26547
26586
26558
37068
7156
101013
22212
30713
30655
30687
17657
170164
41718
41767
167614
5734
102168
5684
36811
5669
102233
30800
5736
22238
13502
22206
111164
30646
22251
22262
30695
30726
17684
9229
17679
41822
8385
8397
17709
8391
162157
17697
37298
118468
25806
17867
30214
13525
102212
5715
5690
41802
22320
102192
30759
30772
22328
13541
22324
22309
30736
22316
13610
22312
13607
30757
13530
14062
30783
111329
30808
41866
68165
16526
41848
41806
86760
8430
8098
41934
17796
41920
8125
41956
41967
34510
17828
170491
41987
17866
30933
102216
30784
22353
5706
22342
18389
26494
30727
22310
22311
116279
26512
167155
13665
129593
5829
13623
66063
39650
5793
37136
11711
37155
5850
13699
37162
24603
16745
26529
136777
37192
13709
37189
35218
26519
16435
41776
16450
177462
5769
14108
30836
5766
16485
16524
26287
26304
16575
16581
24436
16586
26327
16555
16565
36930
102207
14055
5710
5721
36920
102195
5701
102174
5689
26400
71536
36961
36964
36938
26388
26387
16463
26356
16625
36953
19822
36948
102198
5704
13464
36968
26321
176862
13549
167051
13554
13556
13488
36996
13560
129414
39513
22296
5760
37017
37052
18341
26439
37088
26447
26429
37077
16715
16702
26488
16448
36245
36185
70727
79760
36190
5853
19208
36253
25000
26134
36622
15072
26149
15108
27445
36252
27464
36275
36698
36685
36288
36318
6055
135755
2504
36303
5896
135781
36321
8794
25137
36308
5926
36383
111555
5929
36337
15176
5993
13481
35514
26782
13980
14455
6063
6076
37480
37518
37510
12065
37523
17681
25575
80539
36882
63675
37469
115984
26240
36878
14560
6135
17642
9183
25529
71395
36825
42848
25542
140897
15686
37943
18040
34720
17996
17998
18035
43087
17893
8588
26660
8561
17983
42301
24866
42307
31324
31244
22643
22620
31337
13931
22601
6048
37452
37411
13875
121498
22567
6009
86845
42271
37391
14365
22574
14382
6018
14363
5999
101995
13889
22588
31235
25447
17017
26743
36774
17031
35495
26763
80417
36775
26721
69084
25496
96672
9024
25365
16982
36660
155534
36687
80311
36674
26695
155563
36719
26707
161470
180569
17006
15535
37218
5893
37244
22504
31011
5910
42127
13815
13829
37297
158630
22520
13842
31118
37324
37318
13853
26631
31136
71846
37264
5983
42088
16789
86678
33548
16844
135856
36377
25166
36461
36411
25194
25209
164265
36484
6017
36516
180492
42219
16922
25242
26625
33637
8451
16927
36594
26651
25318
36616
26599
18445
26559
15516
18114
26177
26207
155555
36706
136247
36723
6059
36738
15224
112663
15328
19672
36792
32053
15292
36722
6136
15389
15452
36844
67072
15323
32595
9266
2629
2609
2626
76199
15973
32715
32728
2625
22219
164899
37086
164956
37135
18890
97817
18680
23079
36429
164210
2613
32679
32399
162184
9280
2638
2605
9446
32474
9193
26795
18666
9136
98220
27230
27201
4613
13017
110048
12936
6308
22863
22939
12961
22877
32459
2589
32547
13205
4986
66822
23027
32681
32673
22989
23648
32592
13266
32680
32623
35092
4218
12666
4215
35051
35055
12140
13192
140161
22994
4982
135265
35869
4974
35777
35694
166769
4926
4925
35769
13082
35704
35692
35758
4866
4936
4951
12920
26077
161323
68449
16871
34692
25973
8361
16845
16832
35862
34699
25980
26029
70404
35819
35832
13288
6347
22900
10265
35442
18593
37158
42427
17139
42422
27192
9126
19321
2572
88822
18601
9159
8204
97514
26487
37100
17771
42322
17093
42385
8257
88633
26557
28946
3966
11667
4502
12918
12872
37181
11739
28965
3986
12876
3993
12864
102300
30870
3859
3868
21871
11609
11618
155903
11624
71659
80750
37079
11647
37902
3969
30998
34437
34444
34445
26884
35623
34448
35652
35632
35665
28900
3918
3942
3928
37913
3981
12307
3891
34434
162196
34405
34417
16787
17972
25961
34410
11606
3780
3801
3735
3885
3853
3782
3799
3824
37736
3790
9253
17705
34365
3743
11595
3775
11592
34394
3769
34388
3959
166666
4815
17456
26263
17482
18198
60903
26278
41941
7979
17364
17350
16627
41946
17555
26350
36904
36873
102747
6154
26310
86550
42050
16678
41992
30525
33442
42045
42042
17525
41851
41884
30354
17290
41964
41922
41738
7897
17275
30385
30404
21496
4762
21489
30496
30499
21556
166471
73125
21379
4488
21274
19517
11337
39188
30372
21477
21393
83055
5500
30520
37007
8091
37016
37045
37061
16937
42233
16602
8084
30641
176731
21760
14056
30776
22378
39608
30826
11430
11406
80433
36787
11445
73393
21589
21635
3616
136194
11371
70749
36210
10993
19550
11361
11382
3623
19657
136309
2926
11438
80537
11509
20464
3669
37592
3667
36874
11505
28710
3724
3638
3814
36958
11549
36868
11502
3725
27346
36159
10954
10968
37713
12216
22286
12202
30661
39470
5623
22263
35010
35144
37570
12097
12196
35130
9989
35156
9214
25560
35098
4225
22215
5568
30602
35023
35028
21022
4205
34974
25583
17689
25580
33075
7842
42901
17706
34367
25601
16861
17324
16347
24191
7829
33978
161737
25112
17286
34005
17311
68205
170379
41892
3641
86822
24809
28703
3718
34344
11303
11496
86587
16774
32995
67950
24122
16280
7734
16259
33651
24791
8346
24690
34281
95973
86654
33527
25264
34110
96631
34151
24365
16548
33262
24397
16532
24378
25254
17421
34104
95624
24396
25243
34093
34101
25358
17509
34186
181095
25354
34183
3582
37382
3522
104839
24515
25352
17504
34181
16815
33514
180510
16944
24172
7806
25505
25499
42845
25538
25366
24939
17089
17161
24109
41596
24362
41840
24394
41870
31912
24139
16288
24128
6435
14932
31689
22987
6443
40425
31700
41610
24123
16311
24150
24145
66743
31649
7759
24126
170004
32972
41593
41061
22932
31622
14837
31591
67915
41579
24084
7119
41044
8298
24656
169909
32901
16179
41077
113102
15728
7160
24562
33476
24641
33462
24627
16171
24444
24532
34169
17025
23525
41032
41047
23535
7123
24467
24465
170383
114078
24425
87329
25248
34096
8074
16585
24435
20515
12160
24392
179542
7530
16072
16061
16062
24472
15980
24334
24406
41338
16002
7449
41334
15998
113296
15917
41773
24297
15936
170227
41759
7917
24284
19927
37053
41302
131323
15974
23801
15977
16553
24401
24405
32762
41350
16016
8059
24418
86325
24422
16018
40873
15486
6921
40361
14915
40394
32782
41374
7492
16040
15203
40634
6978
6620
31909
31920
40597
15238
40667
23214
15254
40684
40661
15542
6972
130579
15218
40647
68227
24458
15912
76102
23709
15889
41768
24290
76163
15941
32694
15948
14826
40300
22934
40347
102107
5636
30675
22947
6393
31637
40362
33175
16452
24302
43134
17935
99451
37227
26638
35304
39352
22160
12001
5537
22185
35177
5696
22329
31289
22143
8903
34090
25239
42624
25384
42722
22161
41789
76439
7677
179692
16207
7679
41749
41698
17971
116934
10673
17818
17839
34718
17994
16165
7636
24028
41513
24011
16188
24033
113835
24207
7668
16194
24038
33096
16371
24218
15097
31855
24238
7880
41723
7625
7645
24021
24197
122113
6490
31753
31776
24003
26985
10550
35714
10509
34433
42956
17769
87733
34413
133587
69191
17755
17778
24310
33183
41786
41553
24056
5890
30981
31008
85109
41009
7083
41011
41013
10733
7669
24039
16196
16205
24050
34618
17927
10756
41218
23698
25203
17375
30964
68841
42589
17366
141130
41232
113272
15892
23715
30967
113061
41043
7118
40999
7127
40992
30886
40985
39699
30917
15647
40997
40984
15446
40842
169180
6999
15570
40933
40958
7007
32338
40941
15585
40948
92713
30269
5261
10636
35295
10131
92769
5319
5295
30260
21890
5252
5301
35291
10127
35137
9969
10406
5193
10370
10416
97871
10426
17336
34032
17338
41108
23588
34028
17334
10088
9964
35175
10012
35147
9980
162971
10041
40791
6842
23329
40796
40814
112788
40836
32164
6845
40800
5754
39605
30823
122519
112760
40815
23575
30829
8748
25089
33959
17266
97554
10064
5781
14130
30854
37786
12273
9662
34833
8871
17378
68863
25218
86561
8256
16756
33345
24511
16652
23768
7391
15958
7401
86492
8197
16718
16721
32720
41307
7423
85560
7435
24086
7720
11986
8799
25140
30368
34791
41948
16628
17295
25120
16090
23932
121835
31456
6186
31365
23963
31340
41341
15928
23743
15918
32665
7357
8107
33317
16623
25102
10290
10315
17633
25589
9237
17686
9245
17694
17677
32815
23920
25597
17703
42866
17668
163191
10246
17765
17777
34446
10143
26597
4295
34338
30588
39402
37544
20415
3636
12102
3657
28627
20590
28701
28918
37868
119041
20736
39452
30614
39424
29323
4268
19567
11377
23495
20767
165767
12372
34450
42997
34483
12356
34422
25641
25651
34408
32298
23431
12311
87523
17595
34266
26415
9951
9882
15669
23519
6806
15353
40765
41053
15663
7087
15681
23529
33891
17193
30747
41058
32466
7136
23544
25037
17207
113021
41008
7079
41029
23522
14978
40452
67082
32102
15338
40752
40725
5694
30749
30739
32129
40776
16620
180796
25054
4133
41204
23687
179311
7315
23705
32636
41224
25058
41227
17243
25073
147678
12483
29068
4075
87067
25008
16558
24412
34687
34701
17257
68756
25083
34745
10227
18547
10209
14461
6066
31204
23858
31217
23892
31246
15870
23689
41207
31299
18529
10193
35363
26640
10177
17554
34225
87451
9042
25385
17533
25373
17524
16004
23839
23660
7274
41179
24993
180728
24998
33263
8035
16549
71440
11501
41186
141096
41196
131214
15874
41213
7304
23613
7228
41133
41086
15709
7141
41096
41122
7210
41750
16423
32577
15808
41155
34588
4030
34604
25878
34614
17934
34624
25784
43045
34519
68577
33735
24882
42319
24878
43096
25867
43111
25808
34549
16386
24916
17831
171838
96988
34536
34627
131175
23661
15836
7275
24986
87024
8633
42417
24976
17130
9703
17071
26205
9737
166732
4881
60828
9743
10212
26257
9791
40888
15505
23413
33707
24846
16996
24871
17021
26183
34879
9718
60797
9716
33835
17123
40911
6970
15541
23434
42696
17495
42729
178947
23447
8609
24949
17098
41289
23777
24950
33813
17100
92752
30302
10157
30452
40049
40042
158992
14687
40178
22068
30444
34840
9674
30389
67181
23388
30429
14670
83987
40165
139925
40168
5417
30418
15444
23376
39213
13721
30397
17012
39796
39854
35757
10549
121795
40164
121790
22784
40160
40107
6192
40134
22738
40102
6201
40143
31405
40156
6129
40059
39968
14479
39997
6099
14511
40029
40033
139827
40055
40018
21969
30349
122456
112703
40774
40743
6777
31939
6647
31904
6616
40973
15590
15327
40745
159495
6744
23504
41002
15650
121627
40001
31984
6691
170129
33072
24199
7839
16367
24214
32502
15742
39943
11461
32516
15757
10355
14437
39957
30280
39849
14331
5970
31079
33126
16402
17210
161681
33924
15665
6701
39903
24209
39865
40660
6699
127142
3412
25087
68760
33956
17264
25108
68779
33973
16359
24203
86026
16328
41660
24174
16372
41707
16357
41692
24201
42967
25686
42960
3401
17809
25738
34489
17261
33953
140887
15678
7101
15676
25042
25049
33915
40980
7058
15636
25578
42882
142734
8649
33857
6648
61054
9949
30723
25938
34659
87776
25705
17786
34459
4327
141009
41124
32522
23587
4213
4233
34544
34581
4057
12468
97014
43071
34558
171848
17859
34561
5128
25853
34590
29081
12496
25872
34609
5135
17909
34596
42949
25659
34414
41662
11923
30472
22093
39952
31172
14454
31201
25150
42556
25793
17854
17905
16131
35271
13804
30375
5375
97562
35237
16125
86804
24792
110927
82967
13741
16963
24814
35165
32807
41409
16066
23918
35189
5340
134506
35190
7527
16069
24853
35198
24856
16092
23393
15472
6909
31720
23004
66797
40442
42508
42504
31090
70119
10307
31126
110947
22065
13778
22084
22074
39922
31140
37798
28846
14914
31671
40393
6451
14953
40432
23586
36813
19695
20102
3386
28269
11789
14941
6440
40421
10015
134529
35206
35104
41368
7486
16035
6854
11628
7464
16010
23847
41395
23897
16055
29111
4106
33626
24768
26306
34989
15978
35013
30344
13660
5215
33502
24662
9887
35076
13689
32754
7463
16009
22905
14833
40306
22930
40341
14851
40322
19631
28830
23373
15437
6883
22961
40388
28844
9478
19598
24417
37687
28732
9487
80368
19615
23706
34929
13548
5483
13827
34947
34693
13570
23745
25970
17975
13585
24607
18182
9794
34973
15943
34970
23665
41257
41234
15895
30480
110986
13796
34918
41824
12116
28645
14615
40120
12177
28708
34572
9456
36626
19525
34613
43094
9465
40141
13722
22024
40287
111098
30581
23068
40509
30640
40211
6822
7266
15822
5726
14069
39583
98086
10680
6322
40273
13844
30523
22963
31667
40401
39423
30613
5799
39656
22154
30528
40264
15858
39664
39790
39766
167695
102316
22418
39666
23462
15588
16297
7773
24138
41632
16289
24129
34512
9395
39631
40878
23405
42916
25623
34385
9289
133564
34396
63696
28535
140608
40821
6870
40840
15443
23375
87665
34362
19836
11555
7022
40955
15595
28267
3394
3399
19372
36457
11222
41617
24134
36397
11177
86790
24778
33639
7559
23946
180742
33873
32840
23954
25005
17160
33865
16146
37204
20079
3370
155290
11189
3377
3318
11216
11170
40015
23394
40864
40849
23382
136015
36511
19416
17800
9364
6119
40051
32022
15255
40686
6723
28584
5189
39015
13517
23624
5106
13448
16677
24530
34850
40807
40778
6821
80052
11212
141058
113200
23649
15821
31823
6545
15403
112847
23409
6524
5677
14007
39525
71131
11305
140693
40893
15515
6557
11765
32871
23996
6902
39600
24930
17079
33790
15563
16231
24073
8602
33802
130899
40944
15582
3364
76373
23993
16200
24044
32920
24041
24895
33754
161492
24881
42330
24888
33747
23359
6869
40820
15422
68605
24910
33768
159628
40819
15418
179643
32884
24006
24898
33756
41552
24055
67166
40839
15441
15489
6895
40848
15450
40901
23425
112870
15519
23981
67816
41494
23991
23975
3299
180519
33663
37085
11654
3252
23936
114524
33622
28138
3268
8482
42254
24810
33671
33605
3261
3279
6763
2574
11167
11157
32656
15907
76134
7352
23739
3111
3248
19373
165280
20300
3558
28506
19912
3202
3173
23783
3159
181166
9080
162007
34240
42762
3193
32532
23594
13698
34820
24429
15765
32525
66794
14960
22999
19674
140966
15743
24851
4156
24838
16999
13571
30192
13649
180661
161589
87015
42407
24965
17095
180687
42403
15784
41130
141001
41117
17102
15772
41114
15768
122060
14944
110719
149200
176995
5352
30356
17199
25031
68716
25040
33880
17174
33895
25030
25038
14880
30396
13720
5386
6456
22997
14966
23005
180897
17330
34040
30391
5392
41125
41112
15766
7199
41128
24972
13523
110710
30212
170105
33048
7818
41673
3536
28449
112970
7043
15617
20517
34182
180162
24487
20623
28807
12233
9242
162149
34351
3061
11522
34087
122466
140553
40784
6825
16573
41893
37652
12171
165852
100258
4051
5509
13850
32034
159480
23226
5336
13653
30342
13658
41126
7217
23604
32546
32549
5390
13724
31790
15033
23059
36851
11486
41163
32585
15180
23153
23078
177137
5480
13824
67053
40726
15304
6761
23280
40746
40711
6745
6772
25511
34298
17628
34316
24117
180965
8884
25224
34074
11466
3645
20427
30449
13765
39260
5363
39174
94299
40708
15283
6741
23416
15508
34978
18187
9799
32050
6748
179737
16252
7727
24095
34260
110829
5320
167166
39169
15740
11448
177148
5491
25410
9069
34231
9061
34223
23449
6982
40921
15555
82972
30427
13735
22040
5396
13729
37230
2681
140665
23400
180535
24826
33686
16989
42280
180538
24827
132635
33690
33717
3018
15825
19755
36870
3025
33561
10256
37904
20762
35408
18568
10233
2620
111590
14315
5956
39837
10243
36446
2624
3015
31891
15132
40580
6605
28422
70982
2610
19353
2599
19344
39738
6578
179719
24076
3464
28351
3379
118403
28276
6561
102353
14198
39706
163179
35409
78977
10234
39824
10239
14311
5952
39832
36292
11072
9276
10130
11034
20748
26620
10167
11004
12362
20750
19291
164148
11158
2573
19322
28798
20615
20676
175405
3736
20549
3912
20709
20569
118333
28210
22398
39636
4678
29716
92066
29620
3818
33337
16645
20639
37768
3828
12260
33346
24513
16650
24508
24506
34769
24372
23500
4979
13340
32464
7134
23543
41004
15629
167104
5297
26037
34741
16629
24485
169318
32448
7116
15688
23554
26058
34760
131080
23583
25487
34286
42780
34263
34258
25360
34188
7975
24338
37583
12108
20405
12076
34366
82480
157557
13273
24344
17625
25510
13212
4946
110736
30236
5223
34671
40942
23458
23466
15599
97077
34638
41764
33157
24288
23465
15598
25190
34052
25249
25259
34106
87346
34111
87352
25268
34114
181022
34119
17432
34135
21386
181040
115128
34132
10027
102240
12992
28593
16441
6120
31287
40057
41817
24339
16497
7980
12696
21065
4245
25291
17446
34128
21366
13000
68111
24309
23576
7176
41093
7157
179098
7128
7985
24346
28665
16494
24358
41835
67137
159612
121772
6204
93793
6261
10619
14713
32082
67179
112808
32233
21073
181046
25304
17457
29313
72804
32069
166494
2603
11198
67145
40816
15414
180172
24496
95812
42018
114246
8510
16988
96224
17054
23304
40770
67123
23327
16045
23880
180515
33925
15901
23722
15985
23843
41343
41326
23822
15054
109923
12838
5866
39736
22449
14242
22481
41828
16505
33658
16949
180530
16967
114588
25103
16654
33347
28675
16520
23748
85469
33967
161721
25099
41837
23763
41275
33985
25117
6597
29974
76026
23630
7246
41148
17015
31821
15060
6544
6689
15217
23180
159420
15207
66978
15211
15122
31879
23179
40847
23381
15449
40957
41268
71463
19772
11515
3043
29585
13151
30206
41034
23515
92754
176935
39125
6677
167078
176897
39091
4143
11400
23556
11427
11409
16167
32893
24014
28282
37487
20358
155549
11387
20322
3393
7649
24025
28294
24022
7646
41522
11774
17220
161675
33916
11769
3380
11780
4123
3946
17298
25123
33990
6757
15300
23255
37401
11954
42430
33855
67031
40699
23230
25013
33878
6948
23432
32184
15411
24247
21784
17855
43070
17877
34557
15479
9362
34477
92207
13126
29765
4727
34432
21665
4961
25668
21487
38662
13158
164328
71107
19447
112838
23403
42828
25516
21540
4819
43056
34540
92518
5054
34520
20286
3547
11965
15271
23227
24155
99634
37370
11921
34000
11960
17116
79873
155187
36284
25286
34126
128281
110122
13007
111483
14234
5874
36294
16085
32820
41430
23929
8974
42683
34142
23998
85652
23888
6731
32043
15279
130642
23244
32041
15278
36356
19304
112685
23296
15348
25818
34559
176778
38966
110699
39012
38986
21816
38981
13565
30255
39073
23175
6680
38975
80836
28194
6565
23886
28154
38931
3242
9392
25756
17826
38934
176756
38946
5074
30141
38954
43066
38953
40763
15350
179554
16084
23927
28193
24088
41584
28337
20176
28162
3298
23923
63314
28189
36631
11345
11804
20131
20137
32342
7010
32361
23468
71210
11351
40962
23467
11350
19976
28134
37095
19974
28132
76363
23986
20084
37142
28177
16120
23955
20042
3332
136769
20059
37179
20056
23979
20078
16158
20115
19984
3274
28169
19551
36653
11362
16074
23915
28182
4021
4040
165833
20829
4031
33770
12288
3865
16113
23949
63315
3327
11726
11743
6604
23122
31890
15121
6595
23113
6712
23223
122045
31687
14931
23091
9967
35161
3897
28879
3864
24236
35164
17118
180699
8630
24974
33938
6483
8930
34113
87338
25255
34054
29634
12991
13039
17309
34024
157720
38896
5063
157733
30123
38938
30290
5287
39111
81669
4099
15221
28174
20011
155898
3221
28115
28125
29778
13138
38671
19929
37104
3272
20001
16012
23849
41347
118217
28100
32178
23345
15405
11233
6893
32221
40845
11241
180513
24795
33655
28970
3988
11288
11274
25260
17423
42641
181019
34117
8925
25262
8898
25234
14671
8918
25253
14672
180550
24840
42283
33702
27046
98035
180517
114568
114357
23872
16037
63244
71674
11662
6423
22972
14908
6419
22968
8440
33624
16938
24787
33648
34091
25230
8466
33650
24808
16957
33688
22982
11633
121981
14870
22933
33562
11639
11653
4809
14602
15099
31857
40595
6596
23115
15124
23029
6489
4823
29851
38713
29434
12817
25074
33937
6783
36403
11180
3916
37832
3902
15406
19383
11234
33668
24834
42277
86842
33687
114572
16953
33662
20906
4120
16945
33653
16992
42284
180542
33694
42134
8354
33541
16733
24599
3921
3965
3904
86764
180478
33618
161359
180474
8429
68476
16907
33612
86668
180405
33539
3934
33542
86752
16903
33616
109317
28903
3922
41239
7339
36978
19850
36974
28022
38737
4903
38767
19863
3146
28065
11031
3889
37829
20695
28860
3877
3863
42112
33521
42104
33511
86658
42122
68405
16821
33522
83026
22110
95731
68255
95727
104808
16633
8119
79025
35457
140460
23233
94292
26617
35329
10163
78978
36395
11176
122068
6447
14950
66831
159250
79056
163256
35491
40654
94250
3677
81255
97925
35788
97998
25041
33906
25078
68752
24980
33845
25093
68766
7807
81150
28649
81250
99853
81246
160802
24274
24283
81239
41720
24232
20420
81205
12421
4015
161358
86757
24756
42200
114512
24765
114525
114555
97983
10439
35736
97955
86744
42187
24421
114073
86908
42325
17033
132697
63681
20345
28521
81195
97974
24952
132792
35160
14002
6364
22918
22912
28964
37919
12392
3985
33500
72893
12791
13147
4748
6328
15521
23428
40282
14775
40244
6298
14765
86470
33383
14771
24540
33380
29605
38494
130226
6343
31576
31587
40304
14790
6317
13022
38571
6329
8249
33451
33436
42089
16791
68458
16883
114485
24668
16809
33509
86570
161202
33459
23679
15859
19793
11525
3056
3089
27977
27924
4655
38574
155723
36876
27931
17454
115133
34137
38572
12274
3850
19864
113329
15951
41281
164775
36988
19861
19820
180961
8881
68866
34072
77737
39707
35365
78940
66774
31640
112248
66768
66766
40382
14907
23007
31721
66800
14876
66783
22273
39479
22271
30851
14127
22394
22293
26405
5642
22280
18420
35234
10075
14970
6465
31757
177501
22411
11057
31975
15209
33289
9043
17534
4710
33293
87481
34234
166573
4718
25369
17521
34198
29717
4679
110214
4694
91825
12765
68774
39826
111615
14336
66245
22936
31635
97409
18256
35042
65848
30607
22221
129306
5577
22222
34884
39265
22075
5572
16147
41493
41503
26130
34831
24629
34827
24633
8226
24594
86521
33426
24591
34815
39301
18176
69648
157615
38809
17767
34430
69204
15447
6892
40843
23377
2668
11252
98789
29266
81823
69604
26286
69678
34750
25994
17990
9582
34727
8179
24567
26142
36456
140437
6715
34839
42313
24872
23883
160347
131408
16038
34997
8550
24885
33739
17023
24873
4150
161428
16974
24824
24876
23922
16080
6679
24779
23811
113370
15986
25113
68783
17259
25084
68758
96257
8591
24931
132757
97856
20438
81284
12156
81286
36580
2745
98780
81755
15186
40620
23157
27473
36295
11142
98561
4049
81690
11155
36367
98582
34633
9509
115684
40658
98581
98568
12588
81733
18095
115911
115163
21739
97039
115636
98735
133623
27511
98538
98537
115053
133438
8845
115020
98203
180953
25211
42604
25200
77721
34060
36032
98224
25520
34304
22921
6366
40327
98231
12413
37947
4007
24671
42168
24734
86729
180449
16881
24742
26027
7650
32900
16178
25951
30448
22071
4796
29830
13190
17608
13191
29854
38715
13189
36489
23372
36517
5528
23933
16116
41455
30415
5405
39217
22027
41472
23968
41491
16655
8147
70966
36414
11192
15354
36442
26056
30347
21965
5368
21993
34938
65721
13807
5468
34951
30502
5478
5314
34755
13118
5484
11197
36447
17564
34237
38637
13129
13043
5456
13062
3812
33341
24509
23452
15568
11342
15581
11411
15682
24520
6425
66762
98263
140915
169333
15702
41091
7174
15745
15750
11443
113112
7171
15730
7192
15762
35646
35697
17372
17359
26086
68836
34048
17358
8883
17394
70914
36365
41296
15963
15972
94132
31842
10988
36200
27424
36231
70767
36230
25911
6694
11126
36336
9531
97115
25958
25071
17242
42481
17213
135675
11018
36261
17179
25862
25811
25781
112353
40488
6515
36174
36206
15824
41169
23632
41151
11510
3036
7296
41202
23662
15837
41181
23704
41221
28651
3673
7981
20494
87040
8643
24988
180704
24979
17135
25999
34712
21915
25987
21250
180866
25125
29526
33981
17289
17305
24450
8069
3231
28099
41346
170436
24484
16610
8092
7482
41366
28070
30303
21928
41377
17360
25187
34050
17341
30274
5271
25992
41327
12925
25176
17349
30329
19951
16036
41369
34651
25926
30251
15846
41215
34628
30217
30194
39006
13509
5180
30225
43165
82778
30238
167091
39104
34019
12879
34658
17956
92721
30277
5274
39099
17981
167107
149135
110807
30300
87343
25261
12993
167100
176921
30294
23688
23707
41226
28252
85778
41488
23987
23966
17313
34008
25131
12862
4445
25178
68830
36146
23040
6499
15005
12923
6669
23165
15183
23961
41481
32860
23978
20213
24110
169834
23965
180736
33866
148143
29471
4421
17292
33984
180956
68861
6160
14590
40097
35715
6126
35155
6157
130513
6602
6612
15140
11829
41549
24052
67885
7682
16209
32938
24062
25586
34352
162055
9133
25475
34278
16457
24306
10746
35978
23438
15537
6357
87682
17717
42909
3591
179923
24248
5971
18646
35504
14770
31521
6301
112827
6913
15478
40866
9293
25513
34307
88868
10323
35532
8262
24624
24614
16753
156677
81592
25429
34245
16379
24228
122498
23337
40802
40783
15371
81640
17627
34297
25554
69126
180908
25168
5969
14330
35432
35467
35438
10266
35443
35919
35446
24188
41678
86013
24162
16322
29783
9116
69058
109448
29028
81603
110169
166503
4653
25339
34172
177577
22467
35370
39688
35297
21235
12861
29519
161745
25118
5763
14106
35252
35356
6769
23267
39480
9923
35088
13943
114584
8394
24732
40351
6365
14854
22920
98097
10690
130181
6300
22869
34939
22119
13820
29640
38522
38537
8154
33352
16662
3837
136358
19697
32586
19748
181103
17512
4689
24454
33298
14720
7389
32692
41277
76139
7358
41254
15919
31861
23103
40544
15091
15081
6562
19827
3107
41237
15903
20867
12490
23762
160241
76182
41293
5275
21921
23737
7350
7340
15905
23063
15041
6528
35980
10776
19034
36012
27075
35857
31773
40482
6505
6498
41201
23684
15864
31817
15056
40514
6540
15061
6535
35915
6508
66843
15030
22292
30679
5641
9941
35140
35192
6072
79489
35931
40339
93878
6345
25512
25523
41968
16648
42915
25622
40320
31606
14849
98246
6354
14839
35986
19482
11319
2746
21627
38777
9233
25576
8312
42101
114384
16720
37908
3977
12381
8269
16765
40446
22990
36084
17092
6316
14799
35947
24694
16838
4947
13316
4970
29988
25647
9297
25645
29061
4070
68443
16867
7499
3870
12291
42002
8176
24543
33392
16680
21265
34021
8906
115079
34010
25141
21271
29545
6764
40728
29603
7431
14962
23000
31697
14942
6441
135514
10885
36096
40749
15335
15364
40775
14679
15428
40826
4117
12557
38101
20922
33632
16925
35422
41880
33271
99905
28695
8023
24387
33253
7622
71849
28302
24030
11784
32897
7616
21719
17804
42998
4996
87782
25710
25703
17784
38882
4998
25712
11271
15463
23408
40881
34271
110316
38682
29816
21510
31532
14780
35927
4895
110141
13025
38549
29667
36850
27912
87509
42769
25444
166625
4772
29806
21500
36862
27919
29966
4949
25364
34191
17513
21446
41313
37002
3162
41278
7390
140615
23366
155426
98773
32763
16017
7462
70935
2578
40777
66863
6542
40516
15058
15088
40542
25067
33942
21457
11246
23361
15424
140643
15455
40852
166537
29721
21406
6558
15123
40571
20692
8189
33397
42010
24557
161107
16693
35617
8978
17475
25320
35588
158760
6038
35580
166876
5040
34511
9387
17821
25748
25755
24924
33784
161523
180622
17057
16428
24280
41757
179936
24259
86984
24944
24936
17085
169365
15733
41080
4990
30011
41158
23601
15790
7234
41135
24915
17066
24839
16990
8030
16544
8820
17337
34039
25173
17354
8526
17004
15642
7064
41030
34411
9308
25655
15649
41031
21716
41035
32439
41042
21638
25635
42928
25615
40990
13306
29960
166774
21640
155505
19556
140830
7062
40986
17157
161628
25009
162952
10022
18402
26515
35213
16100
7552
25014
68700
24971
4098
180468
16901
20886
180448
16879
12510
16893
24746
16846
7581
23967
169825
16121
7560
32011
15244
40673
6666
15193
2514
19261
15225
180841
17273
29651
38534
12970
29632
71951
28399
33003
7735
6531
17258
180856
42523
4405
29490
25092
24361
16514
28659
37608
99866
12131
41827
16504
29802
112918
6994
23450
15565
75766
40925
4898
29920
2729
112595
40691
23220
38907
5031
21736
5129
21799
38960
21776
25821
176780
30159
68802
34007
12870
38334
12789
115062
21242
12867
166445
21348
12259
42880
29889
13249
29909
25546
21582
8868
25204
34065
21305
16427
24277
16416
180006
24326
16476
37494
12043
41758
41733
24249
16398
14141
5791
10072
14104
5762
7894
16404
5751
14065
5709
41820
16496
15968
14003
35162
35099
9932
35126
30670
5629
24229
39481
5631
16378
5697
7886
24244
20360
33113
16387
25535
15530
32303
23433
36605
6428
14926
21129
12754
25036
68718
24997
36170
23058
15032
41719
16383
22369
14083
5741
12039
24254
35212
10052
14086
5744
5731
14074
35219
5720
12087
24314
102301
22408
5796
35377
68128
16478
5826
36124
15029
36168
36129
5702
6742
19312
40727
6762
23258
135869
11174
36389
2555
36355
11149
36387
36390
135855
11161
36375
40757
36405
40808
23326
2639
36465
36440
3472
32987
24113
32997
41594
16265
17946
9525
25927
16068
30494
5470
23925
41404
7521
41414
16073
23950
32836
41435
32823
16089
177092
110970
5447
3376
32875
16152
13469
5132
39001
25851
33449
24609
24632
24634
39119
30265
5256
25978
130805
6915
2736
36573
40899
2674
23384
15454
2726
11300
6946
15518
23419
15506
40909
15471
30040
15658
22102
5463
25716
42985
25697
113016
15653
131398
7481
16031
13791
39288
5460
37253
3407
179673
16187
9708
30450
5436
13845
5494
13908
5552
16319
30666
39443
5602
37394
165245
11948
16327
22229
13923
5585
5597
41652
16324
111072
5527
27181
35974
13837
5492
4173
13866
30548
83053
30518
39333
5498
13991
93126
30686
5646
31546
14792
140007
14782
6311
10773
35977
41078
85207
15729
5507
24053
7683
32949
16229
24071
24063
85889
16219
169926
32916
41537
24037
20154
16192
22825
31463
14697
22975
14927
14030
35183
26459
30756
5691
14027
22323
35173
6336
10735
14821
17020
98234
35884
14710
35877
31480
6278
14735
22832
6279
14736
25758
30037
5019
83176
13948
22253
30639
13942
35084
5516
13871
9837
34988
39406
35009
29874
4821
35006
34980
30428
39239
5421
22051
13755
30438
13763
22070
39258
30407
5409
34858
21568
4831
110589
5067
21764
82619
5043
33454
24616
81582
33379
24539
14709
6255
35864
12521
21525
25448
4757
29771
4733
39690
30908
5800
5841
14199
35345
17043
109724
29279
12669
34473
30017
4995
33215
24342
68148
41826
33207
16486
35385
35269
102154
22306
5674
18362
35170
35247
14287
39805
30988
5895
26682
35418
13657
5338
87106
42474
17208
33922
180787
25047
100668
21175
12804
39003
5177
30180
38990
5168
12738
156875
4200
12664
18015
34748
5305
10411
35599
82939
5393
22017
39209
167168
5356
5357
35765
35399
6145
97987
27000
35775
35669
30360
5361
35784
12450
18880
35791
93770
14701
29109
156748
12529
31508
40240
14731
35873
38474
29582
12891
36293
22758
6190
18627
10302
35481
25257
4573
17648
25540
4842
21576
4818
69175
25553
4851
166661
13201
29842
38704
4811
2771
7027
32356
40959
4843
40126
29053
12454
121751
14621
6231
14676
26986
10552
6189
22774
14650
40735
15317
25338
29727
8962
25305
4625
38519
4581
21374
87339
96584
17422
4584
128292
38547
4620
148351
4602
92107
13020
4618
102361
30930
5830
14184
14158
9117
17597
34267
17622
69092
29729
13084
4683
10722
6334
14809
14741
29742
13098
13109
21449
181119
34203
25377
42717
34195
181097
87423
9015
25356
21420
4676
30813
14070
4944
13307
29961
4883
83190
102097
5626
5637
13972
61047
35112
13959
128262
12988
25251
34099
110080
29614
4555
34986
13839
38573
21341
12982
73081
4559
28306
16201
32924
35033
35001
9848
30595
13906
7455
32784
16041
23878
42221
16924
24770
42199
24755
60921
34982
5511
5574
39416
13893
13862
13886
13848
30760
18368
26469
35176
5688
30737
14022
30788
14043
9998
14036
30767
5705
14047
42273
24830
162975
35204
30778
14057
130731
40797
4687
13081
29744
4647
110887
5381
3246
23877
16097
23937
6520
33935
25068
25057
33926
17229
12821
41381
23884
120941
39387
18222
26307
34990
37103
3271
23901
5566
20180
11850
85913
24081
9873
5571
76471
169975
16233
3455
11856
7700
85947
24108
97421
35060
16235
24077
24075
32950
32944
24066
11714
3326
32835
23948
7564
85738
16115
28231
160433
67788
23960
24124
156889
4216
17051
24918
40298
14824
8479
24806
96159
86863
180554
33705
24844
16966
4160
12609
12539
24780
30673
93117
13969
18321
35121
30668
170027
32994
41599
32984
24112
179767
41606
7749
24118
16214
160575
41575
7711
24078
42602
17380
25208
12944
16287
33000
24127
16250
24094
24096
41625
24142
41627
16302
24143
99664
28445
20273
16335
24178
33045
33036
24170
13128
34141
4627
29671
13029
11940
33043
24168
3501
24147
6796
40756
13011
10217
14262
26671
35405
39764
14249
14254
28385
24092
7724
28397
20234
16290
24130
12702
29590
12941
4409
32016
40680
6582
8801
34012
109976
29513
12873
17406
34086
180969
25228
12946
8765
17282
4431
68885
33991
38405
12857
4427
73150
13044
135994
36493
130768
32202
40828
25219
148289
12955
68562
8531
17010
13687
34812
9619
13693
5358
13700
13716
149230
5379
13704
22063
13749
24568
30414
39224
39199
13708
30366
39179
30304
13598
167044
13547
41940
24474
161080
170484
33357
16665
24523
12270
24522
24544
23890
112761
15415
34877
23404
40876
9705
39269
5444
13772
112807
40854
15427
40837
23374
15440
34294
25507
2675
3947
24622
29706
13050
32109
6800
40761
15326
23279
32079
15318
13664
5344
13675
15324
26040
30321
13632
2593
11185
6798
15345
4672
67069
40741
6776
15321
4512
3267
11666
7483
65668
22057
30423
13742
16408
24258
28698
16533
24379
25900
34617
25869
30203
5159
13508
34636
13520
13504
41705
16369
63674
20339
41713
24225
24376
41855
41846
33242
33156
41763
24347
28572
3621
24293
24275
28745
175429
137320
81344
68171
95607
14267
18580
35423
24335
17843
25777
25502
17606
69068
25472
25531
17645
25534
25481
9190
42843
25536
25539
7102
15677
9385
43009
5014
25727
17814
25740
30079
9330
157655
4993
25737
9369
30093
43013
25750
5068
13410
11439
23561
15726
38918
17824
25752
25598
34364
42806
25467
21519
9121
17600
25464
29810
13172
25459
24271
34657
5208
34650
25925
176852
13538
86134
16399
7890
102169
30734
5661
41694
5666
41700
41536
41729
33138
41755
26016
34723
176941
30313
86253
41831
33230
86263
16518
41841
37660
81313
16458
41793
33121
16396
86142
41739
24257
7861
24282
41742
24261
7881
177046
30408
5410
11599
19901
160242
41294
15961
76180
41291
19871
76154
32677
23756
15934
16605
8087
111596
14320
5961
11219
36474
29812
21506
112812
40857
23391
36538
5289
30325
13640
26048
87065
17165
2699
25477
15477
19460
36559
17272
33965
40902
32255
6922
140676
67205
15498
36578
31599
22913
6358
22919
14853
24892
14920
31676
22955
14899
5836
14879
6388
22940
112747
6850
40804
122458
6819
15373
36463
2645
35900
149262
5413
36074
31586
6349
24914
25568
15138
36258
21570
166685
4834
34334
9213
25559
40540
6567
27452
2483
36260
17297
36267
41188
15845
7281
27516
36333
116513
35456
24419
14251
5897
11070
70861
36315
9295
25644
19279
36329
25661
42000
16687
9313
25663
20649
3829
8374
16854
23885
16886
16890
180495
8448
42222
180467
16900
30050
9351
25711
33501
16784
5001
42984
25714
5041
25749
13429
65389
38967
13459
5120
21791
25819
20847
119178
12458
8356
42136
16840
42128
8348
12466
86675
16841
25723
42146
33557
8349
16835
33395
24555
16682
35216
14148
13784
88603
26530
35229
21066
42365
24922
6376
14866
26543
35246
98186
35994
14847
28769
68216
24440
16591
5949
121445
14307
5868
35387
14187
10068
35257
35326
33185
179983
41777
16451
24301
38947
13452
171852
9432
25803
5088
37611
20483
81261
16442
24292
60944
35007
5532
35517
111603
14327
41913
16595
5945
14312
35308
10308
18632
35487
14325
35014
5536
5105
35389
41849
33246
81338
26591
10136
102368
30939
39721
78948
35327
35382
35376
14226
24457
5963
14335
18750
35639
10433
31271
40043
35658
159449
15235
19306
164140
36359
6110
40041
14493
18766
35655
35638
25739
35562
35587
8739
25080
24184
41688
16332
14385
31139
35530
31281
18782
10480
35675
10342
35527
42537
25132
102146
5667
7805
24171
16321
170055
16305
25104
6097
83833
14520
35679
5450
5812
14166
5898
26677
10235
8274
68372
24635
37915
20775
116786
35722
22704
40063
6132
14565
16096
13785
5451
26250
9781
30524
39342
13846
155368
2676
15432
6880
15442
36531
2663
14388
6022
10349
25491
4826
29853
155355
2657
162061
25483
2656
41463
16123
160451
23980
32862
28228
16099
7550
2667
6273
14730
157515
29872
13234
29891
25524
71139
19473
27701
2737
36574
15492
15497
25592
69152
40879
32251
14669
14609
24737
40147
14649
16752
37909
3978
28955
12363
121630
6084
8372
42147
24692
6163
14594
31276
40019
6096
22786
14665
41238
15904
7371
41264
5216
23694
36931
19806
76071
7289
4813
23439
40935
25126
17299
25145
34015
109967
4451
12907
12926
29571
28788
20599
29656
13056
29737
8370
16860
4080
20866
20862
10192
20651
3970
16769
28980
20782
100167
37914
20774
35815
16880
42175
38022
20865
32686
23761
15940
15921
7360
23514
41006
15654
9322
25699
41062
15774
15795
23623
41141
41070
34122
110142
38550
4624
29668
41022
15667
113064
41046
41311
7330
10309
29018
20822
14642
140514
40748
15332
25406
29784
165830
20826
2633
16107
32832
2669
37807
28858
14428
35586
10340
14393
10358
18677
35541
10324
35502
10298
25890
23673
15842
23691
41209
4668
23652
15826
32607
24670
26956
10511
18839
10538
35747
29005
12426
20814
18023
26062
34764
9601
26051
41309
23802
32740
23824
41328
23580
41116
25773
13435
30115
11452
11704
41211
42736
25396
34216
4693
13087
29733
110187
4664
181133
17539
34214
110216
13090
4695
13099
29761
29841
155372
80130
36510
23357
6867
15420
2644
26872
97864
14375
97812
10350
35534
79062
10325
81713
33581
24733
121762
6195
14645
20870
5752
10061
25418
23347
23868
7469
71691
11677
7495
30259
7292
15893
41233
23672
41192
15851
19794
36865
3019
19769
15856
32661
41248
76078
15863
141125
41229
41106
15764
7238
32561
19712
2983
15814
41159
25802
9430
21801
4391
12826
33954
35255
35225
10066
10040
14189
24328
20450
5845
24355
28673
20486
20306
33079
11983
20305
6624
40592
102294
5790
39645
10065
41639
24154
33021
26409
35115
30657
5620
33007
41620
24136
20251
16351
86061
41683
24196
41691
16356
33076
16336
7814
28475
20302
36769
2915
15734
32497
23566
41099
29389
13095
21464
19450
2715
98751
17543
25393
122448
15356
2582
102147
22299
22290
13992
5639
9944
35069
9910
13999
20264
15862
32616
41199
23682
41220
71437
136415
11497
7244
15192
23162
40624
15144
6617
14518
33491
28989
32287
23396
32250
79948
36352
31991
6696
15226
6673
2570
98594
135735
19236
155188
2493
5332
34786
149213
30365
41661
28429
37381
20261
16001
41337
11583
23790
13986
39493
5643
37374
3518
41676
33041
16350
41681
5606
16318
41642
41679
102142
13997
24195
33064
41682
34525
30107
16246
24098
20199
11883
16274
24114
11903
16316
41640
16228
24070
3495
24165
33034
41671
65909
121055
13975
11922
30633
41543
7676
26343
9883
29464
28339
7684
179733
169993
24091
41585
3365
179636
32878
41512
21135
12758
29382
33871
21145
169308
15679
23527
85765
23974
41495
16006
7460
7586
16133
32876
41500
14817
17038
4202
21020
16258
24103
37343
20225
87387
17465
29711
40719
15297
7454
16003
23846
14507
3973
33486
86572
33460
31642
6398
23796
31962
40629
23168
140375
6650
6662
23158
15187
17404
25235
110116
38526
12973
15267
6728
40693
15234
25303
34140
8950
25293
15274
135845
36368
166475
100924
29664
6703
40964
23470
15618
32368
36628
2789
16667
24524
24516
16658
24551
33390
155514
2823
36082
10815
21052
12681
38226
4231
17281
109947
4430
40621
15110
6587
149167
30327
13642
11589
41316
19898
3170
7434
41320
7414
23793
136542
19858
111597
5962
35522
24559
33406
2864
33887
17188
21157
33899
21164
21171
29411
159207
6455
14958
40436
27238
10833
26006
167121
39136
30319
23750
15887
41231
23712
15890
27991
7301
15872
41735
24252
15878
5240
39068
21848
5198
160109
15848
39411
29492
16217
24060
22267
39474
40880
23407
15517
40895
32243
40862
130766
6875
25456
9135
42797
29817
21512
40827
15430
33332
2776
36611
178914
32292
23415
15507
23631
15801
161267
86649
42116
24678
12457
29036
6133
10513
26977
10541
35749
6123
22907
14812
6338
30601
5567
39408
112149
14845
161521
42347
33765
35000
39403
39310
30245
41198
15830
11220
67119
6835
22043
149254
65635
5400
22104
39294
25880
34616
176830
39025
13497
3006
7386
33704
24843
161442
24832
16985
19915
41333
34783
149222
39186
30417
20031
7526
13898
10850
36056
66841
18237
9864
26119
9650
5394
34823
5367
41379
32789
5420
39276
30540
5512
39428
40589
40566
15113
37308
20191
15094
25135
15111
161667
25045
17214
23080
40521
15053
31814
14761
6296
4165
29195
12606
14763
6297
29560
42571
29554
25149
23141
15161
31960
15197
40626
34802
26087
34819
39216
34747
26045
9596
17008
21002
17000
24861
14795
14784
40253
6304
5286
21941
149143
21933
13620
34735
25991
9564
39175
159276
40500
15038
21866
30234
15860
27319
36131
14988
15071
19907
41325
76140
15920
23744
33918
166246
21181
4308
33884
12773
40462
6486
23033
6494
14997
66114
14209
14154
28623
16470
33193
14316
24490
33326
91938
12853
15102
119067
12370
14494
6091
15954
13485
30169
21815
19729
15788
24652
33470
16772
35721
6098
10454
116720
10461
14528
66852
23064
15042
10946
15048
12822
6541
15057
130423
6509
15019
23048
15009
135581
36156
23054
31784
15026
6491
15007
14740
16935
10638
16027
7478
41361
31510
40248
14742
14733
6276
23039
36136
27301
36109
14967
3259
41406
13752
22058
37050
11621
41365
23865
37004
18761
116715
35651
14488
135903
11191
2590
17876
30161
15767
23599
19626
71308
36744
2897
19719
32553
23609
36127
6476
31733
23013
23651
41170
15793
30210
41177
23641
39632
22392
5777
25852
21821
34595
25858
14957
25028
15039
66850
23020
14963
32682
41267
17974
167069
5255
39118
13563
71564
11567
3132
13674
39168
13934
26375
35075
39467
180669
24948
14893
17080
27273
36075
161557
17090
28414
67962
41619
24135
76493
7729
11937
3523
41645
7794
10099
102326
39678
35289
39642
26522
10062
5753
35226
10067
160793
24267
102250
39602
102204
30771
5708
41711
24222
81174
170117
24189
7828
33993
31853
15095
16197
7670
32936
24059
39429
9847
3405
180665
17096
42379
17087
28176
67733
41401
16059
7507
83020
30479
13775
29274
4228
42355
17065
29290
21064
17058
100541
21083
17077
85693
16078
26243
34932
41434
16088
14767
40228
6289
33732
29218
20990
13536
5206
25953
19809
11536
5212
34680
25960
21838
23646
36875
19759
41189
27943
36887
11513
15831
32579
23610
7224
26141
9675
32818
22922
98185
35993
14846
6352
4240
21060
29283
132739
33774
142631
68604
24907
180611
24897
17050
7278
32601
15840
13788
34908
13756
9687
41457
11636
16048
23896
113512
41433
134293
9854
13960
39473
7571
7566
13830
7597
32895
85824
41518
17099
7393
177001
5362
26101
147820
165985
29190
6281
14739
31595
22911
14840
14850
22916
6265
16940
180521
16955
23695
176892
30268
23654
41164
15818
33617
31450
116915
35858
16824
33524
16806
6137
10494
31349
14610
35761
14691
98067
35863
34676
25943
23697
36125
14952
6464
10915
36119
66853
6529
36191
15052
79790
36214
15023
19066
36060
41899
95664
68158
16517
7996
33237
177531
5827
35292
26585
10128
14176
6442
36097
15877
29140
161372
24767
66556
14694
180652
17084
36117
14776
71421
36846
19731
36202
96742
25457
34265
25445
14956
19413
112853
67210
155365
11253
15484
23398
25471
80110
2664
14704
31441
6246
24774
86776
42214
132562
16918
160994
16589
17072
33780
29288
29852
9612
20490
112900
23436
40914
36062
33760
21034
29959
41490
29956
4939
169228
7040
4891
4900
13276
7030
40963
112939
40947
75792
15583
23460
169186
40937
15574
169209
7021
40954
23947
41453
7529
41445
23939
28212
11725
20045
16087
34946
3345
12627
29237
38176
21007
14751
10662
20993
91735
21058
13133
36519
166638
29819
38685
9095
17579
34249
25438
180685
147969
21097
4252
24947
17091
40427
24966
17113
24961
21105
29887
24967
36092
14939
40419
19062
36054
29300
21075
16067
2763
7000
40934
23454
29935
32240
110298
4768
5276
39135
38020
20861
42154
24718
4045
16843
6176
35742
10533
20884
12515
16887
98002
10588
29192
4162
20977
14677
10590
159021
14724
20927
24202
11961
20291
14049
20308
83283
5700
30761
14023
9986
33196
24316
41787
24311
20431
33427
16732
97901
35662
18805
97929
8224
24593
31215
26847
10396
24600
10405
180409
24698
28638
20446
181148
42741
25404
9079
17566
34239
148526
110281
29789
122513
40812
15408
23348
15399
40858
42775
6813
23303
2588
11292
19442
2708
15526
40900
23635
32578
18630
35483
16576
20567
12205
33299
16564
25382
32172
40806
23324
140577
40798
32162
134036
34794
110886
39196
27097
35880
10616
40657
15127
40598
24061
23997
20096
67723
16050
41386
16044
41378
32787
91874
21177
130354
6448
10829
37174
20052
40508
15047
3534
20272
35128
26422
9940
24106
20205
37416
11967
20287
3505
24152
33028
24161
170086
41659
33035
28334
16221
28347
10376
14426
14419
10369
7283
131185
23669
14666
35803
6202
41015
112983
40977
7053
102596
14427
88922
10377
156578
12306
40013
97877
26888
70245
35627
39979
10385
20903
4742
13150
180514
16948
42241
86799
4125
20918
29811
10612
22803
6241
24782
33642
20915
84070
31489
10634
15671
41025
155525
2833
161150
16727
24595
102624
14453
10399
110272
4743
29807
86225
41803
24329
16469
2600
17553
25403
39733
134677
70001
35344
71190
2783
25625
135173
10586
32325
23451
15566
2767
31670
14892
21661
29981
9248
17698
2779
7089
23517
30042
7085
41049
155506
164439
11368
2815
140860
23512
16346
33059
85130
23520
23459
24186
20290
102160
5679
41702
11974
16339
7819
33080
22666
6095
10450
157647
4983
30001
24653
31292
10462
21689
4985
30072
155569
19609
36727
11403
7088
41037
23530
7840
33073
8004
35079
35046
9890
156793
20937
20911
135240
35847
10614
6073
10427
97881
68319
33405
25585
36612
2740
13505
5175
3997
16795
135055
10485
24911
14825
31644
6381
14871
9605
31584
6348
14828
80604
19828
10606
35837
98072
98076
35830
14371
26767
10320
13300
4937
7680
16376
24221
26541
35244
3578
41726
33120
41245
23733
24192
3574
4871
25593
21623
2751
35503
83647
14345
88848
35479
10300
165789
109384
42008
24552
24564
8206
42025
33410
15580
7836
67218
23417
19448
2713
16241
24083
16240
41607
32993
21687
9340
34452
30025
7097
32427
40996
23498
84988
15557
15575
32335
2757
14324
2711
35413
19501
2748
87744
133602
133464
25545
15523
2728
6960
23430
156706
29052
102741
6146
13890
30574
5543
23088
31839
6543
23076
15059
13930
32977
28329
41560
32939
70518
35955
41360
15999
19939
112121
14819
16975
6306
14778
11291
2716
32621
33810
41083
15736
32515
41107
32475
7149
41092
113115
32505
28962
20776
81607
158765
6045
23358
29752
11173
41825
24345
24340
16493
33248
25413
38633
4726
40771
2576
83485
14220
23607
71429
11490
7262
32589
25780
137464
20699
86501
16716
33409
3839
6040
14410
86661
8345
42124
16833
6158
38973
5982
133519
17700
5950
14309
5943
2775
39917
121492
83655
5990
102574
6032
25776
38957
6372
22925
14861
26712
10267
66213
5942
31045
35440
14282
4833
180792
25034
17202
8702
25043
23057
66918
31899
40585
69697
5479
9768
127150
11814
85870
32925
24047
32934
9005
25346
17498
9016
17508
25357
40772
15331
40764
23301
15841
36939
11541
32652
32332
2754
23448
11314
36565
2730
6139
40270
14764
25555
17663
166720
4864
4892
34376
29945
17676
25569
15558
23444
5036
38912
135608
36181
21182
5477
69628
9764
25053
23065
29902
41874
24398
35461
14278
8018
35459
31016
14276
5901
14257
14248
5883
15043
36179
23038
102304
14149
35296
3598
24251
16400
102274
14119
36118
36152
14295
5934
166710
29880
15635
40979
121410
22515
31023
5919
17728
25629
38817
36570
11309
15520
19449
2714
11286
23399
15485
10311
24495
37758
20621
24382
35420
160952
16550
33264
9865
7003
36063
98252
36061
34842
97231
26133
24990
36111
36164
31133
35493
10314
25666
7028
2801
32400
23499
31176
35573
6041
14412
15510
11333
36608
32313
15493
2707
10231
88805
35437
14280
35961
159085
6327
24574
14436
24263
14113
24322
16453
24822
69063
34272
25466
16483
26608
22434
14183
35640
140273
15068
29523
42528
25121
28940
24605
33419
24583
35606
121584
14446
14215
6000
15073
17284
25110
12854
68792
25127
12906
4398
15075
25138
34006
17302
25129
31885
94169
40575
15092
9279
25631
36046
14759
36033
147904
109710
156898
4222
6303
14773
4217
17052
24928
33792
4221
17055
33782
3212
7436
98204
14798
14844
148345
4597
8975
34154
25307
14769
14872
2696
14297
37666
3732
20543
41875
16551
31055
26720
35452
111562
39810
129692
14268
6415
14911
36078
22981
14936
24984
170456
24502
39891
14337
22546
5967
5978
14347
26774
35505
10296
97821
35548
88889
26788
35521
5997
14358
23486
40978
32370
15548
40915
86409
24503
35453
121425
14294
129756
5958
14318
13294
29965
86399
24493
25605
6630
169132
15528
169898
41519
180715
24987
79705
36137
6012
14378
33944
8736
29462
31786
15028
36167
15011
6511
23049
31765
15006
21186
31780
6513
15035
36172
30463
9692
33888
25017
12787
21159
12769
29375
11729
20048
7512
35568
170477
104841
16660
86444
24525
14400
39924
162914
35154
25161
112367
6527
15062
161702
17254
29484
21214
17265
36216
6564
15084
24101
32981
39469
30660
19784
36906
11519
3045
15847
15853
32642
8997
25336
36435
40729
6765
164159
11169
19341
36410
15290
17451
29699
8966
25308
164109
2531
14329
34380
25616
21659
4931
17737
25636
25620
34382
4905
40449
27311
36121
99570
11871
24104
18257
35044
83119
30593
5557
34035
25156
79961
36360
36346
40687
23217
112583
40681
6683
23192
2497
24212
32064
40724
36374
11160
23274
34162
25316
20344
16374
40698
2510
29732
181063
34156
29674
4631
17501
34179
8998
25337
130540
31929
40603
6566
34193
21426
13076
35238
30805
5740
111353
30830
14101
25362
29747
80044
135920
2615
36431
34149
25331
72999
21259
34014
91963
4461
12875
29392
25011
26344
35040
17617
25492
21517
110301
4770
7654
24043
20150
17361
4510
36339
17387
25227
6672
14575
6138
14577
9807
16276
41604
18288
26383
35094
14738
112743
40801
16521
24367
35360
10467
3989
24657
97973
6104
17320
42552
34016
94096
6532
25064
17235
5540
5656
26481
35184
24167
7020
32348
60836
26214
69616
5418
22097
26211
34903
83031
39304
177078
22067
26148
9681
21296
23148
15170
25189
41807
86194
7941
78990
35374
4800
140646
67180
40855
6901
25426
13143
5879
5489
23908
32819
34921
41469
35431
83556
14274
24537
17169
7743
6115
35725
14571
41830
16480
14200
14791
23360
32194
33158
68095
16436
29622
40692
34073
128228
38485
12948
36271
2487
6686
15213
26949
10498
35734
6142
34568
14555
35738
41123
85270
32542
15778
27455
155177
11046
40622
6663
31953
15189
23160
36256
2479
117354
36278
11061
6657
31979
66982
36307
17890
25871
29615
27463
36274
11058
140417
15222
17351
34057
6634
15157
36551
11295
15500
16030
15363
22505
39781
5876
15462
36569
140685
32274
23477
15619
17738
25637
6643
7771
36332
15229
41187
33678
6288
7384
32712
23789
102746
6153
35746
6102
3992
35753
25804
40987
2796
35572
14381
14734
6277
35888
10622
32655
15906
25183
6639
25812
35861
12532
161366
24761
4972
38904
43030
25771
117665
2723
2836
19573
25639
42933
13139
4732
7955
5903
39775
35388
68697
24968
36110
14971
36139
23505
41003
23472
23429
15532
23482
23044
37824
100082
28877
20716
12323
23503
24549
35625
6985
40924
2732
18673
35537
12757
29399
159209
112279
22998
14959
36102
169264
32398
34407
25640
23501
25675
35666
40021
18728
10415
13458
11470
15773
32375
18657
35519
22558
5987
83717
31163
35558
24116
37340
20222
176729
5078
9421
25791
8774
25116
11144
15282
35962
29225
25412
30984
14247
41876
68181
33256
20311
19293
2538
11135
25250
21357
25238
12975
23228
32036
23219
40668
15239
10561
5164
26797
10347
20717
100122
20732
28925
40731
15789
14326
35516
5884
68606
33771
24902
24343
33202
7965
16491
12121
24349
37607
20479
35427
27106
35892
10625
40822
25400
34221
29917
26734
35465
14884
34046
12889
15134
6607
87438
34199
25370
39652
22388
14118
41251
15914
7353
39106
9994
25181
14522
8310
24665
36287
23152
15167
29556
12910
16736
24602
68763
25090
38831
17774
34443
25679
14438
8210
24577
30437
33478
24643
68373
16773
25838
30183
38994
13472
17246
33939
38382
29456
23070
37259
3413
68314
24561
14556
76189
179406
23786
14754
29746
15727
7159
9568
25995
181028
17438
8942
25283
34123
25271
10575
6209
180446
8401
16876
35846
93754
6236
19845
11560
41242
7343
35898
11892
20231
16370
12396
18830
35732
7757
22313
39535
5648
32721
23800
9101
34254
42493
41095
25521
13221
92481
5003
164469
2846
14750
25379
9038
34205
25368
180690
17117
24963
20419
20403
34204
29753
14255
24391
36011
12499
34176
4656
23340
40805
17110
38289
21110
15000
36143
154527
60857
9770
24510
15834
16839
22768
40144
6177
14613
121734
22741
139868
6168
26994
35770
14450
160225
15947
4018
24682
76127
41243
180525
8483
114582
29090
39992
14447
14758
38146
20970
15930
5015
21730
87801
17801
17819
34502
30076
16691
6979
36192
155540
11381
35716
83972
40151
135185
35800
42120
16827
33564
114550
29062
31357
6181
35779
14467
23209
13479
28286
41510
16163
25035
23018
66805
23011
31726
14973
12731
33854
24982
35499
68260
24498
6625
15150
109973
166329
29510
17280
25107
25614
15683
32443
35682
97945
35723
40122
121710
6144
32430
15673
11404
9946
7100
13528
30219
3046
15783
3967
8270
16766
9200
25548
18796
116757
35690
17032
24884
11824
20164
25091
6547
15065
27051
35833
40181
14660
24769
16921
23282
16368
24215
35260
67875
7673
26393
35096
38927
34071
25207
19916
112153
31605
93903
40319
14815
32758
19936
22974
36057
9694
15126
36712
2868
24649
102318
14164
10050
27513
2527
86092
24213
33100
99718
20326
36406
76232
16000
41336
29201
15078
41222
41203
23686
26499
35197
5671
24193
34079
17393
25222
3647
20452
21516
29822
14175
76223
23820
19921
7422
167160
149196
5349
131283
41269
15938
11917
24144
16303
24160
6193
31373
14633
25885
34619
34610
25873
43112
17916
30213
30482
5465
34906
18151
9747
155374
36518
9094
25437
18559
78966
35349
14178
14752
3130
41252
15916
7355
19881
40792
7952
16464
121598
6065
14627
20836
23196
40616
6658
23155
178538
15171
19640
36760
2907
18612
35464
25904
13915
5569
69761
9905
26398
35101
41902
16583
24432
170009
16262
36328
17329
29567
25720
41041
15655
7077
148453
13092
25388
4682
29719
23254
36345
2542
9680
26816
10366
14416
37239
11791
24027
32905
28289
7624
39441
115963
9748
6702
15253
23213
10031
41747
16418
24270
110158
29680
24185
11572
15937
5293
13617
39704
14167
30422
22045
9658
35436
29943
15361
67101
2521
35478
14314
68252
86394
16634
33325
162130
34336
42861
25556
166985
30179
38989
21312
117364
11069
23178
41782
24305
30730
9955
41687
41654
7800
69596
16644
165864
29057
23809
3183
15953
19894
37119
19999
94304
15286
17486
25332
24255
41624
83146
5586
70919
36371
11143
40734
25482
34283
69109
13119
181158
25415
39084
176851
5218
166681
4830
10474
40085
14533
83846
6114
35740
12740
24977
11186
36436
110771
13578
141135
15896
41098
15754
23579
112673
40751
36400
68176
16536
41860
16511
14061