1392
1784
1787
2479
2483
2487
2493
2497
2510
2514
2521
2527
2531
2542
2570
2572
2573
2574
2576
2578
2582
2588
2590
2593
2599
2600
2603
2620
2624
2633
2639
2644
2645
2656
2657
2663
2664
2667
2668
2669
2674
2675
2676
2681
2696
2699
2707
2708
2711
2713
2714
2715
2716
2723
2726
2728
2729
2730
2732
2736
2737
2740
2745
2746
2748
2751
2754
2757
2763
2767
2771
2775
2776
2779
2783
2789
2796
2801
2815
2823
2833
2836
2846
2864
2868
2897
2907
2915
2926
2983
3006
3015
3018
3019
3025
3036
3043
3045
3046
3056
3061
3089
3107
3111
3130
3132
3146
3159
3162
3170
3173
3183
3193
3202
3212
3221
3231
3242
3246
3248
3252
3259
3261
3267
3268
3271
3272
3274
3279
3298
3299
3318
3326
3327
3332
3345
3364
3365
3370
3376
3377
3379
3380
3386
3393
3394
3399
3401
3405
3407
3412
3413
3455
3472
3495
3501
3505
3518
3522
3523
3534
3536
3547
3558
3574
3578
3582
3591
3598
3616
3621
3623
3636
3638
3641
3645
3647
3657
3667
3669
3673
3677
3718
3724
3725
3732
3735
3736
3743
3769
3775
3780
3782
3790
3799
3801
3812
3814
3818
3824
3828
3829
3837
3839
3850
3853
3859
3863
3864
3865
3868
3870
3877
3885
3889
3891
3897
3902
3904
3912
3916
3918
3921
3922
3928
3934
3942
3946
3947
3959
3965
3966
3967
3969
3970
3973
3977
3978
3981
3985
3986
3988
3989
3992
3993
3997
4007
4015
4018
4021
4030
4031
4040
4045
4049
4051
4057
4070
4075
4080
4098
4099
4106
4117
4120
4123
4133
4143
4173
4200
4205
4215
4217
4218
4221
4222
4398
4405
4409
4421
4427
4430
4431
4445
4451
4496
4510
4512
4524
4531
4532
4555
4559
4562
4564
4570
4571
4573
4578
4581
4582
4583
4584
4596
4597
4598
4602
4618
4620
4623
4624
4625
4628
4630
4631
4636
4641
4647
4653
4656
4664
4668
4672
4676
4678
4679
4683
4687
4689
4694
4695
4710
4718
4726
4727
4732
4733
4742
4743
4748
4757
4762
4768
4770
4772
4793
4796
4800
4809
4811
4813
4815
4818
4819
4821
4823
4826
4830
4831
4833
4834
4842
4843
4851
4864
4866
4871
4881
4883
4891
4892
4895
4898
4900
4903
4905
4925
4926
4931
4936
4937
4939
4944
4946
4947
4949
4951
4961
4970
4972
4974
4979
4982
4983
4985
4986
4990
4993
4995
4996
4998
5001
5003
5009
5010
5014
5015
5019
5024
5030
5031
5036
5040
5041
5043
5054
5058
5062
5063
5067
5068
5069
5071
5074
5076
5078
5086
5088
5105
5106
5113
5120
5128
5129
5132
5134
5135
5150
5159
5164
5168
5175
5177
5179
5180
5189
5191
5193
5198
5204
5206
5209
5212
5213
5216
5218
5221
5222
5223
5227
5232
5233
5236
5240
5245
5252
5253
5254
5255
5256
5261
5268
5269
5271
5275
5276
5277
5283
5286
5287
5289
5293
5295
5297
5299
5301
5305
5308
5309
5310
5311
5312
5314
5318
5319
5321
5325
5328
5331
5332
5333
5336
5338
5348
5349
5352
5353
5356
5357
5358
5361
5362
5363
5367
5368
5379
5381
5386
5390
5392
5393
5394
5396
5400
5405
5409
5410
5413
5417
5418
5420
5421
5436
5444
5447
5450
5451
5456
5460
5463
5465
5468
5470
5477
5478
5479
5480
5483
5484
5489
5491
5492
5494
5498
5500
5507
5509
5511
5512
5516
5527
5528
5532
5536
5537
5540
5543
5545
5552
5557
5566
5567
5568
5569
5571
5572
5574
5577
5585
5586
5597
5602
5606
5620
5623
5626
5629
5631
5636
5637
5639
5641
5642
5643
5646
5648
5656
5661
5666
5667
5669
5671
5674
5677
5679
5684
5689
5690
5694
5696
5697
5700
5701
5702
5704
5705
5708
5709
5710
5715
5720
5721
5726
5734
5736
5740
5741
5744
5751
5752
5753
5754
5760
5762
5763
5766
5769
5777
5781
5790
5791
5793
5796
5800
5812
5826
5827
5829
5830
5836
5841
5845
5850
5853
5868
5874
5876
5879
5883
5884
5893
5895
5896
5897
5898
5903
5910
5919
5926
5929
5934
5942
5943
5945
5950
5952
5956
5958
5961
5962
5963
5967
5969
5970
5971
5978
5982
5983
5987
5990
5993
5997
5999
6000
6009
6012
6017
6018
6022
6032
6038
6040
6045
6048
6055
6059
6065
6066
6072
6073
6084
6091
6095
6096
6097
6098
6099
6102
6104
6110
6114
6115
6119
6120
6123
6126
6129
6132
6133
6135
6136
6137
6138
6139
6142
6144
6145
6146
6153
6154
6157
6158
6160
6163
6168
6176
6177
6181
6186
6187
6189
6190
6195
6201
6202
6204
6209
6212
6216
6220
6221
6224
6226
6231
6236
6238
6241
6244
6246
6255
6256
6261
6263
6265
6267
6272
6276
6277
6278
6279
6282
6284
6288
6289
6296
6297
6298
6300
6301
6304
6306
6311
6316
6317
6322
6327
6328
6329
6334
6336
6338
6343
6345
6349
6352
6357
6358
6364
6365
6366
6376
6378
6381
6385
6386
6393
6398
6419
6423
6425
6428
6435
6441
6442
6443
6447
6448
6456
6464
6465
6483
6486
6489
6491
6494
6498
6499
6505
6508
6509
6513
6515
6520
6524
6527
6528
6529
6531
6532
6535
6540
6542
6544
6545
6557
6558
6561
6562
6565
6566
6567
6578
6582
6587
6595
6597
6602
6605
6607
6612
6616
6617
6620
6624
6630
6634
6639
6643
6647
6648
6650
6657
6666
6672
6673
6677
6679
6680
6683
6691
6694
6696
6699
6701
6702
6703
6712
6715
6723
6728
6731
6741
6742
6744
6745
6748
6752
6753
6761
6762
6763
6764
6765
6769
6772
6776
6777
6783
6798
6806
6812
6813
6819
6821
6822
6825
6835
6842
6850
6867
6869
6875
6880
6892
6895
6901
6902
6913
6915
6921
6934
6948
6970
6972
6978
6979
6982
6999
7003
7010
7022
7028
7040
7050
7053
7062
7064
7077
7079
7083
7085
7087
7088
7089
7097
7100
7101
7102
7116
7118
7119
7123
7127
7133
7134
7136
7141
7149
7156
7157
7159
7160
7171
7174
7176
7191
7199
7202
7210
7222
7224
7228
7234
7244
7274
7275
7281
7289
7292
7296
7304
7330
7339
7343
7350
7353
7355
7357
7360
7371
7384
7386
7390
7391
7393
7401
7422
7423
7431
7434
7435
7436
7454
7455
7460
7462
7463
7464
7469
7478
7482
7483
7492
7495
7499
7507
7512
7521
7526
7527
7529
7530
7550
7552
7559
7560
7566
7571
7581
7597
7616
7622
7624
7636
7645
7646
7649
7650
7654
7668
7669
7670
7673
7676
7677
7679
7680
7682
7683
7684
7700
7711
7724
7729
7734
7735
7743
7757
7759
7771
7794
7800
7805
7806
7807
7814
7818
7819
7828
7829
7836
7839
7840
7842
7861
7880
7881
7886
7890
7894
7897
7917
7941
7952
7955
7965
7975
7979
7980
7981
7985
7996
8004
8018
8023
8030
8035
8059
8069
8074
8084
8087
8091
8092
8119
8147
8176
8179
8197
8204
8216
8225
8249
8251
8257
8270
8289
8299
8349
8361
8385
8391
8394
8397
8430
8526
8550
8561
8588
8602
9126
9136
9159
9193
9276
9322
9330
9364
9369
9395
9430
9456
9465
9478
9487
9509
9525
9531
9564
9568
9582
9596
9601
9605
9612
9619
9650
9658
9662
9674
9675
9680
9681
9687
9692
9694
9703
9705
9708
9716
9718
9737
9743
9747
9748
9764
9768
9770
9781
9791
9794
9799
9807
9837
9847
9848
9854
9864
9865
9873
9882
9883
9887
9890
9905
9910
9923
9932
9940
9941
9944
9946
9949
9951
9955
9964
9967
9969
9980
9986
9989
9994
9998
10012
10015
10022
10027
10031
10040
10041
10050
10052
10061
10062
10064
10065
10066
10067
10068
10072
10075
10088
10099
10127
10128
10130
10131
10136
10143
10157
10163
10167
10177
10192
10193
10209
10212
10217
10227
10231
10233
10234
10235
10239
10243
10246
10256
10267
10290
10296
10298
10300
10302
10307
10309
10311
10314
10315
10320
10323
10324
10325
10340
10342
10347
10349
10350
10355
10366
10369
10370
10376
10377
10385
10396
10399
10405
10406
10411
10415
10416
10426
10427
10433
10439
10450
10454
10461
10462
10467
10474
10480
10485
10494
10498
10509
10511
10513
10533
10538
10541
10549
10550
10552
10561
10575
10586
10588
10590
10606
10612
10614
10616
10619
10622
10625
10634
10636
10638
10662
10673
10680
10690
10722
10733
10735
10746
10756
10773
10776
10815
10829
10833
10850
10885
10915
10946
10954
10968
10988
10993
11004
11018
11031
11034
11046
11057
11058
11061
11069
11070
11072
11126
11135
11142
11143
11144
11149
11155
11157
11158
11160
11161
11167
11169
11170
11173
11174
11176
11177
11180
11185
11186
11189
11191
11192
11197
11198
11212
11216
11219
11220
11222
11233
11234
11241
11246
11252
11253
11271
11274
11286
11288
11291
11292
11295
11300
11303
11305
11309
11314
11319
11333
11337
11342
11345
11350
11351
11361
11362
11368
11371
11377
11381
11382
11387
11400
11403
11404
11406
11409
11411
11427
11430
11438
11439
11443
11445
11448
11452
11461
11466
11470
11486
11490
11496
11497
11501
11502
11505
11509
11510
11513
11515
11519
11522
11525
11536
11541
11549
11555
11560
11567
11572
11589
11592
11595
11599
11606
11609
11618
11624
11633
11639
11647
11653
11654
11662
11666
11667
11704
11714
11725
11726
11739
11743
11765
11774
11780
11784
11789
11791
11829
11871
11903
11917
11921
11940
11954
11960
11961
11965
11974
12076
12087
12108
12171
12233
12259
12260
12274
12288
12291
12306
12311
12323
12356
12363
12370
12392
12396
12421
12426
12450
12454
12457
12458
12466
12483
12490
12499
12521
12529
12532
12539
12557
12600
12606
12627
12657
12658
12664
12665
12669
12693
12694
12702
12703
12705
12707
12717
12731
12738
12740
12754
12757
12758
12765
12773
12789
12791
12804
12817
12821
12822
12826
12838
12853
12854
12857
12861
12862
12864
12867
12870
12872
12873
12875
12876
12879
12889
12891
12906
12907
12910
12918
12920
12923
12925
12926
12936
12941
12944
12946
12948
12955
12961
12970
12973
12975
12982
12988
12991
12992
12993
13000
13007
13011
13014
13017
13020
13022
13025
13029
13039
13043
13044
13045
13050
13056
13062
13076
13081
13082
13084
13085
13087
13090
13092
13095
13098
13099
13102
13104
13109
13113
13118
13119
13120
13126
13128
13129
13133
13135
13136
13138
13139
13143
13147
13149
13150
13151
13154
13158
13162
13163
13165
13168
13172
13182
13189
13190
13191
13201
13212
13221
13222
13234
13235
13249
13253
13267
13273
13275
13276
13277
13285
13288
13293
13294
13300
13301
13306
13307
13312
13316
13320
13321
13331
13340
13341
13353
13354
13358
13361
13362
13365
13368
13369
13372
13373
13380
13389
13392
13410
13413
13414
13416
13417
13420
13429
13435
13440
13448
13449
13452
13457
13458
13459
13460
13462
13463
13464
13466
13469
13472
13476
13479
13481
13482
13483
13485
13488
13496
13497
13498
13502
13504
13505
13508
13509
13517
13520
13523
13525
13528
13529
13530
13536
13538
13541
13547
13548
13549
13554
13556
13560
13563
13565
13567
13570
13571
13578
13598
13607
13610
13620
13623
13632
13640
13642
13649
13653
13657
13658
13664
13665
13674
13675
13687
13693
13699
13700
13704
13708
13709
13716
13721
13722
13724
13729
13735
13742
13749
13752
13755
13763
13765
13772
13775
13785
13815
13820
13824
13829
13830
13837
13839
13842
13844
13845
13846
13848
13850
13853
13862
13866
13871
13875
13886
13889
13893
13898
13906
13908
13915
13923
13930
13931
13934
13942
13943
13948
13959
13969
13972
13975
13986
13991
13992
13997
13999
14002
14003
14007
14022
14023
14027
14030
14036
14043
14047
14049
14056
14057
14061
14065
14069
14070
14074
14083
14086
14101
14104
14106
14113
14118
14119
14127
14130
14148
14149
14154
14158
14164
14166
14167
14175
14176
14178
14183
14184
14187
14189
14198
14199
14200
14209
14215
14220
14226
14234
14242
14247
14248
14249
14251
14254
14255
14257
14262
14267
14268
14274
14276
14278
14280
14282
14287
14294
14297
14307
14309
14311
14312
14314
14316
14318
14324
14325
14326
14327
14329
14330
14331
14335
14336
14337
14339
14345
14347
14358
14371
14375
14378
14381
14388
14393
14410
14412
14416
14419
14424
14425
14426
14427
14428
14436
14438
14441
14446
14447
14450
14453
14467
14469
14471
14478
14479
14488
14493
14499
14507
14510
14511
14518
14520
14522
14528
14529
14536
14540
14548
14555
14556
14559
14563
14565
14570
14571
14575
14576
14577
14585
14587
14590
14594
14596
14597
14602
14609
14610
14613
14621
14624
14627
14633
14637
14642
14645
14646
14649
14650
14660
14665
14666
14669
14671
14672
14676
14677
14679
14687
14691
14694
14697
14701
14704
14709
14710
14713
14720
14724
14730
14731
14734
14735
14736
14738
14739
14740
14741
14742
14750
14751
14752
14754
14758
14759
14761
14764
14765
14767
14769
14771
14773
14775
14776
14778
14780
14782
14784
14790
14791
14792
14795
14798
14799
14809
14815
14817
14819
14821
14824
14825
14826
14828
14833
14837
14839
14840
14844
14845
14846
14847
14849
14850
14853
14854
14861
14866
14870
14871
14872
14876
14878
14880
14881
14883
14884
14892
14893
14899
14901
14903
14904
14905
14907
14908
14911
14914
14915
14920
14926
14927
14931
14932
14936
14939
14941
14942
14944
14950
14952
14953
14956
14957
14958
14959
14960
14962
14963
14965
14966
14967
14970
14971
14973
14976
14978
14988
14997
15000
15005
15006
15007
15009
15011
15015
15019
15023
15026
15028
15029
15030
15032
15033
15035
15038
15039
15041
15042
15043
15047
15048
15052
15053
15054
15056
15057
15058
15059
15060
15061
15062
15065
15068
15071
15072
15073
15075
15078
15081
15084
15088
15091
15092
15094
15095
15097
15099
15102
15105
15108
15110
15111
15113
15121
15122
15123
15124
15126
15127
15132
15134
15135
15138
15140
15144
15147
15150
15157
15161
15167
15170
15171
15176
15180
15183
15186
15187
15189
15192
15193
15197
15203
15207
15209
15211
15213
15217
15218
15221
15222
15224
15225
15226
15229
15234
15235
15238
15239
15244
15253
15254
15255
15267
15271
15274
15278
15279
15282
15283
15286
15290
15292
15297
15300
15304
15317
15318
15321
15323
15324
15326
15327
15328
15331
15332
15335
15338
15345
15348
15350
15353
15354
15356
15361
15363
15364
15371
15373
15389
15399
15403
15405
15406
15408
15411
15414
15415
15418
15420
15422
15424
15427
15428
15430
15432
15437
15440
15441
15442
15443
15444
15446
15447
15449
15450
15452
15454
15455
15462
15463
15471
15472
15477
15478
15479
15484
15485
15486
15489
15492
15493
15497
15498
15500
15505
15506
15507
15508
15510
15515
15516
15517
15518
15519
15520
15521
15523
15526
15528
15530
15532
15535
15537
15541
15542
15548
15555
15557
15558
15563
15565
15566
15568
15570
15574
15575
15580
15581
15582
15583
15585
15588
15590
15595
15598
15599
15617
15618
15619
15629
15636
15642
15647
15649
15650
15653
15654
15655
15658
15663
15665
15667
15669
15671
15673
15676
15677
15678
15679
15681
15682
15686
15688
15702
15726
15728
15729
15730
15736
15740
15742
15743
15745
15750
15757
15762
15764
15767
15768
15773
15774
15778
15783
15788
15789
15790
15793
15801
15808
15814
15818
15821
15822
15825
15826
15830
15831
15834
15836
15840
15841
15842
15845
15846
15847
15848
15851
15853
15856
15858
15859
15860
15863
15864
15870
15872
15874
15877
15878
15887
15889
15890
15892
15893
15895
15896
15901
15903
15904
15905
15906
15907
15912
15914
15917
15918
15919
15920
15921
15928
15930
15934
15936
15937
15938
15940
15941
15943
15947
15948
15951
15953
15954
15958
15961
15963
15968
15972
15974
15977
15978
15980
15985
15986
15998
15999
16002
16003
16004
16010
16012
16016
16017
16018
16030
16031
16036
16037
16038
16040
16041
16045
16048
16050
16059
16061
16062
16066
16067
16068
16072
16073
16074
16078
16080
16084
16086
16087
16089
16090
16096
16098
16099
16100
16104
16107
16108
16115
16116
16136
16141
16146
16152
16157
16158
16163
16167
16171
16178
16179
16187
16188
16192
16194
16196
16197
16200
16201
16207
16209
16214
16219
16221
16225
16228
16229
16231
16232
16233
16240
16241
16246
16250
16252
16259
16262
16265
16274
16280
16285
16288
16290
16302
16303
16304
16305
16311
16316
16319
16321
16322
16324
16327
16328
16332
16335
16338
16339
16346
16356
16357
16359
16361
16363
16367
16369
16370
16371
16372
16374
16376
16378
16379
16383
16384
16386
16387
16396
16398
16399
16400
16402
16404
16408
16416
16418
16423
16427
16428
16435
16436
16437
16441
16442
16448
16450
16451
16452
16453
16454
16457
16458
16463
16464
16469
16476
16478
16480
16483
16485
16486
16491
16493
16494
16496
16497
16504
16505
16511
16514
16517
16518
16520
16521
16524
16532
16533
16539
16544
16549
16550
16551
16553
16555
16558
16563
16564
16565
16573
16575
16576
16581
16585
16586
16589
16591
16595
16602
16605
16610
16612
16620
16623
16625
16627
16628
16629
16633
16635
16644
16645
16648
16650
16652
16655
16658
16662
16665
16667
16677
16680
16682
16687
16691
16693
16702
16715
16716
16720
16727
16732
16745
16753
16765
16766
16769
16772
16773
16774
16784
16787
16789
16791
16795
16806
16809
16824
16827
16832
16833
16835
16838
16839
16840
16841
16843
16844
16845
16846
16854
16860
16861
16867
16871
16876
16879
16881
16883
16886
16887
16890
16893
16900
16901
16903
16907
16918
16921
16922
16925
16927
16935
16937
16938
16940
16944
16945
16948
16949
16957
16963
16966
16967
16975
16982
16985
16988
16989
16990
16992
16996
16999
17000
17004
17006
17008
17010
17012
17017
17020
17021
17023
17031
17038
17043
17050
17051
17052
17054
17055
17057
17058
17065
17066
17071
17072
17077
17079
17080
17084
17085
17087
17090
17091
17092
17093
17095
17096
17098
17099
17100
17102
17110
17116
17118
17123
17130
17135
17157
17160
17165
17169
17179
17193
17202
17207
17210
17213
17214
17229
17235
17242
17243
17254
17257
17258
17259
17261
17264
17265
17266
17273
17275
17281
17282
17286
17289
17290
17295
17297
17299
17305
17309
17311
17324
17329
17330
17334
17336
17337
17338
17341
17349
17350
17351
17354
17358
17359
17361
17364
17366
17372
17375
17378
17380
17387
17394
17421
17422
17423
17432
17446
17451
17454
17456
17457
17465
17475
17482
17486
17495
17498
17504
17508
17509
17512
17513
17521
17524
17525
17533
17534
17535
17539
17543
17548
17553
17554
17555
17564
17566
17579
17581
17589
17595
17597
17600
17608
17613
17622
17625
17627
17628
17633
17648
17657
17663
17668
17677
17679
17684
17686
17687
17694
17697
17698
17700
17703
17705
17706
17709
17717
17721
17726
17728
17737
17755
17765
17769
17771
17774
17777
17778
17784
17786
17796
17801
17804
17810
17814
17818
17819
17821
17826
17828
17831
17839
17843
17855
17859
17866
17867
17876
17890
17893
17927
17934
17956
17971
17974
17975
17981
17983
17990
17994
17996
18593
18601
18612
19261
19291
19304
19312
19322
19344
19353
19373
19413
19416
19447
19501
19525
19556
19573
19598
19615
19631
19674
19697
19719
19729
19731
19748
19759
19769
19772
19794
19806
19820
19827
19828
19850
19858
19861
19863
19864
19871
19881
19894
19898
19901
19907
19912
19915
19916
19921
19927
19929
19936
19939
19951
19974
19976
19984
19999
20001
20011
20031
20042
20045
20048
20052
20056
20059
20078
20079
20084
20096
20102
20115
20131
20137
20150
20154
20164
20176
20180
20191
20199
20205
20213
20222
20225
20231
20234
20251
20261
20264
20272
20273
20286
20287
20290
20291
20300
20302
20305
20306
20308
20311
20322
20326
20339
20344
20358
20360
20403
20415
20419
20427
20431
20438
20446
20450
20452
20479
20483
20486
20490
20494
20517
20543
20549
20569
20599
20615
20623
20651
20676
20692
20699
20709
20717
20732
20748
20750
20762
20774
20775
20776
20782
20814
20822
20826
20829
20836
20847
20861
20862
20865
20866
20867
20870
20884
20886
20903
20906
20911
20915
20918
20922
20927
20937
20970
20977
20990
20993
21002
21007
21020
21022
21034
21058
21060
21064
21065
21066
21073
21075
21083
21097
21105
21110
21129
21145
21157
21159
21164
21175
21177
21181
21182
21186
21214
21235
21242
21250
21259
21265
21271
21274
21296
21305
21312
21348
21357
21374
21379
21386
21393
21406
21420
21426
21446
21449
21457
21464
21477
21487
21489
21496
21500
21506
21510
21512
21516
21517
21519
21525
21540
21556
21568
21570
21576
21582
21589
21623
21627
21635
21638
21640
21659
21661
21665
21687
21689
21716
21719
21730
21736
21739
21760
21764
21776
21784
21791
21799
21801
21815
21816
21821
21838
21848
21866
21871
21890
21915
21921
21928
21933
21941
21965
21969
21993
22017
22027
22045
22063
22067
22068
22071
22075
22104
22111
22126
22137
22154
22184
22206
22212
22221
22222
22229
22238
22251
22253
22262
22267
22271
22273
22280
22290
22293
22296
22299
22309
22310
22311
22312
22313
22316
22320
22324
22328
22342
22350
22353
22364
22365
22368
22370
22371
22372
22373
22392
22394
22398
22408
22411
22418
22434
22449
22467
22481
22504
22515
22520
22546
22558
22567
22574
22588
22601
22721
22740
22745
22760
22761
22762
22763
22765
22766
22773
22777
22778
22782
22789
22791
22794
22795
22804
22815
22822
22824
22827
22830
22834
22838
22843
22857
22863
22869
22873
22877
22884
22888
22890
22891
22892
22900
22907
22908
22912
22915
22916
22918
22920
22922
22930
22933
22934
22936
22939
22940
22942
22948
22950
22961
22963
22968
22972
22974
22982
22990
22997
22999
23000
23004
23005
23013
23018
23020
23029
23038
23039
23044
23048
23049
23054
23057
23059
23064
23065
23070
23078
23080
23091
23103
23113
23115
23122
23141
23148
23152
23153
23155
23157
23158
23160
23162
23165
23168
23175
23178
23179
23180
23192
23196
23209
23213
23214
23217
23219
23220
23223
23226
23227
23228
23230
23233
23244
23254
23255
23258
23267
23274
23275
23278
23279
23280
23282
23289
23291
23299
23301
23303
23305
23307
23308
23312
23313
23314
23316
23319
23320
23321
23324
23326
23327
23329
23335
23337
23338
23342
23345
23347
23348
23350
23353
23357
23358
23359
23361
23366
23372
23373
23374
23375
23376
23377
23381
23382
23384
23388
23391
23393
23398
23399
23400
23403
23404
23405
23407
23408
23409
23413
23416
23417
23419
23425
23428
23430
23431
23432
23433
23434
23436
23438
23439
23444
23447
23448
23449
23450
23451
23452
23454
23458
23460
23462
23465
23466
23468
23470
23472
23482
23490
23491
23498
23499
23500
23501
23503
23504
23512
23515
23516
23517
23518
23519
23520
23522
23527
23529
23530
23538
23540
23543
23544
23546
23554
23556
23558
23560
23564
23570
23572
23574
23575
23579
23580
23583
23586
23588
23593
23594
23595
23599
23600
23601
23603
23604
23605
23607
23609
23613
23623
23624
23630
23631
23635
23641
23646
23649
23651
23652
23654
23660
23662
23663
23665
23669
23672
23673
23679
23682
23686
23687
23688
23689
23691
23694
23695
23697
23698
23704
23705
23706
23709
23712
23715
23722
23733
23737
23739
23743
23744
23748
23750
23756
23761
23763
23777
23783
23786
23789
23790
23793
23796
23800
23801
23809
23822
23824
23839
23843
23846
23849
23858
23865
23868
23872
23877
23878
23880
23883
23884
23885
23886
23888
23890
23892
23896
23897
23901
23908
23920
23922
23923
23925
23927
23929
23932
23933
23936
23937
23939
23946
23947
23948
23949
23950
23954
23960
23961
23963
23965
23966
23968
23974
23975
23978
23979
23981
23986
23987
23991
23993
23996
23997
23998
24003
24006
24011
24014
24021
24022
24025
24028
24030
24033
24037
24038
24039
24041
24043
24044
24047
24050
24055
24056
24059
24060
24061
24062
24066
24070
24071
24073
24075
24076
24077
24078
24081
24083
24084
24086
24088
24091
24092
24094
24095
24096
24098
24101
24103
24104
24106
24108
24109
24110
24112
24113
24114
24116
24117
24118
24122
24123
24124
24126
24127
24128
24129
24130
24134
24135
24136
24138
24139
24142
24143
24145
24147
24150
24152
24154
24155
24160
24161
24162
24165
24167
24168
24170
24171
24172
24174
24178
24184
24185
24186
24187
24188
24189
24191
24192
24193
24195
24196
24197
24199
24201
24202
24203
24207
24209
24212
24213
24214
24215
24218
24221
24222
24225
24228
24229
24232
24236
24244
24247
24248
24249
24251
24252
24254
24255
24257
24258
24259
24261
24263
24267
24270
24271
24274
24275
24277
24280
24282
24284
24288
24290
24292
24293
24297
24301
24302
24305
24306
24309
24310
24311
24314
24316
24322
24328
24329
24334
24335
24338
24339
24340
24342
24343
24344
24345
24346
24347
24349
24355
24358
24361
24362
24365
24367
24372
24376
24378
24379
24382
24387
24391
24392
24394
24396
24397
24398
24401
24405
24406
24412
24417
24418
24419
24421
24422
24425
24429
24432
24435
24440
24444
24450
24454
24457
24458
24465
24467
24472
24474
24484
24485
24487
24490
24493
24495
24496
24498
24502
24503
24506
24508
24510
24511
24513
24515
24516
24520
24522
24523
24524
24525
24530
24532
24537
24539
24540
24543
24544
24549
24552
24555
24557
24559
24561
24562
24564
24567
24568
24574
24577
24583
24593
24594
24595
24599
24600
24602
24605
24607
24609
24614
24616
24622
24624
24627
24629
24632
24633
24634
24635
24641
24643
24649
24652
24653
24656
24657
24665
24668
24670
24671
24678
24682
24690
24692
24694
24698
24718
24732
24733
24734
24737
24742
24755
24761
24765
24767
24770
24774
24778
24779
24780
24782
24787
24791
24795
24806
24808
24809
24810
24824
24827
24830
24834
24838
24839
24844
24861
24867
24870
24871
24872
24873
24876
24878
24882
24884
24885
24886
24888
24892
24895
24898
24902
24907
24911
24914
24915
24916
24918
24922
24923
24924
24928
24930
24931
24936
24939
24944
24947
24948
24949
24950
24952
24961
24963
24965
24966
24967
24968
24971
24972
24974
24975
24976
24977
24979
24980
24982
24984
24986
24987
24988
24990
24993
24997
24998
25000
25005
25008
25009
25011
25013
25014
25017
25028
25030
25031
25034
25035
25036
25037
25038
25040
25041
25042
25043
25045
25047
25049
25053
25054
25057
25058
25064
25067
25068
25071
25073
25074
25078
25080
25083
25084
25087
25089
25090
25091
25092
25093
25099
25102
25103
25104
25107
25108
25110
25112
25113
25116
25117
25118
25120
25121
25123
25125
25126
25127
25129
25131
25132
25135
25137
25138
25141
25145
25149
25150
25156
25161
25166
25168
25173
25176
25178
25181
25183
25187
25189
25190
25194
25200
25203
25204
25207
25209
25211
25214
25219
25222
25224
25225
25227
25228
25230
25234
25239
25242
25245
25248
25250
25251
25253
25254
25255
25257
25259
25260
25261
25262
25264
25268
25271
25275
25283
25286
25291
25293
25303
25304
25305
25307
25308
25316
25318
25320
25331
25332
25336
25337
25338
25339
25346
25352
25354
25356
25357
25358
25360
25362
25365
25366
25368
25370
25371
25377
25382
25388
25389
25393
25396
25403
25404
25406
25409
25412
25413
25415
25418
25426
25429
25437
25438
25444
25445
25447
25448
25454
25457
25459
25464
25466
25467
25471
25472
25475
25476
25477
25481
25483
25487
25491
25492
25496
25499
25502
25504
25505
25507
25510
25511
25512
25513
25516
25520
25521
25523
25524
25529
25531
25534
25535
25536
25538
25539
25540
25542
25544
25545
25546
25548
25553
25554
25555
25556
25559
25568
25569
25575
25576
25578
25580
25583
25585
25586
25588
25589
25592
25593
25597
25598
25601
25605
25614
25615
25616
25620
25622
25623
25625
25629
25631
25635
25636
25637
25639
25640
25644
25645
25647
25651
25655
25659
25661
25663
25666
25668
25675
25679
25682
25686
25697
25699
25703
25710
25711
25712
25714
25716
25720
25723
25727
25737
25738
25739
25740
25748
25749
25750
25752
25755
25756
25758
25771
25773
25776
25777
25780
25781
25784
25791
25802
25803
25804
25808
25811
25812
25818
25819
25821
25838
25851
25852
25853
25858
25862
25869
25871
25873
25878
25890
25900
25904
25911
25925
25926
25927
25938
25943
25951
25953
25958
25960
25961
25970
25973
25978
25980
25987
25991
25992
25994
25995
26006
26016
26027
26029
26040
26045
26048
26051
26056
26062
26068
26074
26077
26086
26087
26096
26101
26107
26113
26130
26133
26134
26137
26142
26145
26148
26149
26154
26174
26177
26183
26192
26200
26205
26207
26208
26211
26214
26224
26227
26234
26242
26243
26244
26245
26250
26256
26263
26265
26268
26277
26278
26286
26287
26288
26304
26306
26307
26310
26321
26327
26344
26350
26353
26356
26367
26375
26383
26387
26388
26393
26398
26400
26405
26409
26415
26422
26429
26439
26440
26447
26449
26459
26466
26470
26481
26485
26487
26488
26494
26497
26511
26512
26519
26522
26529
26541
26543
26546
26547
26557
26558
26559
26585
26586
26591
26599
26617
26625
26631
26651
26660
26677
26695
26707
26721
26743
26763
26782
27192
27912
27919
27924
27931
27943
27977
27991
28022
28065
28070
28099
28100
28115
28125
28132
28134
28138
28154
28162
28169
28174
28176
28177
28182
28189
28193
28194
28210
28212
28228
28231
28252
28267
28269
28276
28282
28286
28289
28294
28302
28306
28329
28334
28339
28347
28351
28385
28397
28399
28414
28422
28449
28475
28506
28521
28535
28584
28593
28645
28651
28675
28698
28708
28732
28769
28788
28807
28830
28925
28940
28955
28980
28989
29005
29036
29052
29053
29057
29061
29062
29068
29081
29090
29140
29190
29195
29201
29218
29225
29266
29279
29283
29288
29290
29375
29382
29389
29392
29399
29411
29434
29456
29462
29464
29471
29484
29490
29492
29510
29513
29519
29523
29526
29545
29554
29560
29567
29571
29582
29585
29590
29603
29614
29615
29620
29622
29632
29634
29656
29664
29667
29668
29671
29674
29680
29699
29706
29711
29716
29719
29721
29727
29732
29733
29737
29742
29744
29746
29747
29752
29753
29761
29765
29771
29778
29783
29784
29789
29802
29806
29807
29810
29811
29816
29817
29819
29822
29830
29841
29842
29851
29852
29853
29872
29874
29880
29887
29889
29891
29902
29909
29917
29920
29935
29943
29945
29956
29959
29960
29961
29965
29966
29974
29981
29988
30001
30011
30017
30025
30037
30040
30042
30050
30072
30076
30079
30093
30107
30115
30123
30141
30159
30161
30169
30203
30206
30210
30212
30213
30217
30219
30225
30234
30238
30245
30251
30255
30259
30260
30268
30269
30274
30280
30290
30294
30300
30302
30303
30304
30313
30319
30321
30329
30342
30344
30349
30354
30356
30360
30365
30368
30372
30375
30385
30389
30391
30397
30404
30407
30408
30414
30415
30417
30418
30423
30427
30429
30437
30438
30444
30449
30450
30452
30463
30471
30479
30482
30494
30496
30499
30518
30520
30523
30525
30528
30534
30548
30572
30574
30579
30581
30588
30593
30602
30613
30633
30640
30641
30646
30655
30660
30661
30666
30668
30670
30675
30686
30687
30695
30713
30723
30726
30730
30734
30736
30737
30739
30747
30749
30756
30757
30759
30760
30761
30767
30772
30776
30778
30783
30788
30805
30808
30813
30823
30826
30829
30830
30836
30854
30870
30886
30908
30917
30930
30933
30939
30964
30967
30981
30984
30988
30998
31008
31011
31016
31023
31045
31079
31118
31133
31136
31139
31163
31204
31217
31235
31244
31246
31271
31281
31287
31292
31299
31340
31365
31450
31456
31463
31480
31510
31576
31591
31622
31635
31637
31640
31644
31649
31667
31670
31671
31676
31689
31700
31721
31733
31753
31757
31773
31776
31780
31784
31790
31814
31823
31839
31842
31855
31890
31904
31906
31909
31912
31939
31958
31975
31979
32017
32036
32050
32069
32082
32162
32178
32194
32202
32221
32240
32250
32251
32266
32268
32273
32274
32276
32277
32287
32289
32291
32292
32294
32299
32300
32305
32307
32308
32309
32313
32318
32325
32332
32335
32338
32342
32348
32352
32356
32358
32361
32364
32368
32370
32375
32393
32398
32400
32412
32416
32427
32430
32439
32443
32448
32459
32464
32466
32474
32475
32497
32502
32505
32515
32516
32522
32525
32532
32546
32549
32553
32561
32577
32579
32585
32586
32589
32601
32607
32621
32636
32642
32652
32665
32686
32692
32740
32758
32762
32763
32782
32784
32787
32789
32807
32815
32818
32819
32820
32832
32836
32840
32860
32862
32871
32875
32878
32884
32893
32897
32900
32901
32905
32920
32924
32925
32934
32936
32938
32939
32944
32949
32950
32972
32977
32981
32984
32993
32994
32997
33000
33003
33007
33021
33028
33034
33035
33036
33040
33041
33043
33045
33054
33058
33059
33062
33064
33071
33072
33073
33075
33076
33079
33080
33100
33110
33113
33116
33120
33121
33122
33126
33137
33138
33140
33143
33149
33152
33153
33157
33162
33163
33169
33174
33181
33182
33183
33185
33187
33189
33193
33196
33201
33204
33207
33211
33214
33215
33217
33218
33219
33222
33225
33228
33230
33232
33234
33236
33237
33240
33242
33246
33248
33253
33256
33262
33263
33264
33271
33289
33293
33298
33299
33317
33325
33326
33332
33337
33341
33346
33347
33352
33380
33383
33390
33392
33395
33405
33406
33409
33410
33426
33427
33436
33451
33454
33458
33459
33460
33486
33488
33491
33496
33500
33501
33502
33509
33511
33514
33521
33522
33524
33527
33529
33530
33531
33534
33536
33537
33539
33541
33542
33557
33558
33561
33562
33564
33565
33567
33569
33579
33590
33592
33602
33605
33607
33608
33611
33612
33616
33617
33618
33622
33624
33625
33626
33629
33632
33639
33642
33646
33648
33650
33651
33653
33655
33657
33658
33662
33663
33668
33671
33677
33678
33686
33687
33688
33690
33694
33697
33698
33701
33702
33704
33705
33707
33709
33712
33713
33714
33717
33739
33743
33745
33747
33752
33754
33755
33756
33758
33760
33762
33765
33767
33768
33769
33770
33771
33774
33777
33780
33782
33784
33790
33792
33798
33799
33802
33804
33805
33806
33807
33810
33813
33815
33821
33825
33827
33830
33831
33833
33835
33838
33854
33855
33857
33862
33865
33873
33878
33880
33884
33887
33888
33891
33895
33897
33899
33903
33905
33906
33914
33915
33916
33917
33918
33919
33922
33924
33925
33931
33937
33938
33939
33944
33952
33953
33954
33956
33959
33967
33973
33978
33985
33990
33991
33993
34000
34005
34006
34007
34008
34010
34012
34014
34015
34016
34019
34021
34024
34028
34035
34039
34040
34050
34052
34054
34060
34065
34071
34072
34073
34074
34079
34086
34087
34090
34091
34093
34096
34099
34101
34104
34106
34110
34111
34113
34114
34117
34119
34122
34123
34126
34128
34132
34135
34137
34140
34141
34142
34149
34151
34154
34156
34162
34169
34176
34179
34181
34182
34183
34186
34188
34195
34198
34199
34203
34204
34205
34214
34221
34223
34225
34231
34234
34237
34240
34254
34258
34260
34263
34265
34267
34271
34281
34283
34286
34297
34304
34316
34334
34336
34344
34351
34362
34365
34366
34382
34385
34388
34394
34396
34405
34408
34410
34413
34417
34422
34430
34432
34434
34437
34444
34445
34448
34473
34477
34489
34502
34511
34512
34519
34520
34525
34536
34540
34549
34557
34559
34588
34604
34614
34617
34618
34619
34624
34627
34638
34657
34671
34687
34693
34701
34723
34735
34741
34745
34760
34769
34794
34812
34820
34840
34850
34858
34877
34879
34903
34908
34918
34921
34929
34932
34938
34939
34946
34947
34951
34970
34973
34974
34978
34980
34982
34986
34988
34989
34990
34997
35000
35001
35006
35007
35009
35014
35023
35028
35033
35040
35042
35046
35051
35055
35060
35068
35075
35079
35084
35088
35092
35094
35096
35098
35099
35101
35121
35128
35137
35140
35143
35146
35148
35154
35155
35159
35160
35161
35162
35164
35168
35170
35173
35175
35176
35183
35184
35192
35197
35199
35204
35213
35216
35218
35219
35225
35226
35229
35234
35238
35239
35244
35246
35247
35252
35257
35260
35269
35289
35291
35292
35295
35296
35297
35307
35308
35311
35326
35327
35329
35330
35344
35345
35347
35349
35356
35360
35363
35365
35370
35374
35376
35377
35382
35385
35387
35388
35389
35399
35405
35409
35413
35414
35418
35420
35422
35423
35427
35431
35432
35436
35437
35438
35439
35440
35442
35443
35446
35452
35453
35456
35457
35459
35461
35464
35465
35467
35472
35478
35481
35483
35487
35491
35493
35499
35502
35503
35504
35505
35516
35517
35519
35521
35522
35523
35527
35530
35532
35534
35537
35541
35545
35548
35557
35558
35559
35562
35564
35568
35572
35573
35579
35580
35584
35586
35587
35588
35599
35606
35617
35623
35625
35627
35632
35638
35639
35640
35646
35651
35652
35655
35658
35662
35665
35666
35669
35675
35679
35682
35690
35692
35694
35697
35704
35714
35715
35716
35721
35722
35723
35725
35732
35734
35736
35738
35740
35742
35746
35747
35749
35753
35757
35758
35761
35765
35769
35770
35775
35777
35779
35784
35788
35789
35791
35800
35803
35815
35819
35822
35830
35832
35833
35837
35845
35846
35847
35857
35858
35861
35862
35863
35864
35869
35873
35877
35880
35884
35888
35892
35898
35900
35915
35919
35927
35931
35947
35955
35961
35962
35974
35977
35978
35980
35986
35993
35994
36011
36012
36032
36033
36046
36054
36056
36057
36060
36061
36062
36063
36074
36075
36078
36082
36084
36092
36096
36097
36102
36109
36110
36111
36117
36118
36119
36121
36124
36125
36127
36129
36131
36136
36137
36139
36143
36146
36152
36156
36159
36164
36167
36168
36170
36172
36174
36179
36181
36185
36190
36191
36192
36200
36202
36206
36210
36214
36216
36230
36231
36245
36252
36253
36258
36260
36261
36267
36271
36275
36278
36284
36287
36288
36292
36293
36294
36295
36303
36307
36308
36315
36318
36321
36328
36329
36332
36333
36336
36337
36339
36345
36346
36352
36356
36359
36360
36365
36367
36368
36371
36374
36375
36377
36383
36387
36389
36390
36395
36397
36400
36403
36405
36406
36410
36411
36414
36431
36435
36436
36440
36442
36446
36447
36456
36457
36461
36463
36465
36474
36484
36489
36493
36510
36511
36516
36517
36518
36519
36522
36531
36538
36551
36559
36565
36569
36570
36573
36574
36578
36583
36594
36605
36608
36609
36611
36612
36616
36622
36628
36631
36648
36653
36657
36660
36664
36674
36685
36687
36690
36697
36698
36703
36706
36711
36712
36715
36719
36720
36722
36723
36727
36731
36735
36738
36740
36744
36751
36756
36757
36760
36768
36769
36774
36775
36777
36787
36792
36793
36805
36806
36807
36811
36813
36817
36820
36825
36832
36844
36846
36851
36853
36862
36868
36870
36873
36874
36875
36876
36887
36889
36902
36904
36906
36911
36920
36923
36930
36931
36938
36939
36948
36949
36953
36956
36958
36959
36961
36964
36968
36974
36977
36978
36988
36996
37004
37007
37014
37016
37017
37045
37046
37052
37053
37061
37068
37077
37085
37086
37088
37095
37100
37103
37117
37119
37135
37136
37143
37155
37158
37162
37169
37174
37179
37181
37189
37192
37218
37244
37253
37264
37297
37318
37324
37340
37370
37382
37391
37411
37452
38312
38316
38320
38321
38341
38349
38352
38353
38355
38364
38374
38386
38398
38399
38400
38411
38415
38417
38427
38436
38444
38452
38457
38494
38519
38522
38526
38534
38537
38549
38571
38572
38573
38574
38595
38596
38598
38633
38662
38671
38682
38685
38704
38713
38715
38737
38767
38777
38809
38817
38831
38882
38896
38904
38907
38912
38918
38927
38931
38934
38938
38946
38947
38953
38954
38957
38960
38966
38967
38973
38975
38981
38986
38989
38990
38994
39001
39003
39006
39012
39015
39025
39068
39073
39084
39091
39099
39104
39106
39111
39118
39119
39125
39135
39136
39168
39169
39174
39175
39179
39186
39188
39196
39199
39209
39213
39216
39217
39224
39239
39258
39260
39265
39269
39276
39288
39294
39301
39304
39310
39333
39342
39352
39403
39406
39408
39411
39416
39423
39428
39429
39441
39443
39467
39470
39473
39474
39479
39480
39481
39525
39535
39583
39600
39602
39605
39608
39631
39636
39642
39645
39652
39656
39664
39666
39678
39688
39704
39706
39707
39721
39733
39736
39738
39766
39775
39781
39790
39796
39805
39810
39824
39826
39832
39837
39849
39854
39865
39891
39903
39917
39922
39924
39943
39952
39957
39968
39979
39992
39997
40001
40013
40015
40018
40021
40029
40033
40041
40042
40043
40049
40051
40055
40057
40059
40063
40085
40097
40102
40107
40120
40122
40126
40134
40141
40143
40144
40151
40156
40160
40164
40165
40168
40178
40181
40211
40240
40244
40248
40264
40270
40273
40282
40287
40300
40304
40319
40322
40327
40339
40347
40361
40362
40382
40394
40401
40419
40427
40446
40452
40462
40482
40488
40500
40508
40509
40514
40516
40521
40540
40542
40544
40566
40571
40575
40580
40585
40589
40592
40595
40597
40598
40603
40620
40621
40624
40626
40629
40634
40647
40654
40657
40658
40661
40667
40673
40680
40681
40684
40686
40691
40692
40693
40698
40708
40719
40724
40725
40727
40728
40729
40731
40734
40741
40743
40745
40746
40748
40751
40752
40756
40757
40761
40763
40765
40770
40771
40772
40774
40775
40776
40777
40778
40784
40791
40792
40796
40797
40798
40800
40801
40802
40804
40805
40806
40807
40808
40814
40815
40819
40820
40821
40822
40826
40828
40836
40837
40839
40842
40843
40845
40847
40848
40852
40854
40855
40857
40858
40862
40864
40866
40873
40876
40878
40879
40880
40881
40888
40893
40895
40899
40900
40901
40902
40909
40911
40914
40915
40921
40924
40925
40933
40934
40935
40937
40941
40942
40944
40948
40954
40955
40957
40958
40959
40962
40963
40973
40978
40979
40984
40985
40986
40987
40990
40992
40997
40999
41002
41003
41004
41008
41009
41011
41013
41015
41025
41030
41031
41032
41034
41035
41041
41042
41043
41044
41046
41049
41053
41061
41062
41070
41080
41086
41093
41095
41096
41099
41107
41116
41117
41122
41124
41125
41130
41133
41135
41141
41148
41151
41155
41158
41159
41163
41164
41169
41170
41177
41179
41181
41186
41187
41189
41192
41196
41198
41199
41202
41204
41207
41209
41211
41213
41215
41218
41220
41221
41222
41224
41226
41227
41229
41233
41238
41243
41248
41254
41257
41264
41267
41268
41277
41278
41281
41289
41291
41293
41296
41307
41309
41311
41313
41316
41320
41325
41326
41327
41328
41333
41334
41336
41337
41341
41343
41346
41347
41350
41360
41361
41366
41369
41374
41377
41379
41381
41386
41406
41409
41414
41430
41433
41453
41455
41457
41463
41469
41472
41481
41488
41490
41491
41493
41494
41495
41500
41503
41510
41512
41518
41519
41522
41524
41536
41537
41543
41548
41553
41560
41575
41580
41584
41585
41593
41596
41599
41604
41606
41607
41610
41616
41617
41619
41620
41624
41625
41632
41640
41641
41642
41647
41654
41659
41660
41661
41662
41671
41673
41676
41678
41679
41681
41682
41683
41687
41688
41692
41694
41698
41700
41702
41707
41718
41723
41729
41735
41742
41749
41750
41755
41757
41758
41763
41767
41776
41786
41789
41793
41802
41803
41806
41817
41822
41824
41825
41827
41828
41830
41831
41835
41840
41841
41846
41848
41849
41851
41855
41860
41866
41870
41875
41876
41880
41884
41892
41893
41920
41922
41934
41940
41941
41946
41948
41956
41964
41967
41968
41987
41992
42018
42025
42042
42045
42050
42101
42122
42127
42136
42147
42168
42175
42187
42199
42200
42219
42222
42233
42241
42271
42273
42277
42280
42284
42322
42325
42347
42355
42385
42417
42422
42427
42762
42775
42797
42806
42828
42845
42880
42882
42909
42928
42933
42949
42960
42967
42985
42998
43009
43045
43066
43096
43111
43165
66794
66830
66831
66841
66847
66850
67084
67085
67088
67092
67101
67113
67123
67124
67145
67160
67179
67210
67415
67426
67428
67429
67444
67455
67468
67482
67484
67486
67517
67520
67534
67547
67565
67579
67589
70119
70154
70189
70225
70245
70404
70424
70435
70485
70492
70498
70519
70532
70588
70606
79062
79315
79413
79429
79431
79471
79482
79489
79502
79561
79566
79597
79617
79655
79664
79751
79760
83190
83485
83556
83574
83647
