25853
25819
25739
25714
24457
24440
24391
24167
23438
23054
21181
21159
21022
20911
20483
20479
20222
20191
20150
17092
16806
16773
15783
15500
15157
14880
14876
14819
14750
14358
14345
14119
14118
13775
13755
13700
13642
13221
13095
9865
7683
7350
5812
25953
20199
19916
14815
38990
13119
36474
36360
36125
36110
36092
36082
36046
35830
35761
35749
35715
35586
33264
33246
33237
33059
33034
32977
32515
29902
25675
25553
25536
25466
25393
25382
24984
24806
24694
24678
24490
23448
23472
21175
20079
20045
20052
19871
19769
19759
16887
16854
16809
15042
14861
14776
14739
14645
14447
39006
14371
14314
14262
14255
14251
14226
14175
14167
14130
13520
13316
13276
13029
12973
12944
12941
12906
36146
35803
10735
10634
10461
10396
10031
9848
9837
7743
7089
6022
5978
5971
4398
2796
2789
2775
2730
2699
2576
2574
2487
25014
24539
24376
24328
23470
21007
21034
20311
20306
41494
16532
16511
16370
40741
40516
40508
15254
15097
14069
13687
12907
36202
35747
35746
35734
35666
35658
35639
35625
35562
35521
35478
33196
33041
33003
32984
32981
32586
30210
29959
29806
29765
29484
29036
25904
25852
25304
25080
25091
25035
24885
24605
24577
24511
24502
24503
24398
24361
24114
24098
23282
23280
23217
23213
23152
23178
23148
23141
23013
21065
21002
21058
21075
20829
20847
20452
20308
20264
20213
20180
20164
20102
20096
19898
19927
19907
19901
19794
16839
41325
16687
41248
40888
40592
15896
15415
15132
15161
15088
14518
14419
38927
14316
14311
14378
14247
14276
14234
14274
14065
13509
13410
36463
10773
35376
10065
9998
9923
9944
9883
9847
9687
33080
33079
33043
33035
33000
32607
20251
32522
20231
7836
32427
32348
7757
7521
29283
29081
2570
25037
10050
17099
17090
41679
41661
41642
41640
41625
41620
17038
41519
41512
41510
16900
41488
41472
41463
16860
16835
16841
16840
41433
16886
16784
41337
16682
41233
41220
41218
41209
41204
41199
41187
41170
16564
41148
41125
16589
41116
16483
41099
16453
40901
40895
40878
40862
40857
16321
40822
40805
40798
40792
40763
40748
40729
40692
40624
40621
15853
15789
15558
15345
15331
15324
15300
15197
15150
15127
15039
14511
14556
39003
14393
14388
38973
38967
38957
14375
38947
14325
38918
38912
14318
14267
14209
14282
14254
13999
13675
13497
13452
13429
13076
13084
13044
13011
12975
12925
36191
36159
36152
36139
36137
36118
36117
36063
36062
36119
36061
36060
36054
35858
35846
35837
35753
35742
35732
35716
35690
35679
35675
35651
35640
35638
35587
35573
35558
35534
35530
35527
35499
35487
35465
35461
35453
35437
35493
35440
35431
35427
35420
35405
35389
35387
35360
35374
35308
35295
10662
35246
35296
10625
10590
10561
10533
10588
35094
35101
10462
35007
10385
10377
10311
10066
10061
10052
10040
10062
9955
9941
9910
9768
9612
9605
9658
9564
33263
33248
33215
33193
33157
33126
33121
33113
33100
33075
33073
33045
33036
33028
32997
32993
32972
32949
32944
32936
32925
32920
20450
32686
32642
32636
32621
20302
32577
32505
32400
32398
7800
32375
32370
7771
32361
7794
32356
32342
32338
32332
32325
19999
32292
32287
32274
32250
32221
32162
7460
7386
7360
7224
7083
7077
6168
6163
6146
6144
6137
6000
5990
5836
5643
30213
30203
30050
30042
30040
30037
5418
29960
29956
29943
5287
29872
29819
29817
29822
29761
29747
29523
29519
29513
29510
29492
29490
29464
29462
17096
29392
29375
17052
29290
4726
29266
29218
29195
29140
41414
41409
29062
29068
41333
29057
29053
29052
28989
16662
16691
41238
4427
41229
28940
28925
41192
16427
16369
16322
16367
40873
40734
15834
2833
2740
2748
2593
2599
2514
39001
14287
26051
26048
25995
25960
25890
25878
25871
25808
25804
25802
25749
25740
25723
25720
25711
25663
25637
25635
25625
25620
25616
13294
25556
25548
25545
25520
13201
25477
25471
25524
25459
25448
25426
25418
13128
25403
13099
25388
13081
25370
13056
25415
25357
25356
25338
12982
25271
12946
25224
25219
25211
25207
25187
25183
25178
25104
25068
25028
25013
24987
24967
24965
24963
24950
24928
24915
24968
24902
24795
24733
24649
24635
24622
24602
24543
24522
24525
24516
24484
24454
24394
24358
24347
24340
24335
24309
24322
24293
24292
24271
24192
24171
24165
24189
24160
36435
24136
24135
24118
24112
24162
24130
36307
36181
36167
35993
35898
23530
23504
23498
23465
35723
23454
35662
23301
35522
35516
23220
23219
35503
23214
23192
35464
23175
23165
23162
23160
23158
23070
23065
23057
23049
23039
23020
10622
10616
10538
10067
9854
9807
9601
9582
21214
21145
21105
21064
21060
33325
33242
20937
20906
33185
20870
20867
33138
20826
33072
33064
32994
32938
32924
32939
20490
20415
20339
32601
20272
20261
20290
20291
20286
32561
20205
32368
19974
7650
32202
19894
32178
19881
19863
19858
7526
19827
7530
19806
7483
19772
7478
19729
19731
7355
25640
25631
7171
7159
25502
25472
7028
25444
25437
25412
25377
25203
25189
24990
24895
24808
24767
6195
24510
6032
5876
24282
5694
5577
36293
30115
5532
5489
36214
30025
30017
5400
5379
29917
29842
36057
29816
35961
29810
29807
29778
29752
35863
35861
5120
23517
23512
23501
35770
23466
23450
23430
35655
35627
17165
23267
17080
29399
41678
4796
29389
41671
29382
17091
17087
17084
17079
23228
17077
23209
17058
4768
17050
17043
17023
4732
17008
16985
29288
29279
16988
41553
16963
16945
41518
16935
16921
16918
41481
29190
23044
16890
35327
23038
41457
16843
16876
16833
29061
41334
4431
41311
29005
28980
28955
41243
35099
10485
41198
16602
16576
16585
41163
41159
16573
41141
10415
16551
41117
41095
16480
16396
16376
16374
16371
40914
16305
40900
40880
40837
16240
16201
16231
40778
40757
16188
40731
9940
40626
40620
40514
15846
9680
15793
15778
15773
15619
15566
15471
15463
15440
15455
15420
15326
15318
15290
15271
15229
15222
15209
15189
15084
2783
2779
2815
2757
2745
2736
21186
2746
2707
2716
2603
14871
2582
14884
14872
14840
14828
2510
14870
20922
14778
20927
14761
14758
14754
20903
14752
14742
14738
14709
14694
14691
20814
14660
33076
14571
14438
14381
14450
14336
20486
14335
14329
14330
14416
14297
14326
14327
14324
14307
14294
14257
14184
20326
14149
14127
14104
14061
14101
32443
13991
32313
7682
19939
19936
13772
13765
13742
13735
7571
13632
13598
13578
13571
13657
13508
13547
13504
25791
13479
13472
25661
25629
13300
25507
25481
7040
25464
13150
25429
13109
13098
25358
25337
25250
12948
25227
12889
12862
24966
24948
24918
24774
24761
6190
24561
15239
2763
2776
24275
24225
14853
5586
14790
20884
20822
36170
5409
29945
14479
5212
38994
14331
35800
23499
23482
14248
23520
23462
35738
23460
23444
35740
32589
20300
20234
32335
10690
13693
10614
41328
7464
10494
41211
10467
35060
35040
13538
10454
10427
10411
10405
16550
10399
10369
10325
10309
16436
10298
13306
16303
40743
9994
40657
9890
9864
40566
9764
9747
9708
9650
15447
15430
15427
15424
15335
15282
15225
15144
24367
2767
2754
15041
2732
21177
2737
21157
2713
2708
2714
21073
2590
24147
21097
21066
2588
2578
5639
21020
20990
20993
14849
2531
20977
14825
2497
5567
33207
20918
14767
30072
29974
36097
14575
33007
5276
36011
14467
5164
38960
32782
14347
14337
35847
14249
14242
32652
20305
32439
7814
7729
7734
41500
7668
32240
19951
7649
41374
13704
7527
7495
7482
7463
7512
10513
10480
13458
21110
7234
25614
33262
16359
7136
7134
20970
2479
7085
16332
25483
7088
13143
25445
25438
13133
6982
6970
25406
13092
25362
9946
14507
32934
12970
25222
12873
9770
25132
9748
25110
9692
9681
9675
25030
35779
25040
25011
25017
24982
24988
20287
24810
15574
24778
24682
24665
24657
6204
6202
6201
6186
6181
6177
6176
6160
6158
6153
7680
6139
6138
7676
24549
15321
24537
24493
7581
24498
6045
6038
7566
5997
5967
5982
5969
5970
5963
15171
5945
15180
5943
5942
24382
13620
7469
24379
2836
2823
5895
5884
5883
2771
15023
2728
2726
21129
2639
24143
24109
5641
5648
16400
24152
5626
36359
14795
2493
7100
30123
5536
14780
20886
30076
6979
25413
30001
29988
25354
29935
25352
14577
36078
29887
32950
35994
29830
5240
29811
5218
15947
35962
35955
5206
29771
14428
14426
5189
25176
5180
35877
24305
14312
23527
5067
20419
14268
32665
35721
14198
24944
10296
24127
29471
14839
29411
17102
41676
41660
17072
4770
23196
25475
33120
5451
29225
5393
41490
29201
41469
13000
32194
25257
12955
40585
4430
13752
10586
4421
4405
5934
14278
14220
24280
36446
10320
24124
24122
14892
41336
2542
2483
20915
14764
30107
7828
24698
25467
7003
15845
9694
2723
25404
41495
29966
9986
10376
29965
25368
23439
32251
29852
4510
4445
7053
14309
15028
2711
20431
14280
23503
21164
32692
2715
16518
24977
9596
2644
24952
21083
5332
7244
5696
24871
23279
2521
2527
32464
23436
9619
7116
5129
6288
40801
13563
6142
21182
2729
19828
15213
15138
5919
2801
15092
5827
20446
2751
2573
5450
10450
5606
5952
4409
9662
5679
2600
29753
5175
13749
41379
29090
4512
24888
35257
24106
7174
9568
40719
13664
23274
23080
2696
24911
