3
10
11
12
16
20
30
32
33
36
42
46
47
51
56
81
83
84
85
88
90
92
96
99
108
110
123
125
128
138
147
153
155
157
162
166
170
175
193
204
206
208
209
211
226
227
250
252
254
255
257
263
265
269
271
274
290
291
294
295
297
299
301
305
307
318
322
324
326
329
333
335
337
341
346
349
351
356
358
359
372
373
375
376
378
380
381
387
393
404
406
407
408
411
422
423
425
427
431
441
442
443
444
448
451
454
456
462
472
491
496
503
507
509
510
515
518
521
525
529
531
533
538
542
549
551
553
554
560
561
562
565
569
575
577
578
583
592
595
597
598
604
605
609
613
614
618
620
630
631
633
636
646
647
651
652
655
660
663
666
667
670
671
674
678
679
681
683
684
686
689
691
702
703
707
713
716
739
743
744
753
756
760
763
769
784
788
794
798
803
807
810
816
826
831
837
838
840
842
854
856
860
862
868
878
887
891
896
905
909
910
911
923
930
933
943
948
949
950
959
963
964
971
974
978
981
988
992
999
1011
1012
1017
1039
1045
1047
1053
1055
1056
1063
1064
1069
1079
1087
1089
1091
1100
1101
1103
1104
1109
1112
1126
1132
1137
1138
1148
1150
1151
1152
1153
1161
1162
1164
1173
1180
1186
1189
1191
1201
1206
1211
1213
1219
1228
1230
1232
1237
1238
1241
1246
1248
1249
1256
1269
1270
1276
1280
1281
1291
1293
1306
1309
1322
1327
1338
1349
1350
1352
1354
1369
1380
1386
1405
1411
1413
1414
1433
1445
1460
1461
1466
1472
1481
1484
1488
1494
1498
1509
1511
1512
1516
1517
1518
1529
1530
1562
1563
1572
1582
1586
1589
1593
1601
1602
1605
1608
1610
1619
1625
1629
1642
1646
1648
1650
1652
1657
1658
1659
1672
1673
1674
1675
1677
1680
1682
1683
1684
1699
1702
1704
1706
1721
1722
1723
1724
1726
1729
1739
1740
1741
1744
1746
1750
1757
1761
1762
1763
1767
1774
1777
1783
1784
1788
1791
1800
1803
1805
1806
1816
1817
1821
1826
1829
1831
1834
1836
1839
1841
1845
1846
1850
1865
1868
1870
1871
1872
1873
1879
1896
1897
1905
1906
1909
1937
1938
1939
1940
1945
1949
1953
1957
1961
1963
1966
1968
1974
1975
2000
2015
2026
2029
2030
2035
2037
2042
2049
2054
2057
2062
2065
2069
2074
2077
2084
2091
2094
2098
2101
2102
2104
2115
2116
2117
2118
2120
2125
2130
2141
2142
2143
2147
2149
2159
2161
2166
2169
2176
2180
2184
2192
2195
2198
2200
2208
2219
2225
2231
2236
2247
2252
2255
2258
2262
2270
2275
2277
2278
2295
2298
2299
2302
2307
2311
2317
2330
2334
2347
2353
2355
2358
2361
2363
2368
2369
2376
2381
2385
2394
2396
2397
2398
2403
2404
2409
2411
2413
2422
2425
2426
2430
2433
2435
2437
2439
2441
2447
2449
2450
2452
2454
2464
2466
2469
2472
2479
2481
2492
2497
2503
2508
2520
2524
2525
2528
2532
2535
2538
2544
2548
2556
2561
2564
2569
2571
2574
2580
2584
2588
2590
2593
2595
2604
2613
2620
2634
2643
2645
2647
2662
2665
2671
2679
2680
2681
2683
2684
2685
2686
2689
2691
2693
2696
2697
2698
2699
2702
2703
2706
2711
2713
2714
2715
2719
2720
2732
2740
2742
2744
2746
2748
2750
2752
2756
2758
2766
2771
2773
2778
2779
2784
2787
2789
2791
2792
2794
2799
2800
2802
2808
2809
2819
2821
2826
2832
2833
2834
2837
2839
2846
2853
2854
2858
2859
2871
2877
2880
2882
2884
2885
2892
2896
2902
2904
2906
2914
2917
2919
2931
2932
2942
2944
2950
2951
2954
2956
2957
2959
2962
2965
2970
2973
2975
2978
2981
2983
2984
2990
2994
2998
3001
3006
3012
3019
3021
3025
3026
3034
3035
3043
3044
3045
3047
3051
3056
3059
3061
3063
3064
3068
3069
3070
3073
3080
3088
3089
3091
3092
3096
3105
3108
3109
3110
3112
3113
3114
3115
3128
3131
3136
3141
3147
3156
3163
3164
3165
3166
3172
3176
3179
3180
3183
3185
3187
3196
3198
3199
3201
3202
3204
3206
3207
3212
3213
3217
3219
3220
3231
3235
3238
3239
3240
3252
3257
3258
3263
3264
3265
3266
3267
3271
3272
3276
3279
3280
3281
3285
3290
3292
3301
3306
3309
3310
3311
3312
3314
3316
3318
3319
3322
3324
3331
3340
3342
3346
3351
3354
3356
3360
3362
3368
3378
3386
3388
3391
3393
3399
3407
3416
3425
3428
3430
3439
3445
3447
3451
3454
3458
3459
3461
3462
3470
3472
3477
3480
3482
3493
3495
3496
3501
3502
3511
3513
3524
3528
3529
3532
3540
3542
3543
3547
3563
3569
3576
3578
3581
3582
3595
3596
3605
3611
3615
3618
3621
3626
3648
3654
3656
3660
3662
3669
3671
3674
3676
3684
3685
3686
3687
3690
3696
3709
3714
3724
3728
3731
3732
3740
3745
3754
3755
3756
3762
3766
3768
3770
3775
3776
3777
3780
3784
3790
3791
3794
3795
3796
3799
3800
3801
3802
3803
3807
3811
3813
3814
3817
3822
3823
3832
3836
3839
3843
3844
3847
3848
3849
3858
3859
3862
3873
3874
3878
3882
3886
3888
3889
3899
3900
3904
3905
3907
3910
3921
3926
3929
3933
3939
3947
3949
3952
3954
3955
3957
3960
3965
3966
3967
3976
3982
3990
3993
3995
3996
3999
4000
4005
4007
4008
4010
4011
4014
4018
4021
4023
4024
4025
4029
4037
4041
4045
4046
4047
4049
4054
4061
4068
4070
4072
4073
4075
4078
4081
4083
4086
4090
4092
4095
4096
4097
4099
4101
4103
4104
4108
4109
4110
4112
4114
4116
4119
4123
4124
4126
4128
4129
4130
4131
4132
4134
4135
4136
4138
4140
4146
4149
4152
4155
4157
4158
4159
4160
4162
4165
4166
4167
4169
4170
4174
4175
4176
4177
4178
4179
4180
4181
4183
4186
4187
4188
4192
4199
4200
4201
4203
4204
4205
4208
4213
4214
4216
4218
4220
4223
4224
4232
4233
4234
4235
4236
4240
4250
4251
4252
4254
4256
4259
4261
4268
4272
4273
4276
4281
4282
4286
4287
4289
4291
4292
4295
4302
4304
4306
4308
4309
4312
4313
4314
4315
4316
4318
4323
4324
4326
4329
4333
4335
4338
4341
4346
4347
4352
4353
4355
4356
4358
4359
4372
4373
4376
4380
4389
4391
4393
4395
4403
4409
4410
4412
4413
4417
4422
4423
4424
4435
4436
4441
4446
4447
4448
4452
4453
4454
4455
4459
4460
4462
4463
4465
4467
4470
4472
4475
4476
4479
4480
4487
4489
4491
4493
4495
4496
4497
4498
4499
4500
4503
4504
4514
4515
4516
4520
4521
4525
4531
4533
4534
4543
4544
4545
4552
4556
4559
4560
4561
4564
4566
4569
4570
4572
4574
4575
4580
4581
4582
4584
4585
4587
4588
4591
4593
4599
4604
4606
4610
4611
4614
4615
4616
4618
4621
4624
4625
4627
4628
4631
4636
4642
4646
4649
4656
4657
4663
4667
4668
4671
4683
4691
4693
4696
4701
4703
4708
4710
4712
4716
4719
4722
4733
4736
4738
4739
4745
4746
4754
4758
4761
4763
4766
4767
4771
4775
4776
4781
4783
4789
4792
4795
4797
4799
4801
4803
4804
4805
4807
4809
4810
4811
4816
4819
4820
4821
4822
4823
4825
4826
4828
4837
4838
4840
4842
4843
4845
4848
4849
4850
4851
4852
4858
4859
4860
4861
4862
4870
4875
4876
4880
4882
4887
4888
4890
4892
4893
4896
4899
4901
4905
4907
4908
4910
4912
4914
4920
4921
4922
4923
4929
4931
4932
4934
4935
4937
4941
4943
4944
4947
4973
4977
4980
4984
4996
4998
5005
5007
5012
5013
5014
5016
5017
5018
5021
5024
5025
5030
5033
5038
5047
5048
5051
5053
5054
5057
5061
5063
5068
5070
5072
5076
5081
5082
5083
5084
5089
5094
5095
5096
5097
5100
5103
5105
5111
5117
5118
5122
5129
5135
5139
5146
5147
5149
5152
5154
5161
5163
5165
5175
5177
5182
5185
5191
5195
5197
5199
5202
5203
5207
5211
5215
5218
5221
5225
5226
5227
5232
5233
5234
5237
5239
5243
5244
5248
5251
5254
5258
5262
5263
5264
5266
5268
5273
5275
5277
5280
5290
5292
5303
5304
5305
5313
5326
5330
5340
5362
5368
5378
5386
5387
5389
5405
5414
5424
5430
5433
5437
5439
5442
5444
5451
5452
5458
5463
5471
5480
5495
5496
5499
5500
5507
5508
5514
5517
5520
5521
5523
5524
5528
5530
5534
5536
5540
5543
5547
5550
5551
5552
5553
5554
5555
5562
5565
5568
5569
5570
5577
5578
5579
5582
5584
5589
5590
5591
5595
5596
5601
5606
5607
5608
5609
5613
5616
5620
5622
5626
5628
5630
5634
5635
5637
5639
5642
5645
5647
5653
5654
5656
5663
5665
5668
5671
5673
5674
5676
5678
5682
5690
5691
5693
5696
5699
5700
5701
5707
5708
5718
5719
5723
5724
5726
5727
5743
5744
5747
5751
5754
5755
5757
5760
5761
5764
5766
5767
5769
5772
5778
5780
5782
5783
5788
5795
5803
5805
5806
5809
5820
5821
5825
5826
5829
5830
5831
5836
5838
5840
5841
5842
5848
5862
5863
5868
5869
5871
5874
5877
5881
5894
5895
5896
5898
5899
5900
5901
5907
5912
5916
5918
5921
5927
5931
5933
5939
5941
5953
5957
5959
5962
5963
5970
5973
5975
5979
5981
5982
5983
5996
6000
6006
6015
6018
6019
6023
6025
6026
6034
6039
6044
6045
6046
6050
6051
6052
6054
6056
6058
6060
6064
6067
6074
6075
6080
6090
6093
6095
6103
6113
6116
6118
6119
6121
6123
6125
6127
6131
6132
6137
6140
6153
6156
6160
6161
6164
6172
6174
6183
6184
6185
6192
6193
6194
6197
6199
6200
6202
6206
6210
6217
6219
6223
6227
6233
6237
6243
6246
6248
6251
6252
6254
6255
6263
6266
6270
6278
6281
6284
6285
6286
6288
6291
6292
6296
6299
6309
6320
6334
6337
6342
6343
6344
6347
6352
6355
6374
6375
6384
6385
6386
6387
6390
6392
6394
6395
6397
6399
6405
6411
6412
6414
6415
6417
6418
6424
6426
6432
6435
6438
6439
6444
6447
6451
6453
6456
6457
6458
6459
6467
6468
6472
6475
6476
6481
6482
6485
6488
6490
6492
6493
6494
6497
6498
6501
6502
6503
6504
6505
6506
6509
6512
6515
6520
6521
6523
6525
6528
6529
6533
6534
6535
6538
6539
6540
6544
6550
6551
6552
6556
6557
6559
6560
6565
6569
6573
6578
6580
6581
6584
6585
6587
6591
6597
6601
6602
6603
6607
6608
6610
6614
6617
6618
6620
6622
6624
6626
6627
6628
6630
6632
6634
6639
6640
6642
6643
6646
6647
6649
6652
6662
6663
6666
6669
6676
6678
6679
6681
6682
6686
6688
6695
6696
6700
6702
6704
6706
6707
6708
6709
6712
6713
6715
6717
6718
6719
6723
6724
6730
6733
6737
6747
6748
6753
6756
6758
6762
6765
6767
6769
6770
6772
6776
6779
6786
6789
6792
6801
6808
6810
6813
6814
6823
6827
6830
6833
6835
6836
6837
6840
6844
6845
6859
6860
6861
6862
6863
6865
6869
6870
6873
6874
6875
6877
6878
6879
6881
6882
6883
6886
6890
6891
6892
6893
6894
6896
6897
6898
6899
6908
6913
6914
6916
6917
6919
6920
6922
6925
6931
6933
6934
6936
6952
6956
6958
6961
6970
6972
6976
6977
6986
6993
6995
7005
7013
7022
7023
7032
7040
7046
7049
7054
7056
7063
7070
7072
7074
7093
7094
7097
7099
7107
7111
7119
7120
7124
7134
7195
7221
7238
7269
7276
7307
7331
7356
7359
7361
7383
7390
7392
7469
7506
7521
7537
7538
7562
7576
7579
7580
7581
7583
7584
7588
7590
7593
7595
7603
7612
7615
7616
7617
7618
7620
7622
7626
7639
7641
7646
7648
7649
7657
7662
7663
7668
7672
7673
7680
7681
7682
7695
7716
7718
7725
7728
7731
7733
7738
7742
7746
7750
7756
7757
7766
7776
7777
7781
7783
7788
7796
7805
7811
7824
7826
7832
7837
7839
7842
7845
7850
7851
7853
7855
7859
7870
7872
7885
7886
7891
7893
7899
7901
7905
7915
7921
7930
7935
7938
7939
7941
7946
7953
7956
7960
7963
7966
7971
7979
7980
7992
7995
8000
8007
8015
8020
8025
8028
8034
8035
8036
8037
8042
8047
8049
8061
8062
8063
8067
8072
8080
8087
8088
8097
8099
8101
8102
8112
8124
8127
8133
8154
8165
8166
8169
8173
8174
8183
8185
8187
8188
8193
8198
8201
8203
8206
8208
8217
8218
8222
8223
8225
8230
8233
8237
8239
8256
8258
8264
8271
8277
8278
8280
8282
8297
8299
8301
8305
8309
8317
8320
8321
8326
8327
8330
8341
8356
8357
8358
8361
8365
8368
8373
8381
8383
8390
8395
8400
8401
8405
8414
8416
8422
8424
8429
8434
8436
8437
8439
8442
8443
8449
8451
8453
8459
8464
8465
8466
8481
8482
8495
8501
8505
8519
8523
8526
8535
8538
8539
8559
8560
8570
8571
8575
8577
8578
8579
8583
8590
8591
8594
8597
8599
8601
8605
8612
8627
8629
8637
8642
8647
8649
8652
8656
8657
8662
8663
8664
8667
8670
8671
8674
8678
8679
8680
8688
8691
8695
8699
8701
8702
8704
8706
8711
8723
8732
8743
8745
8746
8752
8754
8757
8759
8760
8761
8764
8775
8776
8780
8782
8790
8794
8798
8801
8805
8807
8812
8814
8827
8835
8844
8847
8854
8878
8879
8886
8894
8901
8903
8909
8910
8913
8915
8916
8920
8922
8930
8932
8935
8940
8942
8944
8945
8948
8951
8953
8959
8960
8961
8969
8975
8976
8981
8983
8989
8990
8999
9005
9014
9018
9033
9035
9041
9043
9063
9065
9066
9075
9102
9104
9111
9117
9127
9140
9169
9181
9183
9184
9187
9188
9192
9195
9205
9210
9211
9219
9220
9229
9231
9232
9242
9246
9252
9255
9256
9265
9266
9283
9286
9304
9305
9307
9308
9312
9317
9319
9325
9328
9331
9361
9367
9369
9372
9379
9381
9387
9394
9396
9399
9400
9404
9406
9418
9434
9438
9453
9454
9458
9467
9469
9481
9490
9494
9497
9498
9499
9500
9506
9511
9516
9518
9519
9520
9524
9527
9531
9533
9538
9546
9550
9555
9557
9558
9561
9563
9571
9573
9574
9577
9584
9587
9590
9591
9592
9603
9607
9609
9614
9621
9631
9632
9634
9656
9664
9678
9682
9689
9695
9703
9709
9710
9727
9730
9732
9733
9736
9742
9743
9745
9757
9758
9765
9773
9774
9778
9784
9786
9788
9791
9792
9794
9800
9807
9813
9818
9823
9841
9842
9853
9856
9860
9868
9888
9892
9898
9901
9912
9917
9924
9925
9930
9932
9936
9939
9944
9945
9947
9970
9973
9980
9981
9990
9998
10001
10004
10008
10015
10016
10022
10023
10024
10026
10029
10031
10034
10038
10040
10048
10052
10054
10060
10065
10069
10070
10089
10090
10115
10125
10126
10128
10130
10131
10132
10134
10147
10152
10155
10156
10170
10177
10181
10184
10186
10192
10201
10203
10204
10209
10211
10223
10226
10232
10235
10238
10242
10245
10258
10261
10266
10267
10268
10270
10272
10276
10280
10281
10282
10283
10286
10290
10292
10293
10296
10298
10302
10304
10305
10306
10308
10312
10318
10321
10327
10329
10334
10339
10346
10348
10349
10352
10353
10354
10355
10357
10359
10360
10364
10368
10370
10371
10375
10381
10384
10388
10396
10397
10398
10399
10401
10404
10410
10413
10419
10424
10427
10428
10449
10451
10453
10454
10456
10458
10459
10463
10465
10468
10470
10475
10476
10479
10480
10484
10486
10490
10491
10492
10494
10497
10500
10501
10502
10504
10505
10511
10512
10515
10517
10522
10530
10536
10539
10542
10546
10550
10554
10558
10560
10562
10567
10569
10570
10572
10578
10579
10588
10589
10592
10599
10600
10606
10607
10613
10626
10633
10635
10638
10639
10640
10645
10655
10708
10745
10747
10753
10776
10781
10792
10799
10801
10832
10860
10864
10877
10886
10888
10894
10896
10897
10907
10919
10928
10937
10947
10957
10971
10983
10991
10999
11000
11003
11029
11031
11046
11047
11049
11069
11071
11075
11088
11093
11096
11100
11106
11107
11131
11133
11157
11161
11173
11179
11180
11187
11188
11205
11209
11212
11214
11230
11234
11238
11239
11243
11250
11257
11260
11263
11265
11269
11272
11273
11282
11283
11295
11300
11304
11307
11308
11321
11322
11326
11328
11329
11332
11354
11355
11356
11360
11361
11364
11367
11373
11377
11378
11383
11385
11388
11389
11394
11396
11398
11399
11402
11404
11408
11412
11413
11415
11416
11424
11426
11428
11429
11435
11436
11438
11441
11447
11453
11459
11468
11471
11478
11489
11497
11511
11512
11514
11518
11525
11535
11536
11539
11542
11543
11549
11550
11551
11556
11557
11564
11565
11570
11573
11577
11582
11589
11592
11596
11598
11599
11610
11613
11635
11639
11642
11645
11647
11656
11657
11658
11661
11667
11673
11675
11677
11681
11688
11691
11696
11697
11699
11705
11707
11711
11714
11716
11721
11727
11733
11734
11740
11745
11749
11751
11753
11757
11758
11759
11762
11765
11767
11772
11775
11786
11788
11789
11798
11801
11806
11809
11811
11814
11818
11826
11835
11847
11848
11851
11857
11861
11864
11867
11872
11876
11878
11881
11884
11889
11894
11897
11902
11905
11907
11909
11915
11917
11922
11923
11934
11938
11939
11940
11948
11966
11967
11968
11974
11977
11978
11979
11980
11987
11993
11998
12004
12005
12015
12016
12017
12018
12020
12022
12024
12025
12026
12027
12032
12033
12040
12042
12045
12046
12050
12052
12053
12075
12085
12088
12100
12113
12115
12118
12119
12125
12127
12129
12139
12143
12148
12149
12159
12160
12162
12170
12171
12175
12187
12190
12193
12194
12201
12208
12211
12213
12225
12226
12229
12231
12233
12242
12243
12246
12247
12249
12254
12268
12271
12272
12274
12276
12282
12287
12293
12300
12303
12306
12316
12320
12321
12322
12326
12331
12332
12336
12339
12342
12343
12345
12357
12362
12369
12370
12374
12376
12377
12378
12380
12382
12388
12393
12400
12402
12404
12406
12411
12413
12421
12422
12425
12426
12438
12440
12443
12445
12452
12454
12460
12472
12473
12474
12475
12476
12478
12484
12485
12487
12488
12489
12495
12497
12498
12501
12518
12523
12526
12531
12541
12549
12559
12568
12577
12587
12588
12589
12591
12594
12603
12625
12645
12647
12649
12664
12669
12673
12674
12675
12677
12678
12680
12682
12689
12692
12695
12700
12701
12703
12706
12707
12717
12731
12740
12747
12750
12752
12757
12764
12771
12776
12779
12783
12790
12793
12795
12798
12801
12802
12810
12818
12826
12829
12836
12838
12839
12848
12860
12861
12868
12878
12881
12884
12886
12887
12888
12892
12893
12894
12900
12904
12905
12922
12930
12931
12933
12935
12938
12941
12950
12953
12961
12963
12964
12967
12976
12980
12983
12987
12990
12994
12996
12998
12999
13005
13022
13026
13029
13030
13036
13041
13042
13045
13049
13051
13054
13055
13064
13067
13074
13076
13079
13080
13081
13082
13085
13090
13094
13095
13096
13098
13099
13100
13105
13106
13107
13110
13112
13115
13120
13121
13122
13123
13124
13125
13126
13127
13128
13129
13130
13133
13137
13139
13145
13146
13148
13152
13155
13161
13162
13165
13166
13172
13173
13176
13181
13183
13184
13185
13187
13188
13192
13194
13196
13197
13201
13203
13204
13206
13211
13218
13220
13221
13226
13228
13230
13231
13232
13233
13234
13238
13239
13240
13242
13243
13244
13247
13248
13250
13254
13255
13258
13260
13264
13266
13274
13275
13279
13282
13287
13307
13308
13313
13316
13320
13322
13327
13331
13341
13342
13343
13344
13347
13351
13353
13359
13361
13362
13369
13371
13373
13374
13375
13379
13390
13392
13393
13398
13401
13404
13408
13414
13416
13417
13420
13421
13427
13428
13430
13438
13440
13444
13454
13459
13462
13467
13470
13472
13474
13475
13478
13479
13480
13481
13484
13485
13491
13492
13494
13497
13498
13500
13507
13508
13509
13513
13515
13518
13529
13532
13533
13537
13551
13554
13558
13559
13560
13561
13567
13568
13569
13571
13576
13579
13581
13585
13586
13588
13589
13590
13600
13604
13610
13613
13624
13626
13627
13630
13633
13642
13643
13645
13647
13648
13651
13656
13658
13659
13664
13665
13666
13667
13669
13671
13672
13673
13675
13677
13682
13686
13694
13695
13699
13703
13706
13714
13718
13719
13728
13732
13733
13738
13740
13755
13758
13762
13766
13767
13769
13778
13786
13788
13793
13794
13804
13806
13813
13814
13816
13818
13822
13829
13845
13846
13847
13850
13851
13860
13865
13868
13874
13876
13878
13879
13881
13884
13888
13889
13891
13894
13895
13896
13901
13903
13906
13908
13911
13915
13917
13920
13921
13922
13923
13926
13929
13938
13943
13944
13945
13946
13948
13950
13952
13955
13956
13957
13962
13964
13965
13974
13976
13977
13981
13984
13987
13991
13994
13998
14000
14001
14004
14011
14013
14014
14015
14031
14033
14034
14035
14036
14037
14038
14039
14042
14043
14046
14048
14051
14052
14053
14066
14067
14068
14070
14071
14074
14075
14076
14078
14080
14084
14085
14087
14088
14089
14090
14093
14097
14098
14102
14105
14109
14120
14122
14126
14128
14129
14130
14131
14133
14134
14137
14141
14142
14144
14147
14148
14149
14153
14154
14155
14162
14166
14168
14170
14172
14173
14174
14178
14179
14180
14185
14199
14200
14201
14202
14203
14205
14207
14211
14215
14218
14227
14229
14236
14237
14240
14247
14249
14250
14252
14253
14255
14256
14257
14260
14262
14263
14270
14271
14273
14274
14279
14280
14281
14282
14283
14284
14287
14291
14292
14293
14294
14295
14296
14298
14301
14306
14307
14308
14309
14312
14313
14314
14317
14318
14321
14322
14325
14327
14328
14329
14331
14332
14333
14335
14343
14344
14345
14348
14349
14350
14355
14357
14360
14363
14367
14368
14370
14372
14375
14376
14377
14382
14385
14394
14397
14400
14402
14425
14427
14428
14432
14437
14439
14440
14441
14444
14446
14450
14451
14453
14454
14458
14459
14460
14461
14464
14467
14470
14471
14472
14473
14476
14477
14479
14489
14492
14496
14499
14500
14501
14504
14505
14506
14508
14511
14514
14516
14517
14522
14523
14525
14526
14537
14539
14548
14554
14557
14561
14568
14569
14570
14571
14575
14578
14581
14587
14589
14592
14602
14606
14608
14611
14612
14613
14616
14628
14630
14632
14633
14635
14640
14641
14642
14648
14652
14654
14655
14657
14666
14672
14674
14681
14682
14689
14690
14695
14696
14697
14698
14699
14703
14704
14706
14709
14710
14726
14729
14730
14731
14734
14736
14739
14740
14744
14745
14753
14755
14760
14762
14766
14776
14777
14780
14781
14783
14790
14792
14797
14799
14805
14810
14813
14816
14818
14822
14823
14824
14826
14827
14828
14829
14830
14832
14834
14841
14842
14843
14844
14847
14850
14851
14853
14854
14855
14856
14857
14858
14860
14861
14862
14867
14869
14873
14874
14875
14877
14878
14879
14880
14883
14885
14886
14888
14889
14891
14894
14895
14896
14899
14901
14902
14904
14910
14914
14915
14916
14917
14918
14923
14924
14925
14928
14929
14930
14931
14932
14936
14937
14939
14940
14945
14946
14949
14950
14951
14953
14954
14956
14959
14961
14962
14969
14970
14974
14980
14981
14986
14992
14995
14997
15000
15004
15007
15012
15013
15019
15022
15023
15029
15030
15032
15033
15035
15036
15037
15038
15039
15041
15043
15044
15049
15052
15055
15061
15062
15063
15068
15070
15072
15073
15075
15076
15078
15080
15083
15091
15096
15098
15099
15100
15107
15109
15110
15115
15117
15118
15122
15125
15126
15127
15128
15130
15132
15138
15140
15143
15145
15148
15149
15158
15159
15162
15165
15178
15189
15193
15196
15197
15198
15199
15203
15206
15207
15209
15212
15215
15219
15222
15224
15228
15232
15233
15235
15237
15238
15240
15241
15244
15247
15248
15251
15255
15257
15260
15261
15264
15265
15267
15278
15282
15285
15286
15288
15289
15292
15300
15301
15315
15316
15318
15319
15324
15326
15329
15331
15333
15335
15337
15339
15340
15341
15345
15348
15349
15352
15353
15354
15355
15356
15365
15368
15373
15374
15376
15377
15380
15383
15384
15385
15387
15389
15390
15393
15394
15396
15397
15398
15400
15402
15404
15406
15409
15410
15411
15412
15413
15421
15425
15427
15428
15429
15432
15433
15436
15437
15438
15439
15447
15448
15455
15456
15457
15458
15459
15465
15466
15468
15471
15475
15476
15479
15481
15484
15485
15486
15487
15489
15491
15492
15495
15496
15498
15501
15504
15508
15511
15515
15518
15526
15527
15532
15535
15537
15540
15542
15547
15556
15561
15566
15568
15573
15576
15577
15578
15579
15580
15582
15583
15586
15587
15588
15589
15590
15593
15594
15596
15597
15598
15599
15600
15601
15602
15604
15606
15609
15611
15612
15615
15617
15619
15620
15622
15624
15626
15628
15629
15630
15631
15632
15635
15638
15641
15643
15646
15647
15648
15650
15652
15653
15657
15658
15663
15664
15666
15674
15675
15683
15685
15686
15687
15688
15689
15690
15691
15692
15693
15696
15697
15699
15700
15701
15702
15703
15704
15705
15706
15708
15709
15714
15715
15718
15722
15723
15728
15729
15730
15731
15732
15733
15734
15736
15737
15738
15739
15740
15742
15743
15744
15745
15747
15748
15749
15750
15751
15753
15754
15755
15756
15757
15758
15760
15762
15763
15765
15768
15770
15771
15772
15773
15774
15776
15777
15778
15779
15781
15789
15794
15795
15796
15802
15806
15811
15812
15815
15817
15818
15820
15825
15827
15831
15832
15834
15836
15837
15838
15843
15844
15845
15850
15851
15853
15854
15855
15857
15861
15862
15863
15866
15869
15870
15874
15875
15878
15886
15888
15890
15897
15899
15900
15901
15904
15908
15909
15910
15911
15916
15917
15919
15921
15923
15927
15929
15930
15932
15933
15937
15939
15940
15942
15944
15948
15952
15956
15958
15959
15962
15964
15969
15973
15977
15978
15979
15980
15982
15983
15985
15988
16003
16005
16008
16009
16011
16012
16015
16018
16019
16020
16023
16030
16033
16034
16035
16036
16038
16040
16041
16046
16048
16049
16050
16052
16059
16060
16065
16067
16068
16069
16071
16074
16075
16077
16078
16081
16082
16083
16084
16086
16093
16095
16098
16102
16110
16112
16119
16125
16135
16136
16139
16143
16144
16148
16153
16157
16158
16169
16179
16181
16182
16189
16191
16192
16195
16196
16204
16208
16210
16211
16214
16216
16221
16222
16223
16226
16230
16232
16233
16237
16239
16240
16243
16245
16248
16252
16254
16255
16260
16262
16263
16269
16271
16274
16275
16276
16280
16284
16287
16291
16292
16294
16296
16302
16303
16306
16307
16314
16316
16319
16322
16323
16324
16331
16332
16333
16334
16337
16338
16341
16343
16348
16354
16360
16361
16364
16367
16370
16371
16379
16381
16386
16388
16393
16396
16411
16414
16417
16418
16421
16425
16427
16428
16434
16436
16441
16443
16451
16452
16454
16456
16457
16460
16461
16462
16467
16479
16483
16484
16494
16501
16517
16520
16525
16528
16554
16556
16564
16565
16567
16568
16575
16578
16580
16592
16594
16596
16598
16610
16627
16640
16651
16656
16660
16662
16674
16675
16693
16695
16698
16708
16713
16722
16730
16732
16735
16738
16742
16743
16747
16749
16750
16751
16753
16761
16763
16770
16777
16782
16806
16808
16809
16810
16814
16819
16823
16824
16828
16837
16838
16842
16847
16860
16865
16866
16871
16876
16882
16885
16887
16889
16893
16910
16913
16915
16917
16924
16925
16928
16930
16934
16937
16956
16957
16963
16980
16984
16985
16986
16987
17033
17035
17037
17042
17049
17055
17063
17067
17070
17072
17073
17077
17078
17079
17082
17090
17098
17107
17113
17115
17123
17126
17129
17139
17142
17145
17149
17151
17154
17155
17165
17169
17176
17177
17179
17183
17185
17188
17191
17192
17193
17197
17198
17199
17203
17212
17213
17217
17219
17220
17222
17224
17226
17227
17228
17238
17244
17250
17251
17256
17262
17263
17265
17272
17275
17277
17278
17283
17289
17302
17309
17315
17318
17321
17331
17337
17342
17345
17349
17354
17356
17357
17360
17364
17369
17370
17376
17379
17387
17391
17405
17411
17420
17422
17427
17430
17445
17449
17453
17458
17459
17473
17477
17504
17511
17515
17522
17531
17540
17546
17551
17553
17556
17559
17564
17569
17571
17574
17580
17581
17590
17591
17593
17594
17595
17596
17598
17604
17606
17607
17619
17624
17626
17629
17631
17636
17641
17645
17650
17652
17653
17659
17660
17663
17668
17670
17677
17684
17686
17690
17691
17694
17697
17700
17714
17717
17726
17732
17737
17740
17741
17744
17749
17752
17753
17767
17769
17772
17777
17791
17799
17800
17801
17815
17817
17821
17824
17833
17836
17843
17847
17851
17853
17861
17874
17880
17907
17910
17913
17922
17937
17952
17955
17981
17984
17992
17993
18000
18001
18006
18014
18018
18021
18025
18030
18038
18042
18043
18049
18057
18060
18065
18068
18083
18094
18097
18102
18107
18108
18112
18115
18117
18123
18130
18132
18134
18136
18140
18141
18142
18147
18150
18151
18152
18159
18167
18169
18175
18176
18178
18180
18183
18186
18195
18199
18201
18202
18204
18208
18209
18215
18219
18226
18234
18253
18267
18272
18275
18279
18281
18283
18289
18292
18293
18295
18305
18309
18310
18324
18328
18330
18347
18356
18363
18365
18368
18373
18375
18376
18383
18384
18385
18400
18405
18408
18419
18420
18422
18434
18448
18464
18466
18470
18487
18489
18493
18496
18499
18508
18511
18514
18519
18524
18532
18544
18546
18556
18559
18561
18572
18576
18585
18587
18592
18596
18598
18601
18613
18630
18633
18636
18655
18664
18674
18683
18685
18710
18729
18746
18756
18771
18784
18786
18789
18793
18797
18826
18831
18840
18841
18844
18852
18854
18862
18867
18873
18883
18885
18889
18890
18900
18916
18922
18926
18929
18932
18933
18938
18941
18966
18970
18973
18977
18985
18995
18996
19005
19019
19022
19023
19030
19037
19040
19043
19045
19053
19055
19057
19062
19074
19097
19102
19103
19104
19110
19131
19134
19139
19140
19144
19152
19164
19165
19174
19175
19176
19179
19181
19187
19190
19197
19221
19223
19225
19226
19229
19234
19236
19239
19247
19249
19254
19258
19262
19263
19265
19277
19282
19286
19293
19304
19316
19322
19338
19341
19354
19360
19363
19368
19369
19370
19376
19379
19380
19386
19390
19392
19395
19398
19399
19403
19408
19410
19412
19416
19417
19418
19420
19422
19425
19427
19428
19430
19431
19432
19438
19442
19443
19447
19448
19456
19466
19473
19485
19488
19497
19500
19501
19505
19508
19512
19523
19534
19541
19543
19544
19548
19551
19559
19563
19564
19566
19567
19569
19572
19573
19574
19576
19583
19588
19591
19599
19604
19605
19607
19608
19610
19617
19618
19624
19625
19628
19632
19635
19636
19640
19648
19649
19653
19654
19658
19664
19671
19679
19680
19685
19688
19690
19692
19696
19698
19699
19702
19707
19713
19714
19725
19726
19740
19741
19742
19747
19750
19759
19761
19765
19769
19771
19773
19774
19775
19781
19784
19785
19787
19790
19792
19794
19795
19799
19800
19807
19808
19810
19816
19821
19823
19825
19828
19830
19832
19833
19840
19841
19842
19846
19847
19848
19849
19851
19853
19857
19859
19866
19867
19870
19872
19876
19877
19879
19881
19887
19888
19892
19893
19896
19901
19902
19908
19910
19914
19917
19919
19927
19929
19930
19932
19934
19939
19941
19944
19949
19958
19959
19966
19971
19972
19974
19983
19984
19985
19986
19989
19990
19991
19992
19994
19997
19999
20003
20004
20006
20009
20012
20014
20016
20017
20028
20029
20030
20031
20036
20038
20042
20047
20061
20062
20067
20071
20072
20075
20079
20080
20084
20087
20088
20090
20099
20100
20107
20112
20113
20116
20122
20123
20132
20137
20140
20142
20147
20150
20151
20155
20157
20158
20159
20160
20161
20164
20166
20175
20177
20180
20181
20182
20185
20189
20192
20193
20198
20213
20214
20219
20221
20223
20225
20226
20237
20241
20243
20246
20250
20258
20263
20271
20275
20279
20280
20291
20293
20300
20302
20304
20309
20313
20315
20317
20318
20321
20325
20328
20329
20330
20332
20339
20340
20346
20350
20351
20352
20357
20359
20360
20361
20364
20372
20377
20378
20389
20390
20393
20396
20397
20399
20400
20401
20404
20408
20410
20413
20415
20418
20419
20420
20422
20425
20426
20427
20430
20433
20434
20437
20441
20442
20444
20445
20446
20449
20451
20455
20461
20464
20465
20469
20472
20473
20475
20480
20483
20485
20487
20488
20489
20497
20498
20500
20504
20505
20508
20513
20516
20517
20518
20522
20526
20529
20533
20540
20542
20545
20550
20551
20554
20556
20558
20560
20561
20567
20568
20569
20570
20571
20572
20582
20583
20584
20591
20592
20593
20600
20611
20612
20613
20618
20621
20624
20629
20632
20634
20635
20637
20638
20646
20647
20650
20652
20654
20656
20658
20664
20668
20680
20682
20688
20689
20690
20691
20694
20706
20707
20719
20724
20726
20727
20733
20734
20737
20739
20740
20748
20751
20757
20758
20762
20767
20769
20791
20794
20795
20799
20802
20807
20823
20827
20828
20830
20831
20835
20838
20843
20848
20850
20851
20852
20853
20860
20862
20864
20866
20872
20874
20878
20883
20890
20897
20898
20907
20909
20910
20911
20913
20915
20918
20920
20922
20928
20929
20932
20933
20937
20938
20939
20941
20942
20944
20948
20952
20953
20955
20957
20964
20967
20970
20977
20980
20981
20986
20988
20994
20997
20999
21000
21017
21022
21023
21024
21027
21028
21040
21041
21046
21048
21050
21056
21057
21063
21069
21072
21083
21084
21086
21089
21091
21093
21096
21103
21106
21108
21109
21111
21114
21115
21118
21123
21133
21137
21148
21150
21154
21163
21166
21167
21171
21175
21179
21180
21186
21195
21200
21201
21202
21204
21205
21206
21207
21208
21210
21212
21214
21215
21220
21225
21227
21231
21232
21238
21241
21248
21259
21260
21262
21265
21269
21271
21272
21274
21275
21278
21280
21281
21284
21289
21290
21303
21305
21309
21311
21312
21313
21318
21320
21321
21322
21325
21326
21328
21331
21332
21337
21350
21353
21354
21356
21361
21364
21371
21373
21376
21391
21393
21394
21395
21399
21400
21402
21418
21428
21438
21444
21458
21481
21487
21499
21533
21537
21542
21549
21556
21557
21558
21588
21592
21598
21621
21629
21632
21643
21652
21672
21690
21699
21702
21706
21709
21720
21721
21723
21733
21740
21758
21759
21763
21766
21775
21777
21786
21789
21790
21801
21808
21816
21817
21823
21830
21844
21854
21855
21856
21864
21871
21874
21878
21880
21883
21895
21901
21908
21911
21921
21922
21926
21928
21929
21933
21941
21943
21947
21954
21957
21969
21978
21988
21997
22012
22023
22029
22030
22052
22057
22060
22065
22069
22073
22074
22087
22094
22098
22099
22102
22106
22117
22121
22130
22136
22138
22141
22146
22162
22163
22173
22174
22176
22177
22178
22185
22189
22190
22203
22205
22209
22233
22244
22245
22250
22257
22262
22263
22271
22285
22293
22298
22324
22332
22338
22349
22356
22361
22362
22367
22369
22371
22374
22376
22379
22380
22386
22389
22390
22391
22393
22394
22399
22400
22403
22434
22464
22465
22475
22476
22480
22489
22492
22493
22495
22502
22505
22520
22525
22537
22541
22546
22555
22558
22560
22564
22578
22584
22593
22604
22609
22617
22621
22623
22629
22632
22645
22649
22656
22660
22663
22665
22667
22671
22673
22682
22684
22690
22701
22702
22706
22708
22709
22710
22711
22719
22721
22730
22733
22740
22743
22744
22755
22760
22777
22783
22793
22798
22801
22822
22824
22829
22839
22860
22864
22869
22870
22882
22886
22887
22892
22910
22913
22914
22928
22953
22955
22960
22965
22968
22990
22991
22992
22995
23005
23011
23022
23026
23028
23038
23054
23060
23063
23085
23096
23103
23106
23110
23114
23122
23125
23129
23132
23133
23137
23146
23150
23165
23166
23170
23175
23177
23187
23197
23207
23208
23212
23255
23288
23313
23319
23328
23344
23368
23377
23391
23401
23403
23406
23414
23418
23419
23424
23437
23447
23449
23459
23462
23492
23494
23497
23502
23504
23507
23508
23510
23515
23523
23527
23533
23537
23555
23561
23562
23564
23569
23574
23593
23599
23609
23611
23623
23626
23632
23634
23636
23637
23646
23650
23661
23677
23678
23682
23687
23693
23700
23711
23715
23720
23730
23750
23751
23757
23759
23761
23762
23763
23766
23768
23772
23781
23782
23792
23793
23806
23809
23812
23816
23820
23834
23835
23845
23847
23852
23855
23866
23872
23874
23883
23884
23887
23892
23902
23903
23907
23911
23914
23917
23928
23931
23935
23937
23939
23948
23955
23958
23959
23961
23967
23968
23975
23978
23996
24002
24010
24012
24015
24020
24025
24026
24034
24036
24043
24048
24050
24063
24064
24065
24068
24075
24076
24080
24083
24085
24104
24105
24106
24107
24108
24122
24128
24129
24152
24173
24186
24197
24202
24205
24208
24233
24247
24249
24257
24276
24279
24281
24292
24295
24304
24306
24325
24339
24340
24344
24348
24353
24355
24373
24379
24381
24386
24391
24401
24407
24408
24410
24416
24419
24420
24421
24423
24424
24425
24433
24437
24442
24450
24456
24463
24467
24482
24489
24504
24507
24518
24519
24523
24526
24547
24548
24549
24558
24560
24562
24568
24573
24577
24582
24591
24598
24608
24617
24619
24627
24631
24639
24647
24648
24649
24650
24660
24662
24684
24687
24691
24697
24712
24733
24749
24753
24756
24772
24778
24802
24813
24815
24817
24837
24841
24853
24878
24902
24922
24926
24929
24933
24960
24963
24990
24991
25013
25020
25031
25045
25060
25064
25077
25080
25099
25104
25106
25120
25123
25134
25136
25148
25172
25177
25180
25182
25192
25202
25205
25207
25219
25221
25228
25235
25241
25242
25246
25248
25258
25259
25264
25269
25271
25282
25284
25291
25292
25299
25301
25302
25305
25306
25311
25319
25328
25332
25340
25350
25364
25369
25377
25378
25383
25394
25396
25398
25402
25404
25411
25412
25416
25424
25425
25426
25450
25457
25464
25466
25472
25478
25485
25508
25515
25522
25523
25541
25553
25555
25559
25561
25569
25574
25586
25589
25614
25623
25624
25626
25635
25642
25665
25674
25683
25685
25694
25726
25733
25738
25739
25742
25748
25758
25762
25772
25773
25777
25785
25798
25802
25803
25815
25820
25823
25825
25828
25866
25867
25871
25872
25875
25887
25892
25895
25898
25903
25906
25907
25909
25911
25916
25934
25937
25945
25949
25953
25957
25960
25965
25970
25971
25973
25978
25982
25984
25986
25988
25989
26022
26026
26027
26031
26036
26037
26039
26043
26048
26051
26055
26059
26060
26061
26063
26067
26068
26069
26071
26077
26078
26083
26087
26092
26094
26108
26110
26111
26112
26114
26117
26121
26129
26131
26136
26138
26142
26144
26155
26157
26163
26166
26168
26171
26176
26179
26180
26181
26188
26191
26194
26197
26199
26200
26204
26207
26217
26220
26224
26226
26234
26236
26237
26241
26245
26252
26253
26271
26272
26278
26281
26282
26284
26285
26289
26295
26309
26313
26324
26348
26353
26355
26357
26362
26366
26371
26376
26379
26380
26382
26406
26416
26420
26423
26434
26445
26450
26456
26457
26459
26469
26475
26480
26481
26494
26500
26507
26510
26524
26525
26528
26551
26557
26565
26575
26576
26577
26580
26582
26597
26602
26605
26614
26615
26616
26620
26621
26624
26626
26628
26638
26639
26647
26652
26653
26660
26664
26670
26673
26675
26676
26681
26684
26687
26694
26695
26696
26710
26712
26721
26723
26728
26729
26733
26740
26749
26754
26758
26759
26762
26784
26789
26791
26793
26797
26801
26802
26804
26805
26806
26813
26814
26817
26824
26829
26831
26832
26838
26842
26844
26845
26849
26851
26853
26854
26855
26856
26863
26869
26873
26880
26883
26891
26893
26900
26901
26907
26911
26913
26914
26922
26924
26927
26928
26932
26933
26938
26945
26946
26947
26948
26950
26953
26955
26956
26972
26974
26981
26983
26997
26998
27003
27010
27015
27017
27027
27032
27033
27037
27038
27041
27043
27046
27049
27052
27062
27072
27077
27080
27082
27087
27092
27093
27094
27098
27103
27105
27117
27120
27123
27126
27131
27133
27137
27139
27142
27154
27156
27159
27163
27164
27165
27171
27172
27174
27178
27180
27185
27187
27194
27198
27199
27200
27201
27211
27213
27218
27219
27220
27224
27226
27228
27236
27240
27241
27249
27255
27256
27258
27260
27264
27265
27266
27269
27275
27279
27283
27285
27286
27288
27289
27291
27292
27293
27300
27311
27312
27313
27318
27322
27326
27329
27332
27336
27337
27338
27349
27354
27357
27359
27365
27367
27368
27369
27371
27373
27377
27379
27382
27384
27392
27395
27397
27399
27403
27406
27409
27410
27412
27413
27422
27426
27427
27432
27434
27436
27440
27442
27447
27455
27458
27461
27462
27463
27465
27473
27478
27480
27485
27487
27489
27492
27502
27503
27504
27508
27516
27521
27522
27525
27532
27535
27536
27552
27554
27556
27557
27559
27570
27571
27573
27577
27578
27580
27594
27596
27600
27602
27615
27616
27617
27629
27641
27648
27652
27653
27656
27658
27660
27661
27664
27670
27676
27677
27678
27679
27681
27683
27686
27688
27698
27701
27704
27705
27709
27711
27714
27719
27720
27721
27724
27725
27726
27727
27733
27734
27737
27743
27749
27754
27755
27758
27760
27763
27767
27768
27770
27771
27773
27774
27778
27781
27788
27790
27792
27793
27795
27803
27805
27806
27813
27814
27820
27823
27833
27834
27846
27863
27868
27878
27880
27883
27888
27889
27896
27902
27911
27912
27918
27921
27922
27923
27939
27951
27966
27967
27972
27974
27984
27985
27987
27991
27992
27994
28003
28010
28039
28041
28048
28049
28055
28057
28058
28066
28071
28072
28079
28081
28095
28109
28111
28117
28123
28128
28129
28133
28137
28139
28141
28143
28156
28158
28164
28167
28174
28175
28177
28191
28192
28200
28203
28205
28208
28215
28216
28219
28221
28225
28226
28235
28237
28242
28244
28245
28247
28250
28255
28257
28258
28260
28265
28266
28271
28272
28273
28279
28281
28284
28289
28291
28292
28295
28297
28298
28299
28300
28302
28303
28308
28312
28314
28321
28323
28324
28325
28328
28330
28331
28333
28334
28346
28353
28354
28356
28357
28367
28368
28373
28374
28377
28391
28400
28406
28418
28428
28434
28436
28446
28451
28452
28454
28456
28458
28459
28463
28466
28478
28488
28490
28495
28501
28509
28514
28521
28526
28533
28534
28536
28550
28553
28555
28565
28566
28567
28569
28572
28577
28578
28579
28581
28586
28589
28592
28594
28596
28599
28601
28604
28608
28614
28615
28618
28623
28627
28634
28642
28652
28656
28667
28670
28672
28682
28684
28686
28694
28695
28696
28707
28709
28713
28714
28719
28722
28723
28730
28732
28737
28739
28744
28745
28751
28756
28758
28760
28764
28767
28769
28796
28802
28805
28820
28824
28831
28849
28851
28865
28866
28872
28876
28879
28884
28890
28900
28931
28947
28951
28965
28971
28989
28998
28999
29002
29004
29008
29013
29014
29015
29020
29021
29022
29023
29024
29032
29040
29062
29068
29082
29086
29097
29103
29105
29106
29112
29119
29122
29123
29126
29135
29154
29157
29160
29167
29169
29174
29175
29177
29186
29195
29196
29199
29209
29210
29211
29212
29229
29233
29243
29244
29253
29257
29263
29269
29270
29287
29300
29305
29306
29309
29313
29317
29322
29324
29345
29350
29358
29361
29372
29379
29383
29386
29395
29397
29417
29422
29423
29427
29444
29460
29474
29481
29482
29499
29503
29507
29521
29529
29544
29548
29550
29562
29564
29572
29577
29579
29585
29589
29599
29600
29602
29608
29612
29616
29628
29635
29650
29652
29655
29657
29658
29669
29671
29687
29691
29714
29726
29745
29758
29773
29776
29779
29798
29804
29864
29878
29879
29886
29895
29919
29934
29961
29963
29978
29990
30004
30010
30027
30032
30039
30041
30047
30057
30058
30061
30075
30079
30080
30081
30083
30096
30097
30106
30123
30124
30131
30144
30150
30158
30159
30161
30167
30170
30176
30180
30191
30203
30207
30234
30236
30247
30272
30294
30315
30317
30323
30330
30335
30356
30366
30397
30403
30453
30473
30498
30505
30507
30518
30547
30550
30555
30560
30570
30576
30577
30582
30590
30596
30600
30639
30641
30644
30655
30675
30682
30693
30700
30704
30711
30714
30715
30724
30739
30770
30777
30790
30791
30793
30798
30811
30816
30829
30833
30840
30848
30850
30860
30871
30874
30887
30916
30924
30972
30987
30992
31011
31016
31017
31022
31036
31052
31053
31062
31071
31076
31081
31088
31097
31107
31108
31111
31115
31125
31146
31159
31160
31163
31171
31173
31176
31181
31193
31198
31205
31214
31219
31227
31231
31235
31239
31241
31243
31244
31246
31250
31251
31259
31269
31273
31275
31276
31285
31288
31296
31299
31300
31303
31310
31312
31316
31322
31329
31336
31338
31340
31351
31354
31361
31367
31371
31373
31374
31377
31383
31388
31391
31392
31397
31398
31407
31410
31413
31416
31417
31427
31429
31431
31432
31439
31440
31447
31454
31457
31461
31462
31466
31469
31470
31471
31475
31477
31479
31484
31491
31496
31497
31504
31505
31508
31510
31511
31517
31521
31524
31527
31528
31529
31532
31533
31538
31540
31543
31544
31545
31546
31547
31551
31557
31559
31560
31563
31570
31571
31574
31578
31579
31580
31586
31590
31595
31598
31600
31610
31612
31622
31627
31630
31633
31637
31638
31640
31642
31646
31647
31663
31665
31666
31677
31678
31683
31685
31686
31690
31692
31695
31696
31700
31708
31709
31711
31713
31723
31726
31727
31730
31733
31734
31735
31740
31742
31743
31745
31753
31757
31763
31764
31770
31771
31775
31777
31785
31794
31795
31804
31807
31808
31819
31825
31827
31829
31833
31834
31838
31842
31843
31849
31850
31853
31858
31870
31872
31876
31882
31888
31889
31891
31892
31898
31902
31903
31913
31918
31926
31941
31952
31956
31959
31967
31969
31975
31981
31986
31987
31989
32014
32019
32023
32027
32040
32045
32051
32057
32059
32060
32078
32085
32092
32095
32096
32097
32099
32101
32102
32113
32124
32127
32134
32136
32144
32146
32153
32155
32164
32167
32174
32178
32180
32187
32196
32208
32210
32212
32214
32217
32235
32248
32251
32260
32263
32265
32274
32283
32286
32298
32302
32305
32307
32312
32314
32324
32335
32337
32354
32369
32379
32383
32388
32393
32397
32401
32402
32404
32409
32410
32415
32417
32424
32426
32442
32448
32458
32461
32464
32469
32473
32476
32479
32481
32482
32489
32494
32495
32497
32499
32515
32521
32527
32531
32534
32540
32551
32557
32558
32561
32575
32577
32587
32589
32593
32598
32606
32608
32613
32621
32631
32640
32641
32656
32662
32663
32665
32683
32693
32699
32703
32710
32714
32723
32726
32732
32737
32741
32742
32747
32751
32757
32758
32789
32799
32804
32815
32819
32824
32827
32831
32834
32839
32841
32843
32847
32848
32852
32856
32857
32859
32865
32868
32875
32880
32890
32900
32903
32909
32910
32922
32924
32930
32940
32943
32949
32957
32959
32961
32962
32964
32977
32983
32989
32997
33006
33007
33012
33018
33019
33028
33030
33031
33035
33041
33042
33052
33055
33056
33061
33067
33068
33071
33076
33077
33083
33090
33094
33096
33100
33107
33119
33147
33155
33156
33167
33170
33171
33174
33175
33176
33180
33182
33185
33191
33204
33206
33211
33214
33215
33216
33221
33226
33229
33238
33243
33249
33252
33254
33257
33261
33264
33266
33270
33277
33278
33290
33295
33299
33302
33305
33306
33313
33314
33317
33324
33325
33329
33330
33332
33334
33335
33336
33337
33339
33340
33341
33343
33345
33354
33355
33363
33368
33374
33381
33383
33384
33389
33390
33391
33395
33397
33409
33414
33417
33421
33424
33426
33428
33430
33434
33435
33437
33441
33447
33458
33461
33464
33467
33472
33481
33484
33485
33487
33489
33491
33495
33498
33499
33503
33506
33507
33509
33512
33515
33520
33523
33526
33531
33533
33534
33537
33538
33549
33551
33552
33561
33565
33575
33577
33596
33609
33614
33625
33626
33629
33633
33638
33639
33641
33643
33645
33648
33653
33654
33660
33663
33664
33674
33675
33681
33684
33690
33693
33696
33698
33700
33706
33710
33719
33725
33727
33729
33732
33735
33738
33739
33741
33743
33745
33747
33749
33753
33755
33761
33767
33770
33773
33780
33787
33795
33797
33802
33805
33810
33811
33816
33819
33823
33827
33829
33830
33832
33841
33843
33851
33853
33854
33859
33870
33881
33885
33891
33894
33896
33897
33901
33903
33904
33912
33914
33915
33921
33922
33923
33927
33932
33938
33940
33942
33945
33947
33948
33955
33964
33972
33973
33974
33975
33981
33996
34000
34009
34013
34016
34017
34024
34030
34032
34034
34039
34041
34045
34057
34060
34062
34071
34078
34088
34100
34105
34108
34115
34121
34122
34123
34133
34139
34140
34142
34143
34149
34198
34210
34249
34286
34297
34323
34328
34330
34343
34346
34351
34354
34367
34372
34384
34391
34397
34400
34409
34410
34411
34422
34426
34459
34477
34486
34490
34493
34513
34521
34533
34594
34607
34612
34619
34623
34625
34633
34641
34643
34644
34646
34654
34664
34670
34679
34688
34691
34702
34709
34718
34721
34726
34728
34729
34731
34744
34749
34754
34757
34764
34769
34770
34782
34785
34786
34793
34798
34802
34820
34837
34842
34844
34849
34860
34862
34871
34878
34884
34885
34890
34899
34906
34908
34913
34922
34924
34931
34938
34941
34951
34954
34961
34969
34975
34980
34990
34992
34993
34998
35000
35002
35005
35015
35018
35024
35037
35038
35044
35045
35048
35052
35054
35055
35068
35071
35082
35083
35091
35099
35101
35107
35108
35109
35111
35115
35117
35129
35133
35139
35147
35156
35175
35184
35198
35199
35205
35214
35220
35227
35247
35251
35269
35272
35274
35297
35300
35302
35307
35313
35325
35406
35422
35431
35440
35441
35454
35468
35486
35493
35502
35511
35512
35518
35526
35527
35535
35537
35549
35552
35558
35562
35573
35577
35592
35595
35597
35598
35605
35617
35619
35624
35628
35629
35632
35645
35646
35648
35650
35661
35662
35663
35666
35669
35675
35681
35682
35684
35689
35694
35708
35729
35732
35746
35768
35777
35846
35854
35855
35913
35922
35956
35967
35998
36000
36003
36006
36025
36027
36033
36037
36039
36046
36058
36061
36062
36065
36066
36081
36086
36098
36102
36103
36106
36107
36118
36128
36130
36138
36140
36149
36160
36162
36164
36174
36176
36181
36197
36201
36202
36206
36222
36223
36228
36238
36248
36249
36252
36254
36270
36279
36286
36293
36297
36303
36304
36305
36313
36323
36325
36327
36328
36331
36332
36337
36345
36362
36363
36368
36381
36388
36395
36403
36404
36405
36409
36411
36438
36450
36453
36457
36463
36468
36475
36479
36480
36482
36484
36487
36489
36492
36494
36499
36503
36504
36514
36519
36522
36524
36533
36543
36548
36549
36556
36559
36564
36567
36575
36581
36583
36584
36586
36592
36595
36598
36599
36603
36606
36614
36621
36623
36627
36631
36637
36640
36641
36644
36651
36652
36656
36664
36672
36676
36681
36685
36687
36689
36693
36697
36699
36700
36703
36704
36706
36714
36717
36722
36723
36729
36731
36732
36735
36739
36743
36745
36752
36753
36755
36756
36758
36763
36770
36772
36787
36790
36791
36792
36796
36802
36807
36811
36825
36832
36834
36841
36842
36843
36845
36847
36848
36850
36852
36857
36859
36860
36862
36867
36868
36871
36872
36874
36878
36881
36882
36883
36884
36886
36889
36893
36896
36898
36904
36909
36919
36920
36924
36926
36938
36939
36940
36941
36943
36949
36954
36956
36962
36969
36972
36976
36977
36980
36985
36986
36988
37007
37013
37016
37017
37023
37029
37030
37031
37033
37034
37035
37038
37040
37043
37045
37050
37051
37052
37054
37057
37058
37062
37065
37074
37079
37081
37095
37096
37104
37107
37111
37123
37125
37140
37155
37160
37164
37166
37174
37178
37184
37189
37191
37192
37193
37202
37204
37222
37224
37231
37234
37245
37248
37250
37256
37261
37270
37291
37292
37294
37297
37298
37305
37307
37309
37310
37312
37313
37318
37322
37324
37328
37329
37332
37334
37337
37338
37339
37341
37343
37346
37347
37348
37349
37350
37351
37355
37364
37365
37369
37374
37378
37383
37392
37395
37403
37406
37410
37411
37420
37430
37436
37438
37439
37443
37453
37462
37464
37465
37467
37468
37471
37476
37478
37479
37480
37481
37501
37503
37505
37513
37526
37540
37558
37566
37567
37570
37571
37574
37578
37579
37582
37583
37584
37586
37588
37589
37591
37597
37598
37612
37614
37615
37616
37624
37625
37630
37632
37633
37634
37636
37640
37651
37652
37654
37657
37658
37660
37661
37662
37666
37667
37668
37669
37670
37671
37672
37673
37674
37676
37680
37681
37689
37692
37694
37695
37697
37699
37701
37703
37709
37711
37712
37713
37716
37719
37726
37727
37729
37733
37742
37745
37747
37749
37750
37753
37754
37756
37758
37759
37767
37771
37773
37775
37778
37781
37783
37785
37788
37789
37794
37798
37799
37803
37804
37806
37807
37808
37809
37810
37813
37817
37823
37824
37826
37828
37834
37835
37841
37843
37846
37847
37849
37850
37857
37860
37863
37868
37871
37876
37880
37882
37884
37889
37891
37893
37895
37898
37900
37904
37911
37912
37916
37917
37918
37919
37920
37921
37925
37929
37930
37931
37939
37940
37942
37943
37944
37946
37952
37953
37954
37957
37958
37961
37964
37968
37969
37970
37975
37979
37981
37982
37984
37990
37994
37997
37998
38005
38012
38014
38023
38027
38028
38029
38030
38031
38034
38042
38044
38045
38048
38052
38055
38056
38057
38059
38065
38066
38073
38077
38078
38079
38083
38089
38092
38096
38099
38103
38110
38125
38127
38129
38134
38135
38138
38139
38152
38155
38158
38159
38164
38169
38176
38181
38189
38191
38196
38200
38204
38205
38206
38207
38210
38213
38216
38218
38220
38221
38225
38227
38228
38233
38241
38244
38246
38247
38249
38251
38254
38256
38259
38261
38262
38267
38271
38276
38279
38284
38289
38290
38292
38296
38304
38306
38307
38320
38321
38324
38329
38331
38334
38337
38339
38343
38347
38349
38352
38353
38356
38357
38358
38362
38364
38367
38368
38371
38375
38380
38387
38391
38392
38393
38396
38398
38399
38402
38404
38407
38408
38413
38415
38422
38427
38428
38434
38436
38437
38438
38440
38444
38445
38446
38448
38449
38451
38456
38457
38461
38463
38465
38467
38473
38479
38481
38483
38485
38487
38490
38493
38498
38500
38502
38507
38508
38510
38516
38518
38524
38525
38532
38536
38541
38544
38546
38548
38549
38553
38555
38563
38565
38568
38572
38573
38574
38575
38579
38586
38590
38596
38598
38604
38605
38609
38614
38615
38616
38622
38623
38627
38635
38640
38642
38643
38645
38649
38664
38668
38670
38673
38681
38687
38693
38696
38700
38702
38711
38716
38719
38720
38722
38724
38725
38726
38730
38731
38733
38734
38738
38740
38748
38749
38751
38753
38756
38758
38759
38760
38763
38764
38766
38767
38770
38771
38772
38774
38775
38776
38778
38779
38780
38782
38784
38785
38786
38787
38789
38793
38796
38799
38801
38809
38812
38814
38815
38817
38826
38829
38830
38831
38833
38834
38837
38841
38842
38843
38845
38846
38853
38854
38855
38856
38857
38859
38861
38862
38866
38871
38873
38874
38876
38877
38878
38880
38881
38883
38884
38893
38894
38895
38896
38898
38899
38903
38905
38909
38910
38911
38913
38914
38915
38916
38917
38918
38923
38927
38929
38931
38934
38936
38937
38944
38947
38952
38955
38963
38975
38977
38978
38981
38986
38988
38992
38993
38995
38997
38998
38999
39001
39002
39003
39005
39007
39008
39009
39010
39013
39014
39018
39019
39021
39023
39028
39031
39034
39035
39036
39038
39040
39041
39042
39043
39046
39047
39051
39056
39057
39060
39061
39063
39066
39068
39070
39071
39075
39078
39086
39087
39089
39090
39092
39094
39095
39099
39105
39116
39120
39126
39129
39132
39137
39140
39141
39142
39146
39149
39153
39156
39158
39160
39161
39162
39164
39165
39166
39171
39172
39173
39180
39182
39184
39185
39188
39189
39190
39192
39194
39195
39200
39201
39202
39204
39209
39210
39211
39215
39217
39218
39219
39222
39225
39226
39228
39231
39233
39243
39244
39247
39248
39250
39253
39256
39257
39260
39261
39264
39265
39266
39267
39270
39272
39274
39277
39280
39281
39289
39290
39295
39296
39300
39301
39302
39303
39305
39307
39311
39313
39316
39317
39326
39328
39330
39333
39336
39338
39340
39342
39343
39348
39349
39355
39360
39362
39367
39369
39372
39373
39375
39376
39377
39380
39381
39384
39388
39394
39395
39396
39397
39400
39403
39406
39409
39414
39415
39416
39424
39426
39428
39429
39430
39431
39433
39442
39451
39454
39457
39459
39460
39462
39467
39468
39469
39471
39475
39476
39477
39479
39481
39482
39483
39486
39487
39494
39497
39501
39502
39510
39512
39513
39515
39516
39520
39521
39522
39525
39527
39528
39529
39534
39537
39538
39539
39544
39545
39546
39548
39549
39550
39552
39554
39555
39556
39559
39563
39568
39572
39573
39574
39576
39584
39587
39588
39590
39593
39596
39597
39600
39604
39606
39611
39619
39624
39626
39631
39633
39635
39637
39644
39648
39650
39654
39659
39661
39662
39664
39667
39668
39670
39671
39674
39682
39684
39685
39687
39691
39699
39705
39706
39713
39718
39720
39721
39724
39725
39727
39728
39733
39736
39737
39738
39741
39745
39746
39754
39755
39757
39761
39763
39769
39770
39774
39776
39780
39781
39792
39794
39796
39802
39808
39809
39813
39816
39822
39827
39828
39829
39837
39841
39842
39851
39864
39865
39869
39873
39876
39882
39883
39884
39888
39891
39893
39897
39900
39909
39918
39921
39924
39925
39940
39948
39949
39956
39959
39970
39971
39973
39978
39980
39983
39986
39989
39993
40003
40005
40006
40007
40010
40021
40023
40024
40029
40032
40040
40042
40045
40046
40047
40050
40057
40059
40060
40061
40063
40064
40069
40077
40083
40084
40087
40090
40102
40108
40109
40110
40114
40120
40126
40132
40133
40140
40145
40149
40157
40158
40159
40162
40168
40170
40178
40188
40190
40194
40200
40201
40203
40208
40210
40216
40218
40224
40229
40233
40238
40241
40245
40247
40248
40259
40264
40269
40273
40275
40276
40281
40283
40287
40292
40293
40295
40300
40301
40310
40313
40316
40318
40320
40321
40323
40326
40327
40330
40331
40334
40335
40338
40343
40344
40346
40347
40351
40353
40355
40356
40357
40360
40364
40365
40366
40368
40369
40374
40375
40378
40379
40385
40393
40397
40403
40406
40410
40420
40422
40427
40438
40439
40447
40449
40458
40464
40467
40472
40475
40502
40503
40506
40508
40512
40517
40520
40525
40531
40534
40535
40536
40540
40547
40553
40554
40561
40566
40573
40575
40585
40593
40597
40600
40601
40613
40615
40620
40624
40626
40633
40636
40645
40647
40651
40655
40656
40658
40661
40667
40669
40672
40676
40680
40689
40690
40695
40700
40704
40706
40709
40710
40720
40723
40724
40731
40734
40738
40739
40741
40745
40753
40754
40755
40758
40759
40762
40765
40770
40771
40773
40775
40777
40781
40782
40783
40787
40789
40793
40794
40796
40797
40804
40805
40807
40820
40829
40830
40832
40833
40835
40840
40842
40852
40861
40862
40864
40867
40874
40881
40885
40888
40895
40899
40900
40906
40908
40910
40918
40920
40921
40922
40923
40925
40927
40932
40934
40935
40936
40943
40947
40948
40949
40953
40960
40962
40963
40966
40970
40978
40979
40985
40988
40992
40996
40998
41000
41003
41010
41012
41013
41015
41018
41022
41024
41026
41029
41033
41036
41037
41040
41041
41045
41048
41051
41052
41054
41055
41057
41058
41064
41066
41070
41080
41081
41083
41093
41095
41098
41099
41100
41102
41104
41105
41113
41114
41116
41117
41119
41122
41123
41125
41126
41127
41128
41134
41136
41137
41139
41142
41147
41151
41155
41156
41157
41158
41159
41161
41163
41165
41166
41167
41168
41170
41171
41173
41181
41182
41184
41189
41192
41196
41197
41202
41203
41206
41207
41213
41217
41221
41224
41225
41226
41227
41228
41233
41239
41242
41243
41246
41253
41259
41264
41265
41268
41270
41271
41282
41283
41285
41293
41294
41301
41305
41309
41310
41321
41330
41332
41335
41338
41339
41350
41370
41373
41379
41382
41391
41392
41393
41394
41395
41397
41407
41409
41410
41411
41413
41416
41420
41422
41424
41426
41428
41432
41435
41439
41443
41446
41447
41451
41462
41468
41469
41470
41475
41479
41480
41483
41485
41487
41488
41492
41496
41498
41501
41504
41505
41507
41508
41510
41512
41513
41514
41519
41525
41526
41530
41532
41534
41536
41541
41545
41546
41552
41553
41559
41562
41563
41564
41567
41570
41573
41575
41576
41586
41587
41589
41591
41592
41596
41598
41603
41604
41606
41607
41610
41613
41617
41620
41629
41630
41634
41640
41641
41646
41652
41654
41662
41665
41666
41673
41676
41682
41684
41686
41688
41689
41692
41693
41696
41700
41701
41710
41713
41715
41722
41723
41727
41729
41733
41734
41735
41740
41745
41750
41753
41755
41757
41758
41759
41761
41767
41771
41772
41773
41775
41780
41782
41783
41785
41791
41794
41798
41799
41801
41808
41815
41824
41825
41826
41830
41831
41832
41834
41836
41839
41850
41852
41856
41858
41859
41862
41868
41872
41873
41875
41876
41877
41881
41882
41883
41884
41886
41887
41888
41889
41892
41895
41897
41899
41901
41902
41905
41906
41907
41908
41909
41913
41917
41920
41922
41925
41927
41928
41929
41933
41938
41939
41941
41944
41945
41946
41951
41952
41962
41963
41964
41966
41968
41979
41987
41989
41990
41996
41997
41999
42001
42009
42012
42013
42014
42016
42017
42020
42025
42027
42028
42030
42031
42038
42039
42040
42041
42044
42045
42046
42053
42054
42059
42061
42064
42066
42074
42075
42076
42077
42079
42080
42082
42085
42086
42087
42101
42104
42107
42112
42113
42118
42120
42123
42127
42128
42130
42135
42136
42137
42146
42148
42150
42155
42159
42160
42161
42164
42165
42167
42168
42169
42171
42174
42176
42177
42184
42190
42193
42196
42198
42200
42201
42202
42206
42207
42212
42214
42215
42217
42227
42229
42230
42233
42235
42236
42238
42240
42247
42250
42253
42256
42257
42266
42267
42268
42270
42271
42274
42280
42281
42282
42283
42285
42287
42289
42293
42294
42299
42300
42303
42312
42315
42316
42319
42320
42322
42323
42324
42325
42331
42332
42333
42338
42342
42349
42353
42363
42366
42367
42372
42375
42376
42378
42381
42385
42387
42389
42391
42392
42393
42394
42395
42396
42398
42401
42403
42405
42406
42407
42410
42412
42414
42415
42417
42420
42421
42424
42425
42427
42428
42429
42430
42437
42440
42441
42443
42445
42452
42454
42460
42461
42462
42467
42468
42471
42473
42478
42482
42490
42492
42494
42495
42500
42509
42517
42520
42521
42531
42533
42538
42546
42547
42549
42551
42552
42555
42561
42562
42565
42566
42567
42569
42571
42572
42575
42576
42578
42582
42583
42589
42591
42593
42594
42595
42596
42598
42601
42603
42606
42607
42611
42613
42614
42617
42619
42623
42624
42626
42630
42632
42638
42643
42651
42654
42656
42659
42663
42666
42670
42672
42678
42685
42686
42690
42691
42693
42698
42705
42709
42710
42717
42724
42727
42729
42731
42733
42735
42737
42738
42740
42741
42742
42744
42745
42746
42750
42751
42752
42758
42759
42763
42765
42767
42769
42771
42774
42775
42786
42787
42796
42798
42801
42802
42803
42810
42812
42813
42814
42815
42817
42819
42820
42821
42823
42829
42836
42837
42843
42846
42849
42850
42869
42873
42881
42884
42896
42897
42899
42909
42911
42922
42925
42929
42930
42931
42933
42934
42935
42936
42937
42942
42945
42947
42948
42950
42953
42954
42959
42967
42968
42972
42974
42977
42978
42981
42984
42986
42991
42995
42999
43004
43009
43012
43014
43021
43024
43027
43028
43033
43034
43035
43041
43045
43051
43055
43059
43062
43064
43067
43070
43072
43073
43080
43090
43101
43102
43113
43115
43124
43127
43135
43137
43138
43142
43155
43164
43169
43170
43171
43177
43189
43190
43191
43193
43197
43204
43205
43217
43222
43224
43241
43258
43259
43264
43275
43293
43295
43317
43321
43325
43326
43328
43339
43340
43342
43344
43346
43350
43353
43356
43359
43361
43363
43367
43374
43379
43386
43391
43392
43402
43404
43408
43434
43435
43437
43438
43439
43440
43443
43445
43449
43451
43453
43463
43467
43468
43472
43477
43479
43483
43484
43489
43490
43494
43500
43502
43506
43511
43513
43516
43520
43521
43523
43527
43531
43540
43542
43544
43547
43551
43553
43555
43559
43560
43563
43564
43565
43568
43572
43580
43584
43590
43591
43597
43600
43601
43603
43604
43608
43611
43620
43631
43634
43635
43640
43648
43650
43655
43664
43670
43676
43679
43680
43683
43684
43685
43688
43693
43695
43696
43698
43702
43708
43709
43712
43719
43726
43730
43748
43755
43772
43774
43793
43795
43808
43811
43817
43834
43843
43852
43859
43866
43875
43915
43918
43920
43929
43946
44050
44062
44092
44106
44153
44175
44218
44253
44273
44284
44333
44334
44335
44336
44360
44373
44378
44381
44394
44403
44407
44408
44419
44420
44453
44483
44501
44508
44515
44522
44525
44546
44548
44583
44585
44595
44604
44640
44643
44644
44647
44652
44696
44700
44704
44706
44708
44722
44763
44809
44810
44823
44840
44848
44862
44867
44886
44896
44904
44909
44918
44919
44921
44926
44928
44938
44944
44950
44956
44960
44978
44984
44987
44988
45012
45023
45034
45038
45043
45046
45052
45057
45098
45103
45133
45138
45157
45163
45171
45185
45254
45505
45524
45593
45704
45708
45715
45727
45730
45734
45737
45765
45771
45776
45786
45788
45792
45793
45803
45805
45812
45830
45836
45855
45863
45871
45883
45885
45890
45896
45897
45911
45912
45918
45939
45951
45956
45959
45973
45979
45985
45988
45995
46003
46006
46009
46018
46024
46030
46052
46057
46060
46065
46077
46080
46089
46094
46096
46100
46101
46116
46126
46129
46133
46140
46143
46144
46154
46156
46162
46206
46209
46218
46224
46239
46241
46245
46249
46250
46253
46254
46257
46263
46265
46270
46275
46276
46288
46293
46311
46313
46319
46325
46328
46330
46338
46339
46341
46345
46348
46351
46355
46358
46359
46380
46382
46387
46468
46477
46512
46588
46691
46702
46703
46705
46706
46708
46716
46732
46740
46744
46752
46757
46772
46775
46777
46779
46781
46785
46788
46800
46803
46807
46808
46809
46810
46811
46817
46822
46823
46844
46847
46856
46867
46874
46876
46880
46883
46884
46890
46895
46906
46920
46939
46958
46969
46976
46990
46993
46998
47001
47015
47027
47031
47038
47043
47046
47078
47087
47106
47116
47117
47133
47142
47146
47149
47171
47173
47174
47219
47231
47239
47246
47251
47252
47254
47256
47259
47260
47274
47283
47286
47298
47299
47301
47308
47314
47317
47331
47339
47343
47344
47352
47353
47355
47356
47362
47364
47365
47366
47371
47372
47376
47381
47382
47391
47411
47417
47430
47444
47447
47454
47456
47458
47466
47469
47471
47472
47477
47481
47493
47494
47505
47525
47532
47538
47540
47548
47558
47559
47569
47576
47578
47579
47580
47581
47593
47594
47603
47604
47605
47606
47616
47618
47622
47627
47629
47634
47638
47642
47645
47649
47653
47662
47667
47672
47678
47684
47692
47695
47697
47699
47702
47703
47706
47713
47719
47732
47737
47745
47748
47749
47750
47755
47758
47759
47760
47764
47772
47773
47774
47777
47779
47781
47782
47783
47786
47787
47791
47794
47795
47797
47799
47804
47805
47806
47807
47814
47815
47816
47817
47818
47823
47826
47827
47828
47834
47835
47841
47849
47850
47852
47859
47860
47865
47866
47867
47868
47869
47870
47872
47874
47876
47877
47878
47879
47880
47882
47885
47889
47890
47892
47896
47902
47905
47909
47910
47912
47918
47919
47921
47922
47924
47928
47930
47933
47935
47936
47938
47940
47943
47946
47947
47952
47955
47956
47958
47960
47961
47962
47963
47969
47970
47973
47975
47976
47977
47981
47984
47986
47991
47994
47998
48000
48001
48002
48007
48009
48010
48011
48013
48014
48015
48019
48021
48022
48024
48025
48026
48031
48034
48037
48040
48041
48042
48045
48046
48049
48054
48055
48056
48061
48062
48064
48070
48075
48078
48084
48085
48087
48090
48093
48094
48095
48096
48098
48100
48102
48103
48105
48108
48111
48112
48113
48117
48118
48119
48120
48121
48124
48125
48128
48129
48135
48136
48137
48138
48139
48143
48144
48148
48150
48151
48156
48162
48165
48171
48172
48175
48177
48178
48181
48184
48188
48189
48192
48193
48194
48195
48197
48200
48204
48206
48209
48212
48214
48218
48227
48229
48230
48232
48234
48235
48236
48241
48244
48245
48262
48263
48274
48275
48276
48277
48278
48281
48282
48285
48286
48287
48292
48295
48297
48300
48303
48306
48310
48314
48321
48322
48323
48327
48328
48332
48333
48336
48338
48339
48340
48342
48348
48350
48351
48355
48357
48359
48365
48366
48367
48372
48374
48377
48380
48383
48384
48386
48388
48390
48396
48398
48399
48402
48404
48406
48408
48413
48417
48419
48420
48423
48424
48426
48427
48428
48430
48431
48432
48439
48444
48459
48465
48471
48481
48484
48495
48497
48503
48511
48513
48514
48518
48519
48525
48528
48548
48561
48567
48571
48577
48578
48579
48591
48597
48599
48610
48616
48620
48626
48628
48631
48633
48636
48638
48644
48646
48652
48656
48658
48662
48663
48665
48668
48671
48672
48678
48684
48685
48694
48697
48699
48702
48706
48708
48715
48721
48723
48728
48732
48736
48737
48738
48739
48746
48751
48752
48757
48761
48762
48767
48768
48780
48781
48786
48788
48790
48794
48795
48796
48797
48798
48801
48802
48803
48804
48805
48808
48809
48810
48811
48818
48819
48820
48828
48829
48830
48841
48843
48848
48850
48852
48855
48856
48857
48858
48860
48861
48864
48865
48866
48876
48877
48878
48879
48885
48890
48892
48898
48902
48906
48907
48908
48912
48919
48922
48925
48928
48930
48932
48937
48938
48949
48953
48954
48955
48957
48959
48982
48990
48994
48996
48997
49001
49004
49005
49011
49013
49014
49015
49022
49026
49027
49028
49029
49030
49033
49035
49037
49043
49044
49046
49048
49050
49729
49792
49959
50288
50741
50877
50921
50926
51230
51362
51409
51527
51633
51678
51945
52033
52057
52532
52569
52960
52961
53156
53706
53762
53772
53774
53873
53908
53926
53942
53976
54026
54081
54082
54085
54120
54276
54387
54420
54456
54494
54585
54614
54648
54656
54672
54674
54724
54743
54748
54775
54792
54796
54798
54808
54809
54818
54870
54874
54899
54912
54933
54934
54952
54956
54981
54993
54999
55002
55010
55024
55038
55050
55051
55069
55090
55104
55111
55112
55126
55159
55225
55244
55274
55276
55277
55294
55316
55319
55324
55325
55335
55354
55368
55372
55373
55386
55387
55389
55404
55461
55493
55495
55535
55537
55538
55541
55578
55580
55585
55618
55645
55664
55714
55717
55722
55743
55758
55786
55809
55818
55826
55829
55833
55840
55843
55854
55875
55879
55896
55899
55901
55947
55996
56018
56046
56051
56076
56093
56114
56137
56195
56218
56266
56285
56294
56312
56313
56314
56329
56360
56377
56412
56427
56431
56443
56498
56503
56513
56522
56534
56554
56562
56568
56617
56622
56629
56633
56636
56670
56671
56672
56686
56725
56752
56770
56783
56846
56849
56870
56871
56904
56905
56916
56934
56957
57005
57017
57047
57048
57053
57061
57072
57075
57091
57132
57146
57148
57151
57158
57168
57169
57172
57175
57179
57182
57185
57186
57191
57198
57199
57208
57213
57219
57227
57232
57243
57246
57251
57252
57260
57271
57275
57280
57281
57282
57292
57296
57298
57310
57319
57326
57328
57334
57388
57394
57396
57400
57403
57412
57424
57431
57434
57447
57448
57449
57460
57464
57466
57481
57484
57487
57495
57499
57502
57504
57507
57520
57534
57538
57547
57552
57553
57555
57556
57568
57571
57573
57575
57598
57600
57604
57616
57628
57629
57635
57638
57640
57685
57686
57702
57705
57718
57737
57739
57753
57758
57774
57786
57787
57789
57791
57804
57812
57816
57832
57837
57848
57864
57875
57882
57887
57893
57901
57904
57911
57912
57915
57933
57935
57938
57958
57960
57962
57972
57976
57978
58005
58007
58008
58009
58010
58017
58036
58041
58054
58058
58061
58076
58083
58086
58097
58102
58106
58107
58117
58151
58179
58207
58272
58289
58300
58327
58346
58353
58361
58381
58396
58398
58415
58434
58437
58494
58549
58590
58616
58659
58667
58679
58748
58776
58791
58799
58806
58899
58951
58971
58973
58977
58990
58995
58999
59035
59062
59087
59129
59130
59134
59144
59145
59161
59162
59166
59175
59285
59309
59323
59326
59346
59388
59427
59442
59496
59520
59524
59538
59540
59542
59545
59548
59582
59585
59604
59640
59651
59655
59661
59662
59682
59709
59714
59721
59756
59782
59783
59804
59805
59813
59869
59870
59902
59919
59929
59934
59936
59970
59971
59979
59992
59993
60035
60047
60073
60123
60124
60141
60219
60220
60249
60252
60253
60256
60257
60269
60276
60296
60308
60323
60324
60326
60332
60336
60346
60355
60357
60362
60363
60430
60440
60449
60459
60471
60472
60515
60520
60536
60539
60542
60543
60565
60588
60589
60599
60624
60644
60659
60683
60695
60704
60715
60726
60736
60763
60768
60775
60787
60807
60816
60819
60848
60862
60868
60876
60878
60891
60897
60899
60901
60914
60920
60923
60940
60942
60951
60954
60959
60967
60977
60987
61000
61009
61025
61028
61031
61042
61054
61073
61079
61085
61091
61102
61117
61123
61152
61158
61190
61212
61236
61240
61255
61275
61285
61289
61292
61306
61322
61348
61353
61354
61373
61393
61397
61404
61415
61424
61427
61444
61446
61449
61459
61513
61520
61523
61533
61556
61591
61711
61742
61794
61922
61945
62057
62074
62154
62157
62175
62304
62329
62451
62460
62562
62563
62606
62615
62623
62669
62670
62690
62708
62755
62769
62795
62810
62827
62834
62900
62915
62916
62992
63020
63038
63145
63199
63206
63238
63246
63258
63281
63295
63358
63399
63406
63448
63503
63573
63594
63617
63679
63732
63740
63746
63822
63827
63857
63877
63935
63986
64054
64058
64121
64153
64237
64271
64296
64340
64377
64403
64441
64522
64527
64648
64693
64713
64721
64722
64741
64788
64828
64833
64929
64935
64954
64955
65012
65023
65086
65100
65134
65135
65142
65201
65294
65318
65343
65360
65417
65455
65522
65530
65585
65642
65737
65774
65880
65884
65909
65917
65935
66054
66067
66085
66128
66131
66193
66216
66296
66371
66394
66443
66462
66498
66526
66569
66625
66658
66740
66804
66813
66881
66980
66985
67002
67033
67037
67042
67050
67068
67080
67093
67107
67140
67176
67181
67182
67244
67277
67294
67305
67344
67361
67391
67406
67420
67425
67457
67460
67463
67501
67549
67551
67559
67617
67635
67662
67682
67688
67702
67711
67712
67715
67732
67741
67743
67755
67770
67789
67790
67798
67816
67818
67830
67853
67873
67952
67972
67977
68005
68016
68106
68124
68131
68150
68167
68185
68215
68219
68234
68270
68363
68454
68489
68585
68597
68715
68782
68822
68823
68840
68866
68877
68878
68921
68947
68995
69037
69299
69434
69500
69501
69512
69553
69626
69651
69785
69864
69874
69947
69997
70000
70033
70299
70357
70402
70416
70423
70569
70590
70608
70656
70681
70728
70732
70767
70862
70927
70967
71101
71151
71152
71200
71270
71310
71493
71566
71598
71835
71836
71892
72116
72205
72236
72282
72299
72343
72351
72373
72446
72512
72645
72679
72824
72909
72942
73007
73035
73044
73088
73113
73133
73253
73278
73283
73298
73376
73420
73422
73722
73730
73781
73835
73854
73876
73902
73931
73953
74051
74074
74103
74110
74218
74250
74269
74271
74309
74327
74328
74336
74354
74365
74374
74388
74468
74486
74511
74604
74605
74616
74629
74664
74677
74687
74698
74721
74739
74743
74746
74755
74794
74808
74809
74845
74925
74962
75097
75116
75197
75198
75274
75341
75356
75452
75495
75589
75602
75612
75628
75633
75704
75720
75756
75765
75793
75806
75835
75862
75868
75898
75911
75970
75977
76004
76045
76076
76186
76207
76248
76264
76270
76289
76306
76359
76381
76400
76414
76440
76464
76477
76506
76507
76547
76552
76556
76560
76581
76588
76616
76633
76638
76652
76674
76710
76746
76785
76797
76818
76900
76912
76940
76941
76942
76976
76979
76983
77001
77038
77050
77061
77081
77082
77095
77162
77178
77363
77387
77395
77441
77466
77514
77526
77601
77609
77689
77690
77710
77732
77769
77771
77806
77825
77831
77843
77852
77879
77911
77912
77927
77949
78000
78001
78027
78045
78069
78076
78108
78112
78126
78133
78172
78174
78205
78209
78212
78224
78233
78235
78238
78249
78251
78253
78279
78284
78298
78302
78313
78320
78323
78325
78362
78365
78367
78384
78397
78399
78417
78419
78430
78431
78434
78443
78451
78455
78457
78471
78475
78510
78520
78533
78547
78564
78580
78582
78609
78617
78628
78638
78643
78671
78678
78692
78695
78720
78769
78782
78786
78805
78829
78836
78846
78861
78903
78927
78938
78954
78968
79006
79009
79056
79074
79079
79086
79113
79118
79139
79162
79176
79181
79188
79206
79213
79218
79219
79224
79236
79240
79241
79243
79253
79255
79280
79284
79285
79287
79296
79338
79378
79438
79476
79482
79512
79534
79543
79570
79584
79613
79614
79644
79660
79661
79673
79705
79713
79716
79721
79727
79762
79768
79791
79827
79890
79907
79940
79944
79964
79971
79976
79980
80000
80034
80038
80052
80054
80064
80101
80114
80141
80157
80180
80199
80205
80234
80243
80304
80310
80322
80323
80340
80344
80356
80368
80384
80401
80405
80437
80440
80441
80442
80451
80453
80455
80458
80464
80472
80476
80510
80516
80518
80519
80534
80555
80574
80599
80601
80616
80670
80681
80686
80690
80691
80713
80727
80738
80749
80750
80760
80782
80801
80810
80811
80832
80842
80847
80852
80861
80865
80866
80871
80892
80902
80927
80942
80948
80949
80952
80977
81005
81014
81021
81040
81041
81056
81058
81060
81062
81095
81107
81111
81117
81126
81160
81161
81193
81208
81231
81233
81236
81263
81301
81321
81322
81368
81419
81462
81466
81506
81507
81536
81544
81550
81555
81568
81587
81594
81603
81613
81640
81665
81700
81726
81744
81757
81797
81804
81824
81829
81839
81867
81894
81900
81902
82004
82029
82047
82082
82084
82106
82193
82215
82266
82292
82306
82307
82323
82343
82382
82388
82430
82447
82457
82545
82563
82565
82584
82590
82596
82597
82619
82628
82641
82654
82677
82697
82705
82708
82710
82712
82720
82724
82731
82734
82736
82755
82768
82786
82787
82794
82801
82809
82813
82816
82823
82831
82857
82866
82882
82899
82902
82906
82938
82942
82965
82983
83000
83005
83009
83017
83019
83029
83052
83061
83066
83068
83088
83089
83097
83108
83118
83121
83144
83147
83159
83167
83178
83188
83194
83197
83215
83217
83258
83272
83274
83297
83302
83312
83342
83351
83356
83383
83405
83463
83464
83469
83489
83509
83522
83535
83583
83584
83585
83763
83829
83856
83869
83898
83901
83929
83951
83955
84000
84013
84033
84094
84097
84106
84327
84408
84422
84466
84478
84491
84552
84555
84593
84601
84644
84649
84667
84678
84724
84744
84791
84798
84805
84821
84870
84921
84932
84933
84972
84996
85003
85090
85111
85115
85207
85249
85250
85275
85290
85386
85406
85422
85458
85485
85511
85585
85625
85723
85782
85789
85964
85980
86022
86033
86035
86049
86119
86167
86308
86426
86451
86468
86482
86487
86491
86517
86524
86536
86561
86564
86565
86566
86589
86612
86623
86663
86664
86712
86714
86715
86741
86752
86778
86841
86871
86876
86999
87010
87019
87020
87021
87031
87079
87105
87136
87138
87177
87232
87267
87285
87292
87308
87316
87365
87430
87431
87468
87497
87593
87631
87635
87652
87653
87694
87742
87785
87798
87817
87829
87841
87879
87880
87903
87956
87977
87983
88003
88013
88060
88107
88151
88183
88193
88283
88290
88348
88349
88399
88400
88419
88445
88463
88469
88472
88491
88492
88505
88513
88553
88569
88632
88674
88725
88738
88868
88920
88954
88955
88978
89024
89036
89084
89103
89106
89110
89133
89204
89205
89247
89248
89252
89265
89281
89359
89378
89385
89471
89472
89474
89476
89506
89516
89517
89546
89547
89567
89582
89596
89629
89640
89689
89748
89765
89767
89799
89800
89823
89839
89851
89852
89876
89961
89966
89979
89998
90004
90085
90094
90132
90154
90217
90272
90312
90332
90367
90372
90386
90425
90433
90435
90453
90459
90477
90481
90505
90506
90525
90533
90535
90537
90543
90572
90643
90652
90656
90685
90691
90699
90739
90811
90820
90826
90836
90840
90851
90852
90899
90920
90924
90928
91058
91064
91065
91101
91198
91204
91214
91227
91241
91255
91278
91295
91356
91382
91442
91471
91516
91577
91579
91643
91653
91694
91700
91702
91849
91869
91871
91921
92070
92129
92157
92183
92202
92209
92233
92248
92249
92300
92425
92497
92652
92885
92973
92987
93013
93062
93114
93218
93324
93330
93350
93363
93385
93403
93600
93660
93740
93790
93791
93830
93859
93861
93911
94063
94119
94124
94164
94192
94226
94254
94269
94277
94288
94289
94324
94333
94374
94377
94395
94413
94444
94446
94464
94475
94483
94491
94492
94494
94560
94566
94594
94630
94644
94660
94680
94682
94712
94749
94760
94761
94766
94773
94787
94817
94825
94834
94856
94884
94885
94897
94907
94917
94919
94928
94930
94933
94947
94955
94973
94974
95000
95024
95114
95157
95183
95193
95215
95228
95244
95250
95277
95287
95313
95315
95317
95338
95364
95394
95462
95561
95569
95579
95683
95748
95758
95785
95803
95868
95931
95985
95997
96008
96042
96075
96087
96091
96108
96112
96115
96120
96134
96135
96168
96196
96205
96222
96247
96251
96327
96356
96437
96441
96462
96468
96476
96521
96545
96546
96603
96621
96622
96709
96715
96730
96732
96735
96754
96796
96808
96822
96834
96871
96882
96906
96929
96942
96993
97001
97028
97102
97103
97111
97128
97165
97180
97187
97201
97213
97232
97272
97273
97298
97313
97327
97344
97369
97406
97420
97464
97487
97489
97495
97522
97543
97566
97569
97601
97630
97648
97671
97705
97775
97795
97839
97906
97916
98016
98067
98095
98136
98195
98196
98217
98258
98271
98279
98318
98409
98423
98450
98474
98481
98500
98524
98563
98594
98602
98625
98639
98702
98713
98744
98745
98847
98848
98860
98920
98946
98981
99003
99007
99032
99035
99045
99066
99079
99100
99120
99134
99173
99175
99189
99289
99337
99406
99439
99524
99536
99552
99582
99627
99656
99658
99668
99682
99722
99756
99767
99801
99844
99845
99846
99867
99878
99900
99918
99925
100022
100081
100098
100131
100134
100285
100292
100326
100346
100351
100363
100373
100414
100415
100423
100439
100450
100456
100524
100542
100558
100562
100577
100611
100646
100664
100668
100694
100704
100717
100742
100747
100759
100775
100779
100791
100796
100828
100837
100846
100854
100864
100871
100886
100957
100963
101009
101011
101063
101076
101097
101103
101119
101204
101214
101228
101247
101251
101257
101258
101272
101274
101282
101283
101292
101317
101345
101390
101405
101412
101417
101428
101435
101471
101484
101493
101497
101503
101525
101532
101545
101558
101566
101580
101629
101642
101710
101746
101833
101864
101900
101911
101945
101959
101980
101987
102070
102127
102128
102139
102157
102160
102171
102187
102191
102193
102206
102225
102226
102227
102236
102238
102243
102245
102262
102265
102271
102276
102286
102293
102312
102321
102322
102333
102335
102338
102367
102371
102373
102382
102383
102417
102418
102423
102464
102469
102483
102486
102493
102499
102529
102541
102547
102562
102568
102593
102597
102620
102643
102665
102670
102673
102698
102699
102737
102757
102772
102785
102789
102805
102806
102821
102832
102853
102857
102863
102870
102884
102890
102910
102914
102922
102937
102939
102963
102976
102982
103009
103016
103019
103030
103032
103036
103045
103052
103069
103075
103082
103090
103100
103115
103121
103126
103127
103135
103149
103168
103172
103176
103182
103187
103188
103190
103206
103208
103212
103214
103227
103229
103231
103233
103236
103239
103242
103245
103248
103269
103273
103281
103290
103303
103305
103323
103342
103361
103367
103374
103379
103408
103448
103473
103496
103519
103540
103554
103560
103591
103596
103631
103632
103637
103683
103703
103773
103782
103811
103818
103843
103848
103865
103866
103922
103932
103944
103967
103996
104020
104042
104048
104060
104078
104151
104152
104196
104241
104343
104388
104404
104405
104414
104420
104464
104496
104499
104502
104530
104535
104566
104602
104612
104616
104630
104639
104771
104825
104839
104876
104910
104961
105048
105101
105195
105211
105262
105289
105360
105393
105420
105445
105453
105471
105490
105564
105612
105626
105690
105692
105709
105782
105800
105813
105826
105846
106014
106096
106136
106182
106193
106260
106280
106300
106316
106339
106367
106386
106400
106407
106410
106436
106472
106484
106489
106494
106518
106558
106567
106576
106590
106599
106667
106676
106688
106690
106709
106712
106720
106732
106778
106779
106797
106800
106814
106827
106841
106856
106865
106875
106877
106889
106901
106902
106908
106924
106925
106929
106934
106937
106944
106949
106955
106960
106962
106970
106992
106996
107009
107015
107018
107031
107044
107090
107139
107180
107232
107249
107254
107258
107266
107279
107289
107290
107300
107335
107351
107375
107431
107432
107452
107465
107474
107494
107504
107521
107531
107546
107562
107581
107596
107602
107613
107619
107652
107654
107668
107674
107690
107697
107702
107711
107718
107764
107771
107838
107845
107852
107942
107973
108015
108023
108068
108087
108173
108259
108282
108317
108378
108395
108396
108458
108459
108464
108473
108508
108533
108539
108563
108591
108601
108613
108617
108621
108628
108637
108662
108676
108679
108692
108714
108725
108744
108763
108813
108824
108867
108913
108955
108957
108974
108987
109002
109032
109072
109120
109151
109165
109166
109168
109193
109205
109217
109258
109263
109274
109283
109286
109310
109315
109324
109355
109387
109399
109402
109410
109411
109438
109446
109460
109461
109489
109500
109501
109519
109536
109541
109543
109548
109557
109560
109565
109570
109573
109585
109586
109592
109593
109596
109600
109606
109619
109654
109671
109681
109716
109717
109726
109840
109853
109862
109878
109888
109889
109914
109971
109986
109990
110017
110075
110086
110141
110150
110174
110222
110232
110238
110241
110252
110291
110298
110322
110347
110382
110394
110404
110441
110460
110502
110606
110626
110655
110659
110666
110668
110701
110719
110762
110803
110823
110827
110833
110862
110917
110933
110943
110958
111000
111142
111151
111172
111188
111237
111264
111300
111320
111321
111334
111372
111415
111434
111455
111475
111490
111515
111519
111528
111551
111579
111597
111618
111645
111689
111690
111765
111770
111798
111812
111813
111822
111854
111869
111875
111927
111938
111939
111940
111972
111974
111975
111976
112102
112120
112205
112209
112238
112243
112267
112319
112335
112360
112366
112397
112423
112429
112455
112494
112515
112526
112542
112561
112584
112602
112627
112647
112700
112730
112741
112805
112833
112900
112916
112927
112928
112968
112971
112989
112990
113034
113090
113094
113106
113142
113173
113219
113221
113235
113257
113520
113538
113561
113608
113639
113647
113669
113831
113853
113854
113856
113877
113900
113902
113925
113926
113927
113946
113967
113981
114002
114023
114024
114109
114167
114191
114234
114245
114246
114330
114354
114420
114425
114459
114486
114512
114515
114618
114658
114662
114677
114721
114733
114836
114919
114946
114956
115029
115091
115237
115363
115439
115497
115562
115628
115672
115757
115808
115815
115863
115892
115936
115957
116020
116101
116110
116147
116201
116250
116355
116377
116478
116582
116641
116671
116695
116766
116768
116789
116799
116804
116808
116817
116822
116873
116884
116917
116931
116953
116954
116989
117120
117181
117200
117227
117238
117271
117293
117310
117322
117340
117351
117372
117388
117403
117436
117463
117484
117564
117690
117743
117770
117783
117829
117858
117904
117916
117921
117954
117962
117982
117999
118014
118063
118098
118112
118152
118207
118222
118247
118257
118258
118316
118382
118394
118425
118437
118458
118489
118496
118504
118529
118539
118564
118566
118585
118639
118648
118662
118672
118673
118708
118709
118710
118721
118874
118944
118955
118967
119027
119037
119049
119070
119123
119149
119158
119490
119614
119636
119650
119674
119689
119767
119785
119800
119802
119863
119864
119872
119874
120005
120052
120058
120069
120072
120106
120107
122424
122582
122596
122615
122636
122677
122760
122776
122795
122797
122811
122839
122842
122882
122884
122892
122905
122911
122915
122929
122940
122950
122951
122963
122971
122981
122982
122987
123035
123040
123057
123071
123096
123106
123111
123183
123187
123194
123206
123213
123219
123226
123240
123242
123273
123288
123318
123335
123339
123341
123342
123384
123399
123411
123466
123474
123486
123488
123521
123523
123529
123530
123547
123593
123603
123616
123623
123664
123671
123672
123740
123753
123759
123769
123775
123786
123798
123804
123833
123846
123854
123865
123881
123882
123885
123886
123887
123900
123903
123919
123931
123932
123938
123940
123964
123982
124024
124048
124049
124066
124090
124134
124143
124169
124197
124237
124243
124265
124301
124304
124354
124355
124372
124373
124374
124405
124425
124429
124455
124467
124518
124526
124563
124583
124586
124598
124601
124613
124661
124667
124695
124711
124766
124785
124792
124809
124810
124837
124890
124910
124948
124972
124974
125005
125051
125082
125092
125110
125112
125119
125155
125165
125166
125177
125212
125216
125217
125220
125224
125249
125264
125274
125292
125295
125325
125328
125340
125346
125370
125384
125399
125417
125432
125464
125467
125469
125480
125490
125495
125501
125539
125576
125577
125595
125641
125651
125652
125661
125681
125708
125725
125731
125745
125748
125751
125766
125771
125804
125853
125878
125883
125884
125922
125923
125998
126035
126048
126053
126093
126108
126114
126128
126157
126222
126257
126261
126275
126305
126321
126354
126409
126440
126455
126458
126463
126466
126491
126591
126592
126713
126727
126728
126731
126794
126809
126862
126958
127004
127007
127032
127045
127073
127075
127136
127214
127235
127269
127320
127365
127369
127442
127500
127527
127534
127551
127557
127562
127570
127583
127635
127669
127698
127701
127746
127756
127789
127841
127862
127867
127873
127885
127984
128031
128070
128195
128240
128243
128295
128306
128308
128372
128392
128416
128451
128474
128525
128536
128597
128608
128672
128717
128870
129066
129098
129140
129347
129378
129400
129453
129454
129458
129500
129543
129566
129613
129632
129646
129667
129784
129809
129829
129873
129915
129933
130040
130070
130094
130145
130185
130186
130269
130302
130313
130350
130429
130486
130512
130556
130596
130611
130647
130649
130679
130726
130727
130751
130770
130771
131035
131055
131085
131151
131191
131361
131435
131529
131629
131778
131956
132238
132309
132438
132482
132616
132656
132734
132765
132905
132962
132998
133091
133110
133273
133380
133407
133429
133457
133537
133549
133567
133623
133624
133639
133720
133722
133752
133814
133975
134067
134086
134120
134121
134165
134367
134441
134463
134505
134558
134590
134627
134671
134673
134678
134715
134730
145524
145527
145571
145620
145632
145651
145672
145677
145688
145741
145749
145769
145773
145794
145801
145802
145812
145840
145845
145874
145883
145889
145906
145922
145989
145992
146018
146032
146034
146056
146082
146086
146146
146152
146155
146175
146191
146196
146210
146258
146262
146276
146277
146312
146313
146316
