134730
134715
134678
134673
134671
134558
134505
134441
134367
134165
134086
133814
133752
133567
133537
133407
133273
133110
132962
132905
120058
120052
120005
116953
116931
116884
116808
116804
116789
116768
116766
116695
116671
116377
116355
116201
116110
116020
115936
115892
115808
115672
115628
115237
115029
114946
114919
114721
114677
114658
114618
114515
114459
114425
114330
114245
114191
114024
113981
113927
113877
113853
113639
113608
113221
113219
113173
112990
112989
112928
112900
112833
112805
112700
112397
112335
112267
111976
111974
111939
111869
111854
111813
111765
111597
111579
111320
111300
111188
111151
110827
110762
110719
110666
110655
110460
110238
110075
109862
109585
108613
107232
106720
106576
106484
106410
106367
105782
105612
105490
105453
105289
104630
104616
104502
104414
104343
103342
103227
103188
103032
102806
102262
91871
91869
91702
91643
91227
90826
90685
90656
90506
90372
89765
89516
89476
89472
89133
89103
88492
88491
88472
87977
87841
86871
86623
86589
86561
86426
36363
36328
133722
133623
33964
33507
81095
31825
80952
31770
31708
31633
31510
80519
80510
80368
80356
80340
31111
31053
80180
30992
80101
80052
80000
30791
30596
30570
79716
79614
79613
30272
79219
78846
28314
28265
76381
76264
26901
26891
26728
26647
26620
26615
75756
26500
26459
26457
26371
26309
75356
75274
75197
75116
74962
74746
74721
74698
74677
74604
74365
74327
74271
74218
73876
73781
73730
73722
24558
24526
24504
24423
24416
24339
73420
24257
24152
73283
73113
73044
73035
72942
72909
72824
23646
23569
23515
23508
23377
72236
72205
71836
71598
71493
71310
71270
71200
71152
71151
70967
120107
70927
70767
70656
70608
70590
21394
21391
21311
21259
70416
70402
21167
21148
70299
21111
21093
21063
21022
70033
20862
20853
20851
70000
69997
20835
69947
69864
20688
69785
69626
20441
69500
20328
19848
68995
68921
19632
68782
19500
19488
68597
68489
68454
19239
68363
19176
68270
19097
68215
68185
19023
19005
68150
68131
68016
68005
18756
67873
67755
18596
67711
18514
116799
116641
67460
67457
116582
67305
67277
67080
67002
116101
66813
17606
17594
17590
66740
17553
17546
115815
66625
115757
17321
66462
17145
66296
66216
66131
66067
16823
65909
114836
114733
16086
15978
15580
113831
113034
14249
14154
112429
14098
13673
13667
13206
111490
111415
13095
13036
12930
12838
12826
12747
12701
12700
12695
12675
12664
12647
12645
110862
110086
109971
11408
10864
132998
8960
8577
8570
106558
106436
106300
7885
7859
7842
7781
7766
7725
7718
7716
7672
7639
7626
7620
7618
7576
105692
31903
31888
80902
80861
80847
31570
31543
80686
31447
31296
31231
30850
79705
79644
5894
5881
5829
5825
5788
5754
5724
79438
5540
5530
30096
5430
5386
5378
5340
5326
5017
5007
4842
103090
4691
4667
4625
4621
4591
4584
4582
4580
102890
4575
4570
4566
4556
4534
4521
49050
49048
49046
49044
49037
49033
49029
49028
49027
49022
49015
49011
49005
48996
48990
48959
48957
48954
48953
48949
48938
48930
48925
24348
48906
48902
48898
48892
48890
48878
48877
48876
48866
48865
48864
48861
48860
48858
48855
48852
48848
48843
48841
48830
73422
48829
48828
48811
48810
48805
48804
48797
48796
48788
48768
48767
48752
48738
48728
48723
48708
73278
48684
48672
48665
48646
48644
48626
48620
48599
48597
48591
24015
48567
48525
48518
48514
48484
48481
48471
48444
48439
48432
48430
48426
48424
48419
48408
48406
48404
48396
48388
23816
48377
48372
48367
48357
48348
48342
48339
48338
48336
48333
48328
48322
48321
48314
48310
48306
48303
48300
48295
48292
48287
48282
48281
48278
48277
48276
48274
48263
48262
48241
48236
48232
48218
48214
48212
48209
48206
48197
48195
48194
48189
48181
48178
48177
48175
48172
48156
48144
48143
48139
48138
48129
48128
48125
48117
48111
48105
48102
48096
48084
48078
48075
48064
23492
48056
48041
48025
48024
48015
48014
23449
48010
48002
47998
47973
47958
47955
47943
47928
72343
47015
47001
46998
46976
46958
46906
46895
46890
46884
46883
46880
46876
46874
46867
46844
46823
46822
46817
46810
46809
46808
46807
46803
46800
46788
46785
46781
46779
46777
46775
46772
46757
46752
46740
46732
46716
46706
46705
46702
120069
70862
21321
70423
21212
21207
20593
20584
20568
69553
69512
68823
68715
19040
19019
68167
18784
67790
18487
18384
18347
67501
18309
67406
67391
67344
67182
18014
67140
67050
42424
91577
42420
42412
42401
66980
17821
42381
17686
17596
17595
17559
91198
17369
66526
66498
17272
17213
90928
17179
17169
41562
41553
41552
41541
41536
90691
41525
41514
41507
41498
41496
16885
90535
90505
16730
65880
65774
41170
41167
41163
41155
41139
41126
41123
41116
41100
41080
41051
41048
41041
41024
40998
40996
40992
40985
40922
40910
40908
40881
40874
40852
40805
40794
40793
40787
40783
40777
40770
40754
16189
40753
40739
40738
40723
40710
40709
40704
40656
40647
40615
40585
40561
40547
40540
40534
114234
89629
40422
40379
40378
40375
89517
40360
40320
40318
40313
40300
40287
40275
40273
40269
40264
40247
40238
40188
40170
40162
40126
40114
40090
40083
40061
89205
40045
40042
15436
40029
40024
40021
15390
39983
39925
39921
39884
39794
39780
39757
39745
39724
39631
14974
113235
88632
39475
14857
113106
14792
113094
14780
88513
14710
112968
14654
112916
14571
14523
14453
14400
112602
14262
14236
14166
14034
13915
13889
13881
13851
13822
13794
13766
38261
13665
38228
38227
38213
38210
111927
13613
111940
13569
38152
13532
38103
38083
38079
111798
38077
38065
38044
38014
38012
13404
37997
37984
37969
37964
13351
37943
13344
13287
37876
13307
13275
13250
37823
13220
13243
111515
13201
13192
37785
86876
37716
13099
13076
37662
37640
13041
13022
37612
37598
12996
37589
37586
111334
37584
37582
37566
12933
37479
37411
37406
37403
12790
12771
37350
37348
36763
36735
36723
36700
36687
36681
36676
36672
36656
36652
36651
36640
36627
36621
36599
36586
36575
36564
36559
36548
36489
36484
36479
36453
36438
36409
36403
110141
36381
134627
36313
36303
36293
134590
134463
134121
134120
133975
133720
133549
133429
33975
33927
33922
33819
33749
33696
33681
9041
9065
33625
33609
8959
33533
33512
33441
33434
33428
8699
8679
8667
8652
106712
106518
7648
7538
31975
31918
31902
31898
31882
81062
31876
31843
31858
31819
31833
31804
31743
31735
31726
31696
31695
31683
31678
31642
31637
31612
31598
31595
31590
31580
31579
31574
31540
31533
31504
31496
80670
31484
31461
31432
31427
80555
31383
31374
31371
31303
31300
31275
80455
31269
80437
31251
31250
31243
31239
31235
31219
31214
31176
31108
31081
31052
31016
30987
80114
30924
80038
30816
30793
30693
30682
30655
30644
30641
30639
30590
30577
79762
30576
30550
30507
79660
5899
5896
30473
5744
5701
5674
5645
30236
5639
5577
5568
30159
5551
5471
30079
5451
5414
5330
5280
5263
29779
5165
103408
5094
29657
29655
103126
4618
4564
4569
4514
4525
4496
4493
4475
4435
4422
4346
4273
4256
4146
4129
4103
4096
4049
28459
3848
28357
28291
3686
28279
28260
28225
40201
27834
40109
89265
40077
40060
15400
39993
89106
3063
39792
39668
39568
2686
39555
14951
76248
2404
2363
26950
26948
26945
26938
26907
26922
26883
26869
26863
26842
2236
26829
2231
26824
26817
2208
26801
26784
26723
26712
26673
26628
26565
14253
88003
26524
26480
26481
112455
75602
26445
26416
26406
26380
26382
26353
26313
75495
26324
75452
75341
13813
112120
13806
38262
38259
38254
38200
75097
38169
38155
38092
38089
38066
13491
38027
37981
74845
37918
74808
74794
74743
13254
37771
74664
111434
13120
37713
13074
12998
111321
37571
74468
74388
37395
74250
110943
329
209
73835
46
24548
24547
24523
24519
24456
24450
49035
24442
36714
24425
49014
24420
24419
48994
24401
24391
24386
24408
24379
24373
36644
24355
24353
36637
48937
24344
24325
24295
36581
48885
24292
24249
24247
24233
36494
24205
48795
24202
24129
36411
48715
24108
24105
48697
24085
48658
24065
48656
36332
48636
36325
24036
24025
48571
23978
48561
23872
23855
48428
48413
23792
48374
48359
23766
48355
23759
48229
23636
23634
23609
23599
23555
48103
48095
48090
48085
23459
48042
23447
23437
23418
48007
23414
23403
23401
47976
47962
47938
47912
47905
72282
133624
71892
46993
46990
71566
46969
46856
46811
46703
71101
70732
70728
70681
33732
33698
21395
70569
33664
21400
21371
9075
9033
21331
21328
33614
21325
21274
21269
8945
33499
21208
33489
70357
21200
21179
21154
33426
21115
21106
20999
8664
20831
20828
69874
20689
20652
20638
20635
20629
20624
20611
20583
20570
20561
20556
20554
20551
20569
20540
20545
20508
20504
20500
20498
20473
69651
20445
20444
20397
69501
106339
69434
20004
7562
19849
19808
68947
19775
19761
19759
19750
68877
68866
31959
68840
19653
68822
19628
31913
19605
19576
19574
31853
19564
31842
19551
19541
19534
19523
19497
80942
31771
19447
68585
31692
31563
31551
31528
31479
31454
19165
19144
31431
31429
19140
19139
80574
19074
31361
31351
68219
19062
19055
19053
68234
19043
19030
31312
18966
68106
18933
18922
18900
18889
18885
18852
18844
18831
31115
18826
67972
31097
18797
18789
116989
67816
18592
18585
30860
116873
18559
30829
18524
18511
116817
18470
30739
79940
18448
30724
18464
30700
30714
30711
30675
18385
18373
18368
67551
18365
67549
18363
18330
18324
30582
30547
18253
30505
18215
18180
18112
79584
18094
116250
67093
5635
5601
42467
5591
5562
30124
116147
17833
5528
17817
17799
17752
17717
17714
17697
17653
17670
17641
17636
17631
17624
17571
17598
17569
17551
17531
17453
17430
17427
17422
5083
17387
17379
17376
29658
17364
17357
17354
17345
103367
5053
17302
17289
17277
17265
4973
17262
17227
115562
17219
17199
66371
17185
115497
17176
17165
4851
17155
17067
17055
115363
17049
4683
16934
66085
16925
4581
16889
16860
16837
16810
4520
16809
4544
4499
4453
16742
4447
4446
4409
4372
4333
4324
16592
90332
41173
4272
4287
41159
4276
16594
41158
4235
4072
40867
40864
16252
16248
40830
16221
114512
65343
3859
3847
16135
16112
3780
28373
28356
3776
40658
16046
114354
16038
28325
16023
40613
16005
3714
15985
15983
15982
40525
114246
40512
15904
89640
114167
89582
40420
40369
40364
40343
40338
40327
40326
40295
40292
40245
40208
113926
40194
15597
40168
113900
40158
40120
40069
40084
40064
3180
40040
40050
40032
40010
15409
39978
15377
39970
15384
15376
113647
15333
39909
39851
39802
113538
39796
39774
39736
39721
39687
76581
39699
39648
39633
39573
39529
39521
113257
76414
39471
14862
14869
14841
113142
14828
113090
2464
14704
88445
112971
26955
2369
14641
14612
14570
14537
14525
2225
14505
2200
14501
14464
14458
26806
2166
26759
14450
2176
14446
14397
26676
112730
26681
26664
14375
14357
14372
26652
2074
14363
14348
26624
2029
112627
26597
14281
26577
14282
14271
26525
14202
112515
14201
14168
112526
26434
87879
14142
26423
14134
14126
26376
14075
14070
26357
112366
26355
14051
1750
14039
14035
14013
14000
13987
13965
13964
13926
112238
13911
13845
13793
112102
13788
75198
13671
111972
38247
13651
38244
111975
38225
38221
13643
13627
38220
13659
38205
38204
38196
13571
38159
13581
111875
38096
13485
38078
111812
13494
13492
38059
38073
111822
13508
38056
13507
13444
13417
37994
38005
37982
37979
13427
13398
37970
13392
111689
37968
37957
13359
13369
13362
37953
13353
1055
37921
13343
13327
13331
37900
13322
13316
13341
37889
13308
37860
13282
13264
37857
13279
13274
13260
13247
13238
930
37826
13233
37809
13211
13218
13204
37781
37778
13166
111475
13161
37754
111519
13145
13130
13129
74616
13110
37703
13125
13122
826
37699
13080
13079
13081
37632
37578
13029
12990
674
111264
12931
604
12892
12900
37464
12861
565
74328
529
37369
12776
423
411
12673
380
375
358
12625
12594
255
208
116954
110803
30916
18493
32
30600
18310
24437
36722
49026
24433
36717
24424
24407
30555
36693
67420
67361
24304
36598
110322
48850
91849
36499
48801
24208
36487
24186
24173
36457
110222
36450
36388
5637
36323
5552
5550
109990
5524
73088
48495
17740
48459
17663
17629
17604
11436
11416
11412
48286
23693
11398
17540
11385
17459
23593
23561
17360
23462
17251
17079
10907
133639
4462
4424
90459
133457
4373
4347
16651
4338
114956
71835
41093
4152
4167
4123
16427
133091
16306
40833
3907
3900
40765
114486
3802
3794
40661
28302
3724
3690
28284
28247
28219
40467
40365
40331
114023
40281
114002
15688
113946
40149
33974
40046
40059
40023
3141
40003
3108
40005
3114
15406
15345
15318
15285
39893
9111
113561
9066
21303
9014
33537
8935
33523
8930
33520
33491
21202
8894
107180
33430
2684
8745
8711
14855
39400
14822
88553
8642
2450
14745
2439
8590
2422
26805
14516
20654
2219
14508
26638
20472
20377
14199
14170
7870
112243
13895
7742
112205
13891
7738
13884
7733
7682
7680
7673
7668
7657
7641
13767
7616
7590
7580
69037
13672
19810
38249
13656
31989
31872
37998
19448
31733
13266
37863
31677
13183
105360
31610
80801
807
31511
13082
13090
31477
13042
31440
679
19103
37476
592
12881
37420
18977
18970
111172
18996
68124
80401
31241
80442
18941
12798
496
18926
31205
31173
18867
18862
406
18841
12682
393
111000
40351
40344
40335
346
18786
337
74103
324
31017
40241
31036
254
40200
18636
18572
30811
85
116822
18508
30777
79964
18466
113669
39948
104496
30715
36860
18328
39842
30518
30498
5901
48932
8975
36623
79673
30453
116478
8920
5840
39644
8915
110291
5803
30366
5780
5767
18021
5693
67181
5673
5668
14850
17922
5620
8695
36345
36337
24048
8674
5595
8670
8663
67042
17843
5553
110017
5536
5534
5523
5521
42394
2437
8575
20848
8559
30058
5480
5452
20827
8538
17753
109914
2385
5444
5433
17694
5405
5387
17691
5389
17668
5362
17660
17650
48350
29895
5303
11447
23730
17591
14492
17556
2192
11402
11388
11378
115863
17504
29804
17515
11364
17477
17473
48204
17449
5147
17445
5129
17420
5118
5097
17370
5084
5061
5051
5038
5021
5014
5012
17309
4998
4977
17250
17224
17228
17203
17192
26379
14090
26366
4859
17154
4838
17126
17113
7886
4825
13903
13876
4614
16882
41480
4604
4560
4559
4545
4543
7593
4489
29082
4516
4503
4495
4480
4479
4476
4452
4467
4463
4465
4412
4391
16660
4341
102643
4329
4326
90367
133380
4282
4281
4289
4268
4261
41147
4252
4251
4220
1137
4216
4204
4203
4200
16494
4183
4181
4179
37958
1091
37954
4166
4158
4159
19508
4140
4135
4132
41029
4130
16421
74809
4124
4119
16411
13320
4083
4061
4054
13244
40895
40885
13197
40862
13128
3899
3886
3843
3858
3844
3836
3807
3822
46847
3814
31457
19164
3791
16075
28367
16078
3766
3740
3755
3754
31388
40626
605
19045
19037
578
595
12884
19022
31273
40427
18873
31159
18854
407
12707
40374
18840
40353
40323
18793
40301
307
40233
290
40229
15624
113925
15611
120072
120106
206
40157
40159
204
40132
113856
116917
14001
18587
125
18561
40063
89204
40047
92
18532
3163
30833
18519
40007
4657
30
15396
39989
12
13846
4616
4628
4599
15349
4588
4572
41469
16876
15337
79890
30704
39873
76785
39864
15261
21393
9104
4487
115091
4460
113520
4448
9063
30560
39770
39776
21332
9043
4410
4389
4376
39718
5900
38110
4314
4292
30403
5821
2696
38028
74925
16525
5772
13440
4214
4188
37975
18001
41018
8723
4099
17937
48668
2569
2564
13313
4070
2525
4047
67033
23928
17749
2368
40804
3904
26932
28456
3878
26913
26924
26911
37661
3873
109853
26900
3839
17684
26880
26873
2275
115957
3801
3775
20647
37513
12922
14461
2159
17522
14428
112741
14427
26694
37438
78927
112647
14333
5105
14328
5868
491
40438
31198
112584
14240
408
1939
17318
5016
40346
372
14207
14179
112542
26494
14205
4177
26456
17217
291
40259
113967
274
17198
4112
18710
26362
14076
14810
39403
193
13258
80842
113854
40133
3266
166
17853
17063
18601
40087
69299
8599
10896
123
1658
13952
67743
90
13901
17732
79971
47
7728
40775
763
2299
19984
16893
7663
7649
3784
3799
3777
3770
12938
37503
102805
4491
19840
4472
26740
14451
15964
26696
2118
15475
37339
472
68878
4323
456
26551
4259
38042
2699
26450
341
4187
5723
4175
40276
295
37939
4131
5656
40218
31775
15598
2449
7832
31627
2425
2430
2398
40057
2397
88400
28495
3905
40797
16191
13105
1201
48087
5054
26933
37697
3888
17726
5424
18496
36
13112
3889
3882
16556
4254
134067
41113
4218
17626
114420
80616
4149
105564
2180
4497
11399
28308
31367
227
40178
37481
26721
2143
2116
103496
16331
111938
13624
38189
40102
533
4395
37392
910
26639
510
503
4318
454
441
2334
28297
40601
31163
14444
11377
112561
14247
5024
114109
387
40356
79543
39550
112927
39556
4223
8627
162
153
40316
31071
31413
271
31391
11428
14500
16052
37351
14105
269
211
115439
15693
113902
4531
667
11438
28334
16501
39528
2435
15689
110917
301
3061
4201
18938
226
2358
4413
114662
10
3
4500
18890
443
30798
157
16018
31076
40283
3862
170
13107
