4
5
9
15
17
18
20
22
24
25
27
33
42
43
57
61
64
65
68
69
71
72
74
76
77
89
91
148
152
164
170
172
173
174
176
177
181
184
205
211
226
232
239
240
241
242
246
250
260
273
280
288
291
297
300
313
320
325
326
334
336
341
342
343
344
346
354
356
357
362
364
365
369
374
376
377
380
381
382
384
385
389
393
394
395
396
397
401
402
406
409
410
414
427
428
432
438
440
442
443
446
447
449
450
452
453
455
456
458
460
463
464
467
469
471
474
475
476
481
482
487
489
493
496
497
500
501
503
505
506
507
508
511
517
519
520
524
525
526
527
528
530
531
533
535
541
542
544
546
548
549
551
557
562
565
566
568
569
574
576
577
578
580
581
582
585
586
589
609
610
613
616
680
691
695
702
703
928
959
961
973
980
988
989
1001
1012
1015
1049
1084
1088
1110
1130
1147
1167
1175
1179
1180
1182
1184
1186
1188
1192
1195
1202
1209
1211
1212
1221
1222
1223
1225
1226
1242
1244
1249
1254
1256
1259
1263
1284
1287
1305
1308
1315
1324
1337
1340
1349
1356
1364
1382
1383
1385
1387
1396
1400
1410
1413
1417
1421
1422
1423
1427
1434
1443
1450
1452
1456
1460
1473
1483
1494
1495
1499
1505
1509
1519
1520
1526
1532
1535
1537
1547
1553
1560
1598
1599
1604
1624
1635
1636
1642
1643
1652
1657
1660
1665
1668
1672
1676
1693
1697
1698
1701
1703
1708
1716
1721
1724
1729
1735
1737
1744
1754
1757
1760
1762
1770
1782
1783
1786
1791
1794
1798
1801
1802
1807
1809
1810
1812
1813
1815
1818
1821
1826
1827
1834
1835
1836
1843
1844
1846
1852
1856
1858
1865
1867
1870
1876
1878
1886
1887
1889
1892
1893
1898
1903
1908
1909
1910
1930
1931
1969
1971
1978
1979
1981
1982
1992
1994
1998
2007
2008
2010
2013
2020
2021
2022
2023
2025
2026
2030
2032
2034
2038
2039
2040
2042
2045
2048
2049
2050
2054
2061
2062
2065
2066
2069
2071
2072
2073
2074
2075
2076
2077
2082
2085
2088
2095
2096
2097
2098
2106
2107
2110
2113
2115
2116
2119
2126
2128
2131
2132
2133
2134
2135
2136
2138
2140
2141
2147
2151
2153
2155
2156
2157
2160
2161
2162
2163
2166
2167
2168
2171
2177
2179
2187
2188
2192
2193
2195
2196
2198
2201
2203
2209
2210
2221
2224
2227
2228
2230
2233
2237
2239
2241
2248
2250
2252
2253
2256
2258
2261
2262
2266
2267
2269
2273
2275
2276
2282
2285
2288
2294
2297
2298
2300
2301
2306
2309
2315
2319
2321
2322
2323
2324
2325
2335
2339
2342
2343
2352
2354
2360
2365
2368
2369
2370
2372
2374
2376
2378
2381
2384
2385
2386
2388
2398
2400
2401
2402
2403
2407
2427
2436
2449
2451
2453
2455
2457
2459
2462
2464
2465
2468
2470
2471
2472
2474
2478
2481
2486
2494
2496
2500
2502
2504
2507
2509
2510
2511
2513
2534
2537
2539
2541
2542
2544
2545
2547
2551
2553
2554
2556
2559
2561
2564
2567
2572
2574
2575
2579
2581
2582
2583
2584
2585
2587
2589
2590
2591
2592
2593
2594
2602
2603
2607
2610
2612
2613
2616
2620
2623
2625
2628
2630
2634
2640
2642
2644
2645
2646
2647
2649
2650
2652
2659
2660
2668
2670
2672
2673
2674
2675
2680
2686
2694
2700
2710
2711
2712
2715
2717
2718
2722
2724
2725
2733
2744
2747
2748
2752
2757
2758
2761
2762
2767
2771
2772
2781
2782
2783
2784
2785
2788
2789
2792
2794
2796
2808
2809
2810
2812
2817
2818
2819
2823
2824
2825
2830
2833
2834
2836
2842
2843
2844
2847
2851
2855
2859
2861
2862
2863
2865
2869
2903
2908
2915
2919
2920
2935
2950
2956
2964
2966
2967
2969
2971
2973
2974
2975
2982
2983
2986
2987
2992
2997
3002
3004
3010
3047
3060
3094
3102
3115
3150
3167
3184
3211
3212
3231
3237
3238
3242
3243
3246
3266
3270
3279
3281
3286
3288
3305
3315
3317
3318
3320
3321
3324
3325
3326
3327
3328
3329
3332
3334
3340
3342
3353
3357
3358
3360
3362
3368
3370
3376
3383
3386
3388
3392
3393
3394
3395
3399
3402
3404
3406
3407
3408
3411
3416
3417
3420
3421
3424
3426
3427
3428
3429
3430
3431
3433
3434
3435
3436
3440
3442
3447
3448
3457
3458
3460
3461
3462
3463
3465
3467
3470
3471
3472
3474
3478
3482
3486
3487
3488
3489
3490
3492
3494
3495
3496
3498
3499
3500
3503
3504
3505
3508
3513
3516
3517
3519
3520
3526
3527
3529
3532
3536
3538
3539
3540
3541
3544
3545
3547
3548
3550
3552
3553
3555
3556
3557
3560
3561
3562
3566
3567
3568
3571
3574
3575
3578
3579
3580
3582
3584
3586
3587
3589
3592
3594
3596
3602
3604
3605
3606
3607
3610
3613
3614
3616
3618
3623
3629
3630
3631
3632
3633
3635
3636
3637
3638
3640
3641
3644
3646
3648
3649
3651
3653
3654
3656
3660
3663
3664
3666
3667
3671
3673
3678
3679
3680
3686
3687
3690
3700
3701
3703
3704
3705
3707
3708
3710
3711
3713
3715
3717
3718
3720
3721
3722
3725
3727
3729
3730
3731
3732
3733
3734
3735
3737
3742
3744
3750
3754
3760
3761
3762
3763
3767
3768
3769
3773
3777
3781
3782
3784
3786
3787
3788
3790
3791
3794
3795
3796
3798
3800
3805
3808
3809
3811
3813
3817
3820
3822
3833
3852
3854
3870
3895
3897
3904
3906
3912
3913
3914
3918
3923
3931
3932
3938
3939
3943
3950
3960
3961
3965
3972
3976
3986
3987
3989
3990
3992
3993
3997
4007
4016
4018
4019
4020
4021
4022
4023
4025
4026
4030
4034
4040
4041
4046
4052
4057
4058
4071
4074
4081
4082
4083
4084
4085
4089
4095
4100
4106
4108
4115
4119
4121
4125
4128
4132
4133
4135
4136
4137
4139
4140
4149
4153
4156
4160
4161
4163
4164
4169
4171
4173
4183
4187
4189
4190
4191
4192
4193
4195
4197
4199
4200
4201
4204
4207
4208
4211
4212
4224
4228
4238
4246
4247
4250
4251
4253
4264
4269
4273
4295
4298
4304
4311
4313
4314
4321
4325
4326
4332
4335
4337
4338
4339
4343
4344
4346
4347
4350
4351
4352
4353
4354
4355
4356
4361
4373
4395
4416
4421
4450
4453
4455
4459
4460
4466
4467
4469
4475
4477
4482
4484
4486
4488
4490
4492
4495
4522
4574
4582
4592
4598
4609
4625
4628
4629
4632
4636
4680
4697
4704
4705
4715
4719
4732
4737
4742
4743
4746
4805
4807
4822
4836
4841
4854
4909
4916
4933
4935
4945
4946
4947
4949
4950
4952
4954
4956
4957
4960
4961
4965
4970
4972
4973
4981
4988
4989
4992
4993
5004
5007
5009
5015
5018
5022
5037
5038
5039
5044
5046
5050
5053
5054
5060
5073
5095
5107
5108
5115
5118
5127
5132
5135
5138
5144
5145
5150
5152
5155
5156
5161
5162
5187
5191
5195
5196
5197
5204
5208
5210
5213
5215
5217
5225
5251
5260
5261
5270
5273
5274
5275
5277
5280
5282
5283
5284
5285
5287
5299
5300
5303
5304
5307
5311
5318
5321
5327
5328
5337
5347
5348
5351
5354
5355
5357
5358
5362
5365
5379
5381
5383
5385
5394
5397
5399
5401
5402
5404
5408
5409
5412
5415
5417
5418
5420
5421
5422
5424
5426
5427
5428
5431
5432
5436
5437
5441
5442
5450
5453
5454
5455
5457
5459
5464
5466
5469
5472
5473
5474
5476
5478
5481
5488
5492
5493
5496
5504
5514
5515
5518
5522
5524
5537
5545
5550
5555
5558
5559
5563
5574
5591
5595
5615
5616
5617
5624
5636
5641
5649
5653
5654
5662
5671
5674
5676
5678
5690
5693
5694
5698
5703
5712
5713
5721
5726
5730
5732
5736
5743
5747
5751
5754
5759
5761
5776
5777
5778
5779
5782
5786
5791
5794
5795
5804
5806
5821
5866
5888
5889
5890
5897
5898
5899
5902
5981
6001
6024
6092
6158
6176
6202
6268
6347
6378
6382
6438
6444
6455
6472
6493
6498
6502
6504
6580
6586
6633
6668
6674
6688
6693
6703
6713
6732
6739
6740
7042
7051
7065
7066
7079
7085
7087
7091
7093
7096
7099
7102
7113
7114
7116
7118
7121
7134
7140
7145
7149
7150
7152
7162
7167
7169
7173
7174
7175
7177
7191
7193
7206
7212
7220
7228
7233
7236
7237
7243
7256
7259
7266
7274
7276
7282
7284
7289
7295
7299
7305
7306
7314
7317
7326
7330
7334
7348
7351
7356
7359
7361
7363
7366
7374
7375
7377
7378
7381
7386
7387
7400
7402
7403
7407
7413
7414
7415
7421
7424
7426
7427
7428
7430
7431
7434
7435
7441
7444
7445
7447
7454
7456
7457
7459
7463
7465
7468
7469
7477
7479
7481
7484
7485
7486
7490
7492
7494
7501
7505
7506
7510
7511
7512
7516
7518
7519
7523
7525
7526
7534
7539
7542
7543
7549
7550
7551
7556
7561
7564
7566
7568
7571
7572
7575
7576
7577
7579
7582
7583
7585
7589
7590
7591
7593
7595
7597
7599
7602
7604
7605
7609
7612
7613
7615
7618
7620
7621
7622
7623
7625
7630
7633
7646
7647
7654
7660
7664
7671
7674
7675
7676
7680
7682
7684
7688
7697
7700
7702
7712
7713
7714
7718
7723
7726
7730
7735
7737
7739
7743
7746
7750
7756
7776
7806
7811
7814
7816
7819
7820
7824
7825
7829
7831
7833
7834
7838
7839
7841
7842
7845
7846
7847
7850
7855
7858
7862
7863
7864
7869
7872
7875
7878
7879
7880
7881
7882
7883
7884
7885
7886
7887
7889
7891
7893
7895
7896
7900
7903
7910
7911
7912
7913
7914
7915
7918
7919
7921
7922
7923
7924
7927
7929
7931
7932
7934
7935
7937
7938
7939
7941
7942
7943
7945
7946
7947
7949
7950
7951
7952
7954
7955
7956
7957
7958
7960
7965
7968
7969
7974
7975
7978
7979
7981
7982
7984
7985
7990
7991
7995
7997
7999
8006
8008
8010
8012
8017
8018
8020
8023
8024
8026
8028
8033
8036
8041
8042
8044
8045
8051
8052
8053
8054
8062
8064
8065
8066
8068
8069
8073
8076
8079
8081
8085
8086
8088
8090
8093
8094
8097
8098
8100
8101
8102
8104
8105
8107
8113
8114
8137
8146
8154
8155
8163
8165
8166
8167
8173
8204
8208
8211
8213
8216
8217
8219
8220
8224
8230
8232
8234
8238
8247
8252
8254
8257
8265
8267
8269
8270
8275
8278
8280
8281
8284
8286
8295
8297
8301
8307
8310
8318
8335
8340
8344
8348
8356
8357
8358
8363
8367
8375
8386
8387
8392
8394
8396
8398
8399
8401
8402
8403
8404
8405
8407
8408
8414
8419
8420
8421
8425
8427
8428
8429
8434
8435
8439
8442
8445
8446
8448
8449
8489
8492
8501
8516
8518
8526
8529
8533
8540
8543
8549
8559
8560
8562
8563
8564
8565
8569
8572
8573
8577
8578
8579
8580
8584
8586
8590
8591
8592
8594
8596
8598
8599
8600
8611
8612
8614
8618
8620
8621
8622
8625
8626
8627
8629
8632
8639
8643
8644
8649
8650
8651
8653
8654
8656
8658
8661
8663
8666
8668
8669
8675
8677
8678
8680
8681
8682
8686
8694
8695
8700
8702
8703
8707
8709
8712
8714
8715
8716
8719
8721
8722
8724
8725
8728
8730
8734
8738
8742
8743
8745
8748
8749
8750
8752
8754
8755
8756
8761
8764
8767
8768
8770
8773
8775
8776
8778
8780
8784
8785
8786
8787
8788
8789
8795
8796
8799
8802
8803
8805
8807
8809
8812
8813
8814
8816
8820
8821
8823
8824
8829
8830
8833
8836
8840
8842
8847
8856
8858
8859
8861
8867
8869
8871
8875
8884
8888
8890
8891
8893
8895
8897
8898
8899
8904
8908
8911
8913
8914
8915
8916
8917
8918
8919
8920
8921
8922
8931
8933
8934
8935
8936
8940
8942
8945
8948
8949
8951
8953
8955
8959
8961
8962
8964
8966
8968
8970
8972
8973
8974
8983
8984
8985
8988
8990
8991
8995
8999
9001
9003
9008
9010
9011
9012
9013
9014
9015
9017
9018
9020
9021
9022
9025
9026
9029
9032
9035
9042
9043
9045
9046
9047
9049
9050
9051
9054
9055
9056
9058
9063
9064
9068
9069
9070
9072
9073
9075
9077
9081
9085
9086
9094
9097
9099
9103
9105
9124
9128
9132
9134
9137
9139
9143
9158
9161
9162
9164
9166
9168
9169
9170
9173
9181
9185
9186
9189
9193
9195
9197
9198
9205
9210
9213
9215
9216
9221
9224
9225
9226
9228
9232
9235
9242
9246
9248
9251
9254
9258
9260
9261
9262
9263
9264
9266
9267
9269
9270
9271
9276
9277
9278
9288
9289
9290
9291
9294
9295
9296
9297
9299
9302
9305
9306
9307
9309
9312
9313
9314
9315
9316
9317
9318
9320
9324
9326
9327
9328
9329
9331
9332
9335
9336
9337
9338
9340
9341
9342
9343
9344
9345
9347
9349
9350
9351
9352
9353
9354
9355
9356
9357
9359
9370
9371
9374
9375
9377
9379
9382
9383
9387
9389
9393
9396
9397
9398
9401
9402
9406
9408
9409
9411
9412
9413
9414
9423
9425
9426
9433
9434
9435
9436
9438
9441
9442
9446
9447
9448
9449
9452
9453
9455
9457
9458
9460
9461
9463
9466
9467
9468
9476
9480
9481
9482
9484
9485
9486
9489
9490
9494
9495
9497
9504
9506
9507
9513
9514
9515
9519
9520
9524
9526
9528
9530
9533
9534
9535
9537
9554
9556
9557
9563
9565
9570
9572
9574
9575
9576
9577
9798
9802
9808
9810
9815
9818
9819
9820
9822
9824
9825
9828
9843
9846
9854
9855
9856
9858
9860
9865
9866
9867
9869
9871
9873
9874
9875
9877
9885
9892
9896
9898
9903
9905
9907
9913
9918
9920
9922
9925
9928
9931
9932
9933
9934
9938
9941
9943
9944
9945
9947
9949
9951
9952
9953
9954
9955
9956
9958
9959
9961
9965
9967
9969
9970
9973
9978
9981
9984
9988
9991
10012
10018
10019
10031
10039
10041
10048
10050
10056
10057
10061
10066
10068
10074
10080
10092
10099
10104
10108
10113
10114
10117
10119
10125
10126
10127
10132
10133
10141
10143
10146
10148
10151
10155
10159
10160
10161
10169
10171
10175
10182
10184
10186
10188
10190
10191
10228
10231
10239
10253
10261
10277
10281
10284
10286
10295
10308
10311
10317
10327
10337
10346
10349
10354
10356
10357
10372
10373
10374
10375
10376
10384
10385
10387
10389
10393
10394
10401
10402
10415
10417
10418
10419
10428
10429
10430
10431
10439
10442
10449
10450
10457
10462
10469
10470
10471
10475
10476
10483
10485
10493
10494
10495
10496
10499
10503
10504
10507
10512
10513
10517
10518
10521
10523
10532
10534
10538
10540
10543
10544
10545
10547
10550
10551
10554
10556
10559
10562
10563
10564
10565
10566
10568
10571
10572
10574
10575
10577
10584
10596
10599
10601
10605
10609
10624
10625
10626
10632
10633
10635
10636
10648
10655
10659
10661
10664
10668
10669
10678
10679
10682
10687
10689
10690
10692
10695
10713
10714
10716
10717
10719
10722
10723
10725
10727
10728
10729
10730
10732
10734
10741
10747
10757
10772
10773
10780
10785
10787
10788
10789
10790
10792
10794
10797
10801
10807
10810
10812
10817
10839
10840
10849
10872
10889
10904
10912
10937
10959
10962
10984
11025
11041
11058
11062
11071
11102
11110
11120
11136
11156
11158
11159
11161
11178
11189
11194
11201
11204
11234
11239
11241
11245
11250
11256
11269
11273
11287
11293
11295
11304
11312
11315
11317
11319
11321
11323
11324
11325
11331
11344
11348
11352
11360
11364
11377
11381
11384
11386
11395
11400
11404
11412
11422
11424
11425
11430
11433
11438
11439
11440
11444
11446
11447
11453
11458
11461
11464
11470
11480
11493
11504
11507
11510
11527
11531
11532
11535
11541
11557
11558
11559
11568
11570
11571
11575
11576
11577
11579
11584
11585
11601
11602
11603
11612
11620
11625
11631
11634
11638
11641
11642
11645
11652
11653
11655
11659
11664
11665
11676
11681
11682
11683
11689
11697
11731
11740
11742
11744
11752
11762
11763
11769
11771
11772
11778
11782
11788
11790
11803
11804
11806
11817
11833
11835
11836
11845
11860
11863
11867
11871
11872
11886
11887
11892
11893
11894
11899
11900
11901
11903
11904
11905
11906
11908
11909
11910
11912
11913
11914
11915
11916
11918
11924
11928
11936
11945
11947
11949
11951
11960
11963
11974
11975
11977
11992
11994
11995
11996
12002
12004
12008
12012
12014
12015
12017
12019
12020
12021
12022
12023
12025
12027
12028
12029
12030
12032
12035
12036
12038
12040
12044
12054
12057
12058
12059
12067
12074
12081
12105
12106
12111
12114
12130
12151
12162
12174
12183
12185
12188
12191
12195
12198
12210
12212
12214
12216
12219
12225
12228
12234
12236
12240
12246
12248
12249
12252
12253
12258
12259
12260
12262
12263
12264
12265
12269
12272
12325
12358
12365
12366
12368
12370
12382
12383
12384
12385
12386
12387
12391
12394
12396
12397
12402
12404
12409
12410
12411
12460
12465
12475
12479
12498
12509
12561
12575
12591
12599
12606
12696
12717
12736
12742
12749
12773
12788
12792
12793
12799
12802
12807
12842
12857
12870
12907
12909
12927
12940
12977
12978
12981
12982
12987
12993
12999
13004
13021
13035
13075
13102
13108
13135
13136
13137
13152
13158
13162
13175
13176
13183
13199
13229
13266
13277
13284
13296
13307
13308
13318
13325
13326
13327
13328
13358
13373
13394
13515
13525
13567
13579
13583
13584
13586
13602
13603
13605
13609
13620
13630
13636
13640
13641
13648
13650
13652
13656
13660
13661
13662
13663
13666
13667
13669
13670
13675
13676
13678
13680
13684
13685
13686
13687
13691
13697
13700
13703
13707
13723
13730
13743
13746
13747
13749
13751
13752
13757
13760
13761
13762
13763
13764
13765
13767
13768
13769
13771
13779
13780
13782
13784
13797
13818
13821
13822
13824
13825
13826
13828
13831
13833
13840
13843
13845
13851
13855
13857
13858
13860
13861
13864
13866
13867
13871
13873
13874
13877
13878
13885
13893
13896
13911
13916
13918
13920
13922
13926
13928
13933
13936
13940
13941
13942
13943
13944
13946
13948
13949
13950
13951
13953
13954
13956
13957
13965
13967
13969
13973
13975
13977
13983
13987
13989
13994
13998
14013
14017
14021
14033
14035
14043
14048
14049
14060
14070
14074
14090
14093
14094
14095
14099
14106
14108
14113
14122
14132
14144
14145
14149
14154
14162
14175
14176
14191
14192
14200
14201
14202
14203
14205
14208
14209
14211
14215
14216
14217
14225
14229
14234
14240
14246
14248
14256
14261
14265
14267
14268
14270
14272
14273
14275
14276
14280
14281
14282
14284
14288
14290
14296
14302
14304
14305
14307
14308
14309
14310
14317
14321
14327
14329
14330
14331
14332
14336
14337
14345
14349
14355
14356
14360
14362
14363
14372
14373
14385
14388
14390
14396
14401
14406
14407
14413
14415
14418
14429
14435
14439
14446
14461
14466
14469
14475
14476
14477
14483
14490
14519
14528
14531
14540
14544
14552
14559
14562
14564
14574
14575
14577
14583
14585
14586
14588
14594
14597
14600
14602
14604
14610
14619
14620
14626
14627
14628
14632
14635
14636
14638
14641
14645
14646
14648
14650
14653
14655
14660
14661
14662
14666
14667
14669
14676
14677
14678
14682
14688
14689
14690
14691
14692
14694
14697
14699
14703
14704
14710
14711
14712
14713
14716
14717
14718
14719
14722
14726
14728
14732
14734
14735
14737
14738
14739
14741
14743
14744
14745
14747
14748
14749
14750
14751
14752
14756
14757
14758
14759
14762
14766
14767
14768
14770
14771
14772
14776
14777
14779
14781
14782
14783
14785
14786
14788
14790
14792
14793
14794
14795
14797
14799
14801
14804
14809
14815
14817
14818
14820
14824
14825
14826
14827
14828
14830
14832
14835
14841
14842
14843
14847
14848
14849
14850
14851
14854
14855
14857
14858
14859
14860
14869
14870
14879
14880
14881
14884
14888
14896
14898
14901
14905
14907
14908
14913
14916
14917
14919
14920
14929
14932
14937
14938
14939
14940
14942
14948
14950
14953
14954
14956
14957
14960
14970
14982
14983
14987
14992
14993
14996
15008
15010
15014
15017
15021
15052
15056
15058
15059
15060
15062
15063
15065
15068
15072
15078
15079
15080
15082
15087
15090
15093
15096
15097
15100
15104
15108
15115
15116
15147
15149
15155
15157
15159
15164
15167
15168
15171
15172
15173
15175
15176
15178
15179
15180
15181
15183
15188
15189
15190
15191
15193
15194
15195
15196
15199
15200
15201
15202
15203
15205
15206
15207
15208
15210
15211
15212
15214
15215
15218
15219
15220
15223
15225
15226
15229
15234
15235
15241
15242
15243
15244
15245
15247
15248
15249
15252
15256
15257
15260
15262
15263
15264
15265
15267
15268
15269
15272
15273
15276
15277
15278
15280
15285
15287
15289
15290
15291
15295
15297
15300
15305
15310
15314
15319
15331
15335
15340
15345
15349
15350
15358
15363
15364
15374
15381
15404
15409
15410
15416
15417
15419
15431
15432
15435
15436
15437
15438
15439
15441
15444
15448
15449
15450
15452
15453
15454
15456
15461
15464
15467
15469
15470
15472
15474
15475
15477
15478
15480
15481
15482
15483
15485
15497
15500
15501
15505
15507
15510
15511
15512
15515
15517
15518
15519
15520
15522
15523
15525
15529
15530
15531
15532
15533
15535
15536
15537
15539
15540
15541
15545
15547
15550
15552
15556
15557
15559
15561
15564
15565
15568
15569
15571
15572
15578
15579
15582
15583
15584
15588
15589
15592
15593
15594
15595
15596
15597
15598
15602
15605
15607
15608
15609
15610
15611
15614
15616
15620
15621
15622
15623
15624
15625
15626
15629
15632
15633
15636
15638
15641
15642
15646
15647
15649
15650
15651
15652
15655
15658
15666
15674
15675
15681
15682
15683
15688
15691
15693
15695
15697
15700
15703
15708
15710
15711
15716
15717
15718
15725
15728
15730
15731
15732
15735
15736
15739
15740
15742
15743
15744
15746
15747
15748
15749
15752
15753
15755
15756
15757
15758
15760
15762
15763
15764
15765
15767
15768
15770
15773
15776
15777
15780
15781
15783
15784
15785
15786
15788
15789
15790
15794
15795
15796
15799
15800
15803
15804
15806
15807
15809
15813
15814
15815
15816
15818
15821
15822
15823
15825
15827
15831
15832
15833
15837
15838
15839
15846
15847
15848
15850
15851
15852
15854
15855
15857
15861
15862
15865
15867
15868
15870
15872
15873
15875
15878
15879
15881
15883
15884
15887
15888
15889
15890
15891
15898
15899
15902
15903
15906
15907
15910
15911
15913
15914
15917
15918
15919
15921
15922
15924
15925
15926
15932
15933
15934
15936
15938
15941
15942
15944
15945
15946
15947
15949
15950
15951
15952
15953
15955
15957
15958
15959
15961
15962
15964
15966
15968
15969
15970
15971
15972
15974
15976
15977
15978
15979
15980
15982
15985
15987
15988
15989
15994
15995
15997
16000
16002
16004
16005
16006
16012
16015
16017
16019
16020
16022
16025
16026
16027
16031
16032
16033
16035
16036
16037
16039
16040
16041
16042
16043
16044
16045
16046
16047
16050
16051
16052
16053
16054
16056
16057
16058
16059
16060
16061
16062
16063
16065
16068
16069
16071
16072
16075
16076
16078
16079
16081
16083
16084
16085
16087
16090
16091
16092
16093
16096
16099
16100
16101
16102
16104
16107
16108
16110
16111
16112
16115
16117
16118
16119
16120
16121
16123
16127
16131
16132
16135
16136
16137
16140
16142
16144
16146
16149
16151
16152
16154
16155
16158
16159
16162
16171
16173
16175
16177
16180
16182
16183
16184
16187
16188
16189
16190
16191
16193
16195
16197
16198
16199
16200
16201
16203
16204
16208
16209
16210
16215
16219
16220
16221
16223
16225
16233
16234
16238
16239
16243
16245
16248
16254
16255
16257
16258
16260
16261
16264
16265
16269
16271
16272
16273
16274
16276
16277
16278
16284
16285
16288
16293
16297
16298
16299
16301
16303
16304
16311
16315
16320
16321
16322
16325
16329
16332
16333
16335
16336
16338
16339
16341
16342
16343
16344
16345
16346
16350
16353
16357
16358
16360
16361
16362
16363
16367
16373
16374
16377
16380
16382
16384
16386
16388
16391
16394
16397
16401
16403
16405
16406
16407
16408
16414
16415
16417
16420
16422
16428
16431
16435
16438
16439
16440
16450
16451
16461
16463
16474
16476
16480
16484
16491
16493
16495
16505
16507
16509
16512
16521
16531
16534
16538
16550
16553
16560
16567
16570
16571
16573
16575
16577
16581
16592
16594
16595
16596
16598
16601
16604
16612
16626
16630
16636
16641
16644
16651
16664
16674
16675
16677
16681
16688
16690
16702
16704
16709
16722
16726
16731
16734
16737
16738
16744
16750
16764
16770
16777
16784
16794
16798
16800
16803
16807
16825
16826
16830
16831
16832
16833
16835
16836
16837
16838
16840
16844
16847
16848
16854
16858
16861
16874
16876
16885
16886
16887
16888
16909
16914
16920
16925
16932
16937
16938
16943
16946
16947
16950
16952
16956
16959
16961
16962
16963
16969
16975
16982
16985
16987
16989
16992
17011
17018
17023
17033
17038
17059
17060
17062
17063
17066
17073
17075
17076
17160
17163
17166
17167
17169
17171
17178
17180
17181
17182
17185
17186
17188
17190
17191
17194
17196
17203
17204
17205
17206
17284
17300
17305
17364
17368
17377
17381
17387
17391
17397
17405
17413
17426
17440
17452
17463
17464
17471
17487
17507
17516
17521
17534
17550
17552
17557
17559
17565
17574
17576
17582
17588
17596
17603
17612
17619
17636
17642
17654
17657
17668
17669
17670
17677
17682
17684
17685
17686
17692
17696
17709
17717
17718
17722
17724
17739
17743
17745
17747
17749
17752
17755
17756
17759
17761
17764
17766
17767
17769
17771
17777
17778
17788
17796
17800
17802
17811
17815
17817
17820
17824
17825
17832
17833
17837
17842
17845
17847
17849
17850
17853
17855
17856
17858
17860
17863
17865
17868
17870
17880
17881
17883
17884
17885
17888
17890
17891
17892
17894
17905
17906
17909
17911
17912
17913
17917
17919
17922
17925
17928
17929
17933
17935
17937
17947
17959
17961
17967
17977
17980
17983
17984
17989
17993
17996
18007
18009
18010
18011
18013
18016
18024
18025
18035
18040
18042
18045
18047
18048
18049
18051
18054
18055
18058
18059
18060
18063
18064
18065
18066
18069
18070
18071
18072
18074
18075
18085
18086
18088
18089
18090
18091
18094
18095
18098
18099
18100
18101
18102
18103
18105
18106
18108
18110
18111
18113
18117
18118
18123
18124
18125
18128
18130
18131
18132
18133
18140
18141
18143
18146
18151
18154
18156
18159
18163
18169
18170
18173
18174
18179
18196
18197
18199
18215
18216
18229
18237
18246
18259
18263
18264
18267
18270
18272
18274
18283
18293
18294
18299
18300
18305
18310
18311
18314
18316
18321
18323
18324
18325
18328
18329
18330
18331
18332
18335
18338
18339
18341
18343
18349
18353
18357
18358
18361
18362
18366
18367
18368
18370
18371
18374
18376
18379
18386
18399
18403
18409
18413
18415
18417
18418
18421
18423
18427
18428
18429
18430
18432
18433
18438
18439
18440
18442
18445
18447
18450
18451
18460
18461
18467
18469
18470
18471
18472
18476
18488
18491
18492
18493
18495
18497
18499
18501
18503
18506
18509
18516
18522
18523
18524
18525
18529
18530
18532
18533
18536
18538
18539
18540
18543
18544
18547
18549
18550
18557
18566
18568
18570
18574
18579
18584
18585
18587
18589
18594
18601
18605
18613
18615
18618
18619
18635
18640
18643
18649
18655
18659
18749
18758
18791
18797
18802
18806
18811
18815
18821
18823
18832
19905
19926
19931
19940
19943
19951
19955
19970
19971
19972
19973
19974
19980
19986
20008
20012
20014
20015
20027
20042
20043
20051
20052
20053
20054
20055
20085
20095
20098
20101
20103
20109
20117
20121
20137
20150
20157
20158
20159
20161
20167
20179
20188
20197
20217
20232
20253
20267
20270
20283
20288
20293
20304
20307
20311
20318
20336
20338
20342
20343
20349
20351
20353
20357
20364
20366
20383
20390
20398
20399
20406
20407
20413
20420
20425
20429
20434
20441
20446
20456
20458
20460
20464
20467
20468
20472
20473
20477
20487
20492
20498
20499
20502
20506
20513
20539
20545
20552
20562
20573
20576
20585
20590
20617
20619
20623
20632
20634
20636
20639
20647
20650
20674
20689
20695
20702
20703
20721
20726
20728
20746
20748
20750
20756
20764
20767
20771
20776
20781
20803
20814
20831
20837
20838
20852
20855
20856
20858
20861
20862
20863
20867
20876
20877
20878
20881
20891
20892
20893
20895
20897
20900
20901
20902
20903
20905
20909
20914
20920
20923
20928
20937
20939
20943
20946
20947
20948
20950
20953
20957
20961
20963
20966
20972
20976
20985
20989
20999
21001
21003
21015
21028
21029
21033
21038
21039
21040
21043
21045
21048
21050
21055
21056
21063
21064
21065
21076
21079
21080
21083
21086
21092
21093
21095
21103
21104
21112
21114
21116
21121
21127
21133
21146
21160
21175
21191
21197
21198
21208
21220
21257
21270
21278
21283
21291
21306
21310
21312
21314
21334
21336
21338
21341
21354
21356
21371
21383
21387
21390
21455
21748
21754
21755
21762
21765
21769
21771
21772
21776
21783
21786
26571
26572
26574
26575
26576
26577
26578
26580
26582
26583
26584
26585
26586
26588
26589
26590
26591
26592
26593
26594
26595
26596
26598
26599
26600
26601
26602
26603
26604
26605
26606
26607
26608
26609
26610
26611
26612
26613
26614
26617
26619
26622
26623
26624
26625
26626
26628
26629
26633
26634
26635
26636
26637
26638
26639
26640
26641
26642
26643
26644
26645
26647
26648
26649
26650
26651
26652
26654
26655
26656
26657
26658
26659
26660
26661
26662
26664
26666
26667
26668
26669
26670
26671
26672
26673
26674
26675
26676
26678
26680
26681
26683
26684
26685
26686
26687
26689
26690
26691
26694
26695
26696
26697
26698
26699
26700
26701
26706
26707
26712
26714
26715
26719
26720
26723
26724
26726
26727
26728
26733
26737
26741
26743
26744
26745
26748
26751
26753
26755
26758
26759
26760
26761
26765
26766
26770
26772
26773
26777
26779
26780
26783
26784
26785
26786
26787
26790
26791
26794
26795
26803
26806
26812
26818
26819
26823
26824
26828
26831
26832
26835
26836
26838
26842
26843
26844
26847
26850
26851
26856
26858
26860
26861
26864
26865
26866
26869
26870
26872
26873
26881
26884
26888
26892
26893
26906
26912
26917
26925
26931
26932
26934
26935
26940
26946
26949
26956
26959
26970
26980
26984
27018
27023
27026
27032
27038
27043
27044
27047
27049
27054
27057
27059
27063
27070
27077
27082
27088
27091
27093
27103
27106
27109
27110
27113
27118
27119
27123
27124
27125
27126
27128
27132
27133
27138
27145
27146
27147
27149
27152
27155
27163
27167
27168
27171
27174
27179
27180
27184
27185
27187
27188
27189
27192
27193
27194
27195
27196
27199
27200
27216
27219
27226
27227
27235
27239
27242
27243
27249
27256
27259
27260
27262
27263
27265
27268
27269
27278
27284
27289
27294
27297
27302
27320
27321
27332
27333
27340
27344
27351
27358
27363
27372
27379
27384
27400
27402
27409
27428
27432
27443
27452
27458
27465
27468
27470
27476
27478
27480
27483
27484
27487
27494
27495
27499
27502
27505
27510
27592
27618
27619
27628
27634
27697
27741
27751
27760
27770
27774
27784
27796
27805
27809
27812
27828
27829
27831
27833
27834
27837
27838
27839
27843
27844
27852
27855
27856
27862
27895
27896
27902
27950
27960
27964
27966
27982
27985
27991
27999
28003
28093
28097
28102
28103
28107
28111
28115
28118
28123
28128
28133
28134
28138
28139
28141
28142
28144
28146
28198
28214
30141
30177
30185
30192
30230
30234
30257
30279
30280
30293
30342
30401
30434
30438
30534
30555
30556
30562
30591
31009
31016
31058
31102
31137
31178
31238
31240
31291
31334
31345
31363
31398
31445
31551
31562
31579
31595
31609
31647
31658
31698
31705
31715
31720
31721
31742
31767
31834
31862
31878
31902
31909
31923
31964
32041
32072
32094
32101
32109
32944
32974
32988
32991
33018
33021
33088
33096
33117
33131
33141
33155
33157
33171
33184
33188
33194
33209
33223
33239
33241
33703
33732
34120
34148
34165
34185
34188
34252
34276
34286
34329
34330
34338
34339
34346
34351
34357
34365
34368
34377
34383
34388
34398
34413
34420
34425
34470
34514
34541
34555
34570
34580
34587
34646
34659
34670
34708
34718
34756
34856
34902
34914
34979
34986
34990
34998
35016
35019
35026
35027
35035
35073
35083
35106
35112
35122
35126
35145
35157
35160
35167
35181
35197
35211
35213
35219
35224
35250
35268
35276
35294
35297
35302
35313
35321
35343
35344
35355
35358
35361
35369
35373
35392
35397
35402
35405
35407
35416
35418
35421
35438
35456
35457
35467
35481
35486
35493
35500
35505
35516
35517
35534
35538
35544
35553
35558
35568
35571
35575
35584
35585
35599
35604
35612
35615
35617
35619
35624
35629
35632
35639
35643
35645
35649
35653
35689
35719
35755
35760
35774
35778
35790
35791
35796
35818
35839
35850
35903
35918
35941
35943
35967
35976
35977
35993
35996
36002
36007
36015
36016
36018
36019
36028
36029
36030
36043
36118
36134
36162
36164
36174
36179
36194
36203
36205
36212
36221
36225
36228
36233
36251
36254
36267
36273
36274
36284
36289
36292
36299
36301
36324
36330
36333
36351
36367
36411
36415
36427
36448
36453
36470
36481
36483
36505
36514
36517
36530
36532
36538
36546
36549
36560
36572
36580
36583
36584
36590
36597
36598
36603
36611
36622
36626
36627
36629
36632
36634
36720
36733
36745
36758
36760
36775
36779
36793
36796
36799
36811
36817
36840
36858
36874
36879
36895
36911
36920
36928
36950
36963
36967
36969
36990
36993
36995
37007
37010
37018
37021
37026
37040
37046
37056
37057
37058
37065
37072
37077
37082
37092
37096
37097
37103
37104
37105
37114
37117
37118
37121
37122
37128
37134
37136
37139
37141
37144
37145
37153
37158
37162
37171
37175
37180
37182
37187
37196
37216
37219
37236
37243
37275
37283
37284
37293
37298
37303
37335
37340
37346
37349
37362
37366
37390
37402
37430
37472
37500
37525
37540
37563
37577
37587
37592
37596
37605
37607
37614
37617
37620
37624
37629
37635
37688
37707
37710
37715
37728
37733
37735
37736
37746
37764
37791
37793
37803
37813
37820
37831
37835
37837
37840
37841
37847
37854
37858
37861
37869
37873
37897
37910
37914
37918
37922
37926
37997
38093
38098
38122
38123
38124
38126
38128
38140
38164
38185
38219
38271
38307
38342
38362
38381
38407
38473
38486
38487
38495
38560
38561
38581
38607
38615
38623
38651
38676
38706
38739
38760
38775
38802
38823
38854
38865
38878
38896
38899
38916
38935
38947
38951
38971
38977
38981
38996
39004
39024
39030
39033
39043
39080
39089
39092
39100
39121
39127
39130
39153
39160
39171
39191
39255
39278
39295
39314
39317
39320
39322
39347
39363
39384
39405
39421
39467
39473
39497
39505
39512
39533
39539
39550
39587
39625
39648
39668
39675
39679
39706
39711
39716
39721
39734
39737
39751
39759
39787
39812
39832
39841
39851
39858
39861
39867
39869
39876
39890
39905
39916
39919
39920
39934
39939
39951
39967
39971
39972
39976
39991
39992
40002
40028
40034
40036
40046
40048
40051
40055
40063
40070
40071
40094
40103
40107
40113
40117
40119
40125
40137
40145
40151
40156
40169
40184
40211
40219
40234
40246
40249
40265
40266
40269
40275
40282
40289
40297
40302
40306
40333
40352
40366
40371
40386
40470
40495
40497
40504
40513
40560
40571
40580
40585
40600
40603
40614
40619
40653
40654
40663
40677
40693
40698
40715
40720
40735
40740
40765
40781
40785
40789
40800
40806
40815
40819
40824
40825
40836
40843
40854
40857
40862
40868
40875
40889
40897
40909
40916
40935
40952
40958
40967
40995
41008
41024
41027
41042
41070
41108
41113
41129
41169
41193
41211
41250
41300
41313
41316
41325
41414
41600
41611
41641
41643
41651
41657
41682
41691
41707
41709
41714
41732
41760
41777
41779
41790
41796
41800
41806
41815
41823
41836
41842
41847
41852
41877
41931
42765
45101
45123
45177
45184
45191
45195
45212
45246
45269
45276
45297
45298
45303
45305
45314
45318
45320
45327
45371
45384
45405
45417
45669
45966
45968
45970
45982
45994
46026
46069
46074
46077
46085
46086
46098
46105
46124
46152
46161
46216
46258
46269
46283
46297
46303
46314
46330
46339
46365
46482
46504
46509
46537
46541
46545
46553
46571
46576
46582
46593
46603
46614
46631
46641
46645
46658
46664
46667
46697
46701
46702
46706
46719
46732
46740
46769
46774
46775
46783
46785
46792
46806
46813
46823
46839
46844
46853
46862
46874
46895
46910
46932
46961
46966
46970
46974
46975
46992
47002
47003
47013
47027
47039
47065
47067
47071
47084
47096
47110
47119
47125
47147
47157
47179
47187
47194
47862
47887
47902
48257
48263
48280
48297
48308
48329
48352
48359
50476
50535
50566
50584
50680
50694
50718
50725
50759
50848
50865
50879
50885
50892
50896
50929
50932
50934
50953
50960
50976
50989
50994
50995
50999
51106
51165
51181
51191
51196
51202
51244
51271
51312
51324
51329
51342
51376
51380
51444
51486
51545
51558
51594
51657
51690
51705
51798
51804
51812
51866
51879
51884
51892
51919
51926
51931
51938
51946
51950
51971
51979
51983
51986
51992
51995
51999
52001
52003
52008
52025
52039
52042
52044
52051
52059
52060
52063
52065
52078
52111
52129
52133
52138
52158
52159
52168
52176
52180
52185
52186
52188
52193
52213
52246
52248
52261
52274
52295
52301
52327
52359
52363
52369
52380
52400
52401
52411
52417
52419
52423
52431
52432
52434
52436
52437
52451
52455
52462
52464
52465
52474
52492
52521
52526
52532
52542
52547
52558
52588
52591
52595
52608
52619
52623
52626
52629
52631
52637
52639
52645
52652
52661
52665
52667
52670
52681
52682
52701
52703
52707
52718
52738
52740
52743
52765
52780
52782
52791
52817
52818
52857
52894
52934
52974
53008
53036
53045
53057
53092
53130
53146
53173
53208
53220
53240
53253
53290
53294
53307
53320
53334
53348
53367
53371
53380
53382
53387
53392
53399
53922
53935
53939
53954
53984
54018
54024
54038
54042
54051
54055
54063
54066
54084
54089
54987
55005
55032
55053
55070
55073
55086
55124
55125
55129
55131
55176
55199
55204
55210
55212
55217
55218
55221
55226
55232
55242
55265
55270
55272
55274
55298
55300
55302
55309
55313
55315
55320
55333
55341
55343
55355
55359
55372
55377
55389
55392
55399
55483
55510
55519
55528
55543
55548
55554
55566
55575
55586
55612
55624
55635
55680
55686
55689
55693
55707
55710
55712
55716
55718
55720
55726
55728
55735
55736
55750
55753
55756
55767
55785
55800
55808
55811
55831
55839
55849
55856
55884
55885
55905
55918
55940
55942
55947
55979
55980
55989
55991
55995
56003
56018
56028
56042
56044
56048
56054
56085
56096
56098
56099
56101
56112
56115
56118
56125
56128
56137
56144
56149
56157
56158
56166
56239
56243
56261
56273
56381
56396
56424
56430
56440
56464
56486
56513
56539
56543
56550
56552
56570
56592
56609
56611
56628
56639
56647
56649
56651
56663
56675
56682
56698
56700
56712
56716
56727
56728
56754
56756
56764
56772
56774
56783
56824
56828
56833
56835
56839
56847
56848
56851
56856
56875
56876
56884
56885
56899
56907
56925
56928
56931
56942
56943
56956
56997
57002
57016
57023
57032
57039
57043
57046
57075
57079
57083
57095
57101
57110
57111
57134
57137
57140
57147
57158
57160
57166
57181
57192
57197
57210
57212
57216
57220
57225
57227
57230
57245
57254
57267
57273
57278
57279
57287
57292
57302
57311
57315
57332
57343
57344
57348
57351
57367
57372
57384
57388
57390
57396
57400
57404
57407
57412
57421
57423
57429
57439
57444
57457
57461
57463
57464
57477
57480
57489
57496
57499
57500
57502
57507
57509
57513
57514
57517
57548
57552
57565
57568
57573
57579
57583
57604
57620
57622
57625
57646
57650
57666
57690
57697
57699
57703
57710
57714
57716
57726
57729
57738
57741
57755
57762
57766
57771
57805
57814
57821
57830
57853
57872
57876
57917
57934
57976
58061
58085
58095
58171
58177
58194
58204
58222
58228
58236
58241
58263
58276
58286
58306
58308
58309
58316
58327
58342
58354
58955
58958
58986
58991
58996
59001
59040
59050
59064
59073
59082
59107
59115
59124
59131
59149
59151
59153
59159
59173
60473
60474
60635
60644
60645
60697
60735
60741
60778
60788
60800
60804
60869
60879
60880
60885
60938
60941
60952
61457
61461
61480
61500
61504
61508
61512
61517
61519
61532
61538
61544
61555
61556
61565
61566
61576
61584
61586
61593
61600
61604
61618
61632
61635
61639
61647
61652
61658
61678
61686
61709
61725
61727
61730
61739
61750
61773
61788
61806
61807
61939
61963
61988
62046
62059
62067
62088
62089
62097
62112
62113
62128
62136
62144
62145
62160
62172
62180
62182
62205
62237
62247
62270
62287
62294
62297
62303
62313
62318
62355
62361
62379
62406
62411
62429
62436
62453
62466
62505
62526
62533
62540
62554
62558
62562
63543
63560
63575
63581
63584
63591
63609
63622
63624
65378
65397
65403
65428
65430
65439
65440
65444
65445
65448
65457
65490
65546
65549
65568
65629
65641
65674
65675
65682
65693
65694
65704
65705
65706
65718
65767
65781
65792
65795
65813
65822
65858
65863
65898
65914
65940
65973
65999
66028
66056
66093
66107
66253
66327
66353
66354
66378
66413
66423
66434
66435
66438
66442
66472
66482
66487
66491
66508
66515
66541
66557
66564
66567
66605
66621
66623
66641
66647
66659
66664
66667
66668
66682
66684
66692
66695
66717
66745
66752
66755
66758
66759
66763
66775
66790
66803
66813
66823
66825
66833
66834
66839
66852
66855
66862
66863
66870
66878
66882
66887
66891
66893
66910
66923
66939
66952
66960
66971
66976
66980
66981
66989
66993
67019
67020
67030
67036
67041
67047
67055
67072
67073
67081
67083
67089
67099
67103
67106
67113
67123
67130
67133
67141
67142
67145
67821
67828
67844
67848
67873
67915
67958
67964
67967
67970
67978
67995
68006
68018
68030
68070
68114
68125
68156
68662
68668
68684
68687
68692
68700
68704
68719
68727
68747
68764
68773
68807
68809
68813
68823
68824
68830
68868
68881
68883
68897
68917
68919
68933
69683
69704
69710
69714
69743
69748
69755
69767
70021
70094
70115
70134
70176
70182
70187
70205
70207
70211
70215
70218
70222
70227
70233
70240
70257
70267
70272
70280
70281
70287
70290
70302
70305
70306
70308
70312
70318
70319
70329
70345
70348
70353
70364
70368
70387
70434
70458
70479
70499
70552
70572
70593
70616
70619
70644
70692
70703
70752
70789
70802
70810
70865
70878
70887
70901
70903
70926
70929
70985
71006
71017
71021
71046
71064
71076
71145
71148
71157
71167
71169
71174
71194
71199
71245
71255
71279
71293
71297
71350
71369
71371
71393
71450
71503
71509
71513
71535
71550
71565
71571
71627
71642
71681
71683
71684
71693
71704
71705
71707
71720
71724
71770
71778
71791
71802
71805
71807
71819
71822
71831
71833
71859
71862
71875
71898
71915
71924
71934
71939
71943
71944
71950
71960
71963
71968
71978
71991
71993
72025
72028
72049
72078
72079
72084
72087
72103
72107
72131
72194
72196
72200
72207
72215
72219
72220
72221
72229
72234
72245
72247
72262
72274
72276
72281
72287
72288
72289
72291
72318
72322
72344
72361
72366
72387
72394
72405
72409
72416
72423
72438
72444
72462
72469
72471
72494
72507
72511
72515
72531
72541
72542
72554
72557
72558
72560
72574
72575
72576
72577
72586
72592
72601
72607
72611
72622
72634
72641
72652
72653
72658
72663
72664
72669
72671
72679
72680
72684
72686
72692
72693
72694
72703
72708
72722
72748
72758
72788
72790
72795
72817
72827
72851
72852
72884
72901
72904
72911
72982
72994
73012
73028
73030
73041
73047
73053
73064
73072
73075
73080
73083
73084
73087
73100
73127
73159
73177
73192
73198
73205
73211
73218
73255
73264
73271
73281
73289
73291
73295
73299
73303
73309
73335
73341
73356
73357
73363
73366
73368
73369
73370
73376
73377
73384
73388
73393
73401
74011
74019
74035
74040
74068
74084
74121
74134
74140
74157
74176
74190
74201
74213
74237
74246
74260
74280
74282
74290
74294
74883
74968
74976
74998
75014
75017
75030
75032
75033
75039
75049
75058
75074
75075
75078
75106
75607
75611
75614
75620
75625
75628
75630
75644
75665
75669
75692
75698
75725
75727
75741
75744
75748
75751
75753
75757
75760
75762
75763
75767
75771
75778
75782
75785
75786
75794
75812
75823
75826
75838
75853
75854
75855
75859
75874
75888
75897
75913
75918
75938
75950
75964
75986
76000
76004
76405
76426
76428
76446
76487
76501
76508
76516
76544
76575
76587
76598
76602
76607
76614
76627
76637
76640
76652
76662
76667
76676
76687
76692
76696
76707
76712
76719
76736
76742
76743
76751
76767
76790
76795
76800
76806
76812
76817
76826
76832
76841
76847
76850
76865
76868
76872
76877
77991
78008
78010
78032
78045
78051
80912
80956
80973
80976
80984
81012
81016
81026
81029
81030
81038
81049
81053
81062
81069
81073
81074
81077
81088
81113
81153
81186
81212
81234
81239
81261
81267
81268
81308
81334
81375
81376
81393
81398
81399
81496
81534
81544
81546
81560
81589
81603
81625
81646
81697
81744
81758
81785
81818
81842
81843
81916
81941
81969
82010
82040
82084
82101
82136
82203
82211
82247
82292
82307
82324
82335
82353
82395
82403
82416
82429
82438
82446
82469
82548
82553
82555
82569
82582
82585
82620
82622
82659
82681
82683
82821
82863
82877
82930
82944
82961
83029
83066
83104
83122
83137
83143
83192
83209
83220
83251
83332
83341
83366
83383
83391
83402
83406
83412
83434
83438
83440
83452
83467
83471
83476
83492
83495
83501
83541
83547
83555
83560
83567
83570
83578
83592
83596
83614
83615
83618
83637
83638
83643
83671
83676
83716
83743
83755
83794
83815
83866
83907
83913
83932
83951
83958
83974
83995
84007
84017
84036
84072
84076
84086
84090
84118
84121
84124
84141
84151
84157
84171
84180
84215
84238
84242
84247
84264
84267
84275
84277
84283
84284
84312
84314
84337
84342
84359
84380
84424
84453
84458
85008
85023
85066
85083
85109
85136
85149
85247
85291
85327
85335
85339
85341
85344
85404
85415
85441
85462
85474
85516
85537
85549
85567
85577
85597
85609
85610
85747
85777
85788
85792
85811
85823
85838
85859
85912
85932
85948
85952
85962
85981
86027
86660
86683
86697
86712
86744
86770
86795
89842
89846
89877
89899
89942
89947
89949
89988
89995
90004
90011
90014
90025
90037
90061
90069
90100
90106
90107
90125
90143
90146
90158
90174
90187
90195
90203
90211
90215
90227
90233
90237
90243
90245
90250
90254
90296
90301
90304
90318
90326
90355
90384
90497
90513
90563
90653
90680
90688
90738
90749
90876
90885
90928
90960
90968
90984
91023
91028
91052
91066
91104
91133
91216
91221
91266
91273
91297
91298
91314
91321
91346
91356
91365
91367
91371
91382
91389
91400
91409
91419
91438
91463
91482
91483
91486
91487
91499
91500
91505
91517
91535
91544
91549
91554
91568
91576
91590
91608
91617
91621
91647
91656
91661
91678
91680
91683
91701
91702
91704
91706
91718
91719
91722
91723
91726
91727
91743
91746
91747
91748
91759
91761
91765
91766
91767
91776
91777
91784
91786
91791
91792
91805
91814
91820
91828
91829
91833
91842
91844
91848
91850
91851
91852
91865
91930
91935
91946
91951
91978
91994
92003
92018
92089
92113
92125
92138
92140
92159
92166
92182
92192
92217
92228
92233
92234
92238
92245
92252
92254
92256
92270
92273
92277
92281
92282
92326
92331
92341
92352
92373
92378
92379
92386
92389
92392
