5138
4965
4960
4957
4950
680
92389
92386
92352
92341
92331
92281
92277
92256
92254
92252
92245
92238
92233
92228
37346
37303
36799
36018
35993
35918
35571
4933
27082
26571
72288
72287
72245
72049
72028
72025
71993
71991
71968
71963
71960
71950
71943
71939
71934
71924
71915
71898
71875
71862
71859
71833
71831
71822
71807
71805
71802
71791
71778
71770
71724
71720
71707
71705
71704
71693
71684
71683
71681
71279
71255
71046
70387
70368
70364
70353
70348
21086
21083
21064
21050
21045
21039
21003
20989
20963
20953
20948
20937
20909
20893
20468
20420
20398
20117
20027
19970
19940
92378
92273
92234
18316
18314
18294
18274
18156
18106
17937
17925
17911
17905
17891
17890
17888
17883
17880
17870
17868
17865
17863
17860
17858
17850
17845
17837
17833
17832
91549
17777
17769
17767
17766
17752
17722
17717
17709
17696
17685
17684
17682
17670
17669
17642
17596
17471
17368
17364
14953
14938
14858
14850
14843
14842
14835
14827
14818
14794
14793
14771
14759
14752
14744
14737
14712
14694
14646
14363
14345
14288
14284
14270
14268
14256
14240
14225
14217
14209
14203
14201
14176
14106
14094
14049
14033
38615
14021
14013
38581
13782
13779
13762
13684
13680
13676
13666
13661
13660
13648
13640
13636
13583
13579
37284
37219
37196
11584
11579
11287
11269
9907
9798
8821
8694
8653
8622
8584
8580
57254
57245
7990
7882
7846
7819
7750
56907
7739
56847
56835
56716
7543
56700
56675
56639
7481
56628
56609
56592
7430
56550
7274
56430
7256
56396
7140
7121
7113
56261
56243
56239
7066
6668
55736
55718
55712
55710
6502
6472
6455
55399
55392
55389
55377
55372
6202
55359
6024
5981
5563
5555
5476
5472
5210
5197
5196
5150
5135
5115
5095
5060
5046
5007
4992
5009
4970
4961
4988
4954
4947
4946
4945
4916
4909
4935
3931
3923
3544
3513
3474
3448
3447
3442
3434
3411
3408
3395
3393
3388
3376
3362
3360
3342
3329
3327
3266
52423
2812
2781
27219
1865
1876
1843
1836
1827
1735
1427
580
414
291
320
232
174
71944
71819
71297
70619
21093
21040
20467
20446
20434
20407
20406
20311
20288
20283
20150
20008
19943
92379
18499
92217
18300
18270
18196
18216
18151
91791
91792
17961
17912
17913
17884
17909
17847
17824
17811
91544
17761
17745
17677
17574
17487
17440
17405
17397
17284
90355
15795
15711
15697
15718
15014
39587
39550
14940
14857
27168
14847
14825
14750
14734
14691
14678
14653
2160
38823
38802
38775
38739
1809
38706
38623
14043
38607
38495
38487
38486
13885
38473
13874
13867
13877
13685
13678
38128
38124
38122
37592
37563
511
37362
456
450
37293
37275
37216
37175
37171
37162
273
37141
36817
36811
11664
11612
11585
36015
11384
35976
35967
11348
35941
11325
35224
35219
35197
35181
35167
35160
10393
10356
10019
9978
9967
9933
9871
9866
9855
9820
9815
71245
8796
8626
20498
8024
7978
7974
7957
7952
7951
7891
7918
20095
7806
7743
56875
7718
56876
56828
7671
19980
19951
7613
56772
7585
56728
7571
7542
56647
7454
56611
7434
7266
7174
7065
6739
6713
6703
6674
55756
55720
55707
6498
91784
17959
17935
17919
17885
17881
5504
5385
5275
17507
5162
5161
5156
5144
5127
5053
5107
5044
90384
4023
3605
3470
3487
3458
3429
3386
3357
3328
3281
15565
3305
52455
15552
3279
52411
14804
27093
27091
14817
14788
27077
27038
27023
14662
14689
14604
26893
26884
2210
26773
26761
2153
26714
2136
2147
2132
26712
2128
2113
26706
26719
2126
26697
26695
26694
26699
2106
26684
26696
26667
14355
26670
14362
26666
14304
1998
1981
26574
1791
14060
13669
1242
38126
1222
493
464
288
170
11575
11293
70616
14954
21092
21079
14905
20985
2544
21001
20972
20961
20905
20897
20891
8598
20702
2131
26698
20499
20477
20429
20425
1978
20364
20336
20304
14108
20232
20179
7878
20167
20159
7869
20158
20137
20055
20054
7676
56839
7682
19971
7654
6378
92392
92373
6268
92282
18503
18501
92270
6176
6158
18433
18429
18427
18362
18353
18324
18311
18299
18272
18267
18118
18042
18010
91786
17993
17989
17947
17922
17906
17894
17892
17856
17855
17853
17849
17842
17825
17802
17800
17788
5478
17764
17749
17747
17718
17668
17654
17636
17619
17612
17603
17588
5270
17559
17557
17552
17534
17521
17516
17426
17413
17391
17387
17381
5073
17377
5039
5038
17305
17300
5004
5022
4993
4981
4952
4949
17062
17018
16407
3972
3965
3960
3932
16195
16183
16180
16173
16162
3633
3623
3594
3541
3527
15794
15786
15783
15762
15755
15770
15756
15740
15753
15752
15748
15731
15743
15739
3428
3433
3404
15693
3402
15691
3416
3358
15624
3321
15602
3334
15594
15584
3270
15517
52400
15531
15529
15523
52417
52401
15519
15518
15511
15210
15208
15195
15189
14993
15008
14992
14983
21121
14970
14937
14908
27227
14920
14917
14916
8775
14913
27216
14898
8750
14888
14869
14884
14880
27171
14859
2567
8712
8695
14848
14828
14830
14854
14809
14824
14851
27088
14799
8654
14815
14786
14770
14785
27070
27057
14768
27047
14758
14756
27054
20903
14777
8591
14732
14722
14718
14728
14699
14697
14667
14666
14648
14638
26925
14620
14635
26906
14632
26912
14610
14594
14588
26779
26766
26777
26700
26715
2097
26690
26689
2085
26664
14360
20472
20458
14307
20441
1971
14275
14290
38854
26572
14246
14229
14095
38651
1754
38561
13951
20101
13878
13871
19931
13780
13768
13767
13765
13761
13749
13747
13663
13609
13602
13584
37577
37366
37298
37243
325
37182
300
37187
37180
37145
37139
239
246
242
226
211
173
152
181
176
148
92326
18415
18174
91848
18069
18060
17933
17929
17817
11676
17815
11659
11638
11653
11652
17796
11645
11642
11641
11634
11602
11557
17692
5397
17686
11527
11507
11493
11480
11464
11444
11395
11377
11360
11352
11344
35903
11324
11323
11321
11319
11304
11273
11250
72281
10402
10401
10394
10389
10387
10354
10346
10337
4020
4018
3976
4016
16225
10018
9988
9984
9981
9973
9970
9961
9959
9955
9932
9947
9943
9941
9938
9934
9898
9877
9874
9867
9860
9854
9828
9810
9808
3392
15681
3368
3353
3286
3315
3320
15598
3317
3288
15589
15571
15550
15537
15010
14987
8814
21112
8820
8816
21116
21103
2646
8799
14948
14919
8787
27226
8786
8785
8809
8780
8805
8776
21038
14907
8756
8738
8734
27174
8721
8715
8686
14832
8680
8678
14826
8663
14849
14820
8656
20939
8643
14776
8625
14772
27063
8621
14767
14738
20900
27049
27032
20881
27044
27043
14741
27026
14766
8577
14713
14600
14586
20703
2098
26669
2022
2021
14216
20342
20343
1903
57227
1867
20307
8018
8017
1846
7997
20293
7982
1813
20270
20267
7975
7969
7958
20253
7946
1812
14074
1770
7885
7883
7881
1729
7875
20161
7863
7862
7858
7850
7847
7845
7842
7839
7838
7816
7831
20103
7829
7824
20121
1668
20109
20098
20085
20051
20053
20052
7746
20043
7726
20042
20014
7737
7730
20015
56885
7714
13864
56899
7713
19986
7712
7702
7697
7674
19972
19955
7664
7660
7633
7630
13769
7625
19926
7623
7622
7621
7620
13760
7609
56754
7597
7591
7590
7589
7583
1421
7572
7550
1387
56682
7523
13667
56698
56663
7506
56651
56649
7492
7485
7477
7468
7465
1308
1305
7428
7427
7415
56552
1212
10385
7289
7282
7259
7237
7236
7233
7220
7206
7193
7191
7177
7175
7169
7167
7152
7145
7118
56273
7116
7114
7096
4021
7093
7099
7079
7042
15728
3426
15708
15695
3435
3406
3421
6493
6444
15608
6092
18310
6001
18293
18283
15193
5889
5866
5821
5693
14879
17917
5559
5537
5524
17820
11665
17778
5459
5474
5473
17771
11620
17755
5466
17756
17743
5454
17724
17739
5424
11570
11568
5394
11532
11453
17576
5273
11364
5213
5208
5204
26707
11295
14309
2020
1992
5054
20338
1878
5015
1834
7985
20217
38560
7811
7688
7680
19974
7684
19973
7675
7646
7647
13764
7612
7605
7604
19905
7602
1422
7556
35213
1396
1383
13662
7511
7486
1324
38164
13586
1284
1259
1225
1179
10357
7276
10349
7243
7228
7212
7162
4025
7102
4019
3961
3938
16220
10031
16175
10012
9991
9969
37596
9965
9956
9945
9944
695
9925
9920
9913
9905
9892
9885
17550
9858
9824
5187
9802
17452
5145
3580
3574
3575
3548
463
3547
6580
15788
5037
15760
20383
55728
381
3424
3427
3407
1886
1856
313
8010
1852
4989
3383
297
1844
7995
3340
3324
241
240
3332
15583
15597
15588
52437
6347
164
7864
15512
7595
7593
18305
1364
13670
15199
1182
15017
14996
14982
8802
14942
14929
21055
14896
14901
14881
21028
14870
27167
8703
14860
20957
20946
14795
27059
14745
8594
27018
5481
14710
14703
3943
14669
14641
17657
9954
702
703
9931
9918
17582
5280
5274
17565
5217
26701
5215
6740
9822
5225
6732
6693
542
17464
5155
17463
11312
7431
14332
5108
460
37340
458
1982
26577
3545
1969
20413
20390
57230
20351
20366
14215
20353
14202
1910
1909
14208
15736
20357
8052
1898
15725
3436
8051
4972
20318
38760
1893
365
6504
1889
4973
3430
1887
14956
4956
8028
1870
8023
14939
8788
14932
8026
8006
8768
3370
7960
38676
250
3325
3326
15607
3318
6382
20188
15569
7879
7723
20012
7700
5337
9953
5282
9873
1417
7561
1385
56712
1356
5118
1263
1226
14280
453
475
37335
1211
6586
5050
1202
3420
37236
14855
7173
14841
20157
7855
1223
7735
7618
691
6438
280
5277
1382
71293
9818
9825
177
5195
1315
2095
5152
6688
71978
5132
3567
3582
7051
20487
6633
37349
38123
1256
20473
3557
20460
20464
7756
1209
1195
1192
15784
37283
20399
5018
14205
9819
1340
5191
10384
3440
1858
184
7956
260
7582
7575
17928
1184
14626
14627
20197
7424
1908
172
14597
15744
37997
205
1254
1821
1244
1188
17759
5455
8807
1287
14676
3417
37153
20349
