0
1
8
12
17
21
22
34
35
44
50
51
52
53
54
55
59
72
78
79
81
82
83
86
88
90
91
94
95
96
97
101
105
108
110
113
114
115
116
119
122
126
127
128
144
150
159
164
176
177
193
200
209
213
214
216
222
225
231
233
234
246
247
249
252
253
258
264
269
275
279
283
290
297
298
303
305
318
323
327
330
336
352
361
367
370
383
385
386
388
391
397
402
409
415
418
424
427
430
431
438
442
445
447
449
450
452
454
455
458
459
480
487
489
492
497
503
504
505
506
507
510
513
518
528
538
541
542
549
551
558
559
568
574
576
581
598
599
601
607
613
614
618
622
633
639
645
649
656
658
663
666
668
676
682
684
691
692
697
704
708
709
712
714
720
721
726
729
734
746
749
751
754
757
771
772
777
778
780
786
793
804
805
807
809
821
822
827
829
833
835
842
845
847
855
857
860
864
868
869
873
874
878
881
882
883
887
890
891
892
896
906
913
921
923
926
934
948
959
1008
1015
1016
1031
1037
1041
1050
1060
1070
1077
1078
1079
1095
1117
1127
1148
1173
1176
1199
1209
1219
1224
1226
1250
1261
1284
1295
1317
1330
1335
1344
1347
1372
1394
1399
1414
1424
1428
1435
1450
1465
1472
1474
1517
1520
1528
1539
1540
1542
1554
1558
1561
1572
1599
1624
1645
1650
1656
1657
1673
1694
1716
1734
1748
1755
1766
1773
1788
1795
1801
1804
1808
1811
1814
1856
1863
1875
1881
1892
1903
1904
1936
1937
1946
1948
1961
1986
1992
1995
2001
2016
2018
2044
2055
2086
2108
2112
2118
2120
2123
2150
2160
2176
2179
2185
2189
2205
2209
2214
2215
2217
2218
2220
2240
2250
2260
2261
2274
2297
2315
2319
2320
2322
2323
2325
2345
2347
2349
2350
2354
2371
2372
2396
2408
2409
2411
2414
2417
2420
2422
2426
2437
2443
2445
2446
2447
2448
2450
2451
2452
2453
2456
2459
2463
2468
2469
2481
2496
2508
2516
2517
2521
2526
2541
2542
2545
2546
2547
2548
2555
2566
2573
2578
2582
2584
2590
2594
2603
2609
2615
2618
2620
2621
2624
2625
2626
2630
2634
2635
2648
2655
2661
2666
2668
2683
2693
2695
2697
2701
2706
2719
2721
2724
2733
2737
2751
2753
2755
2756
2765
2768
2775
2786
2788
2793
2800
2808
2813
2819
2844
2845
2848
2849
2865
2868
2871
2876
2879
2880
2881
2884
2886
2890
2899
2909
2912
2918
2937
2942
2945
2946
2954
2965
3003
3024
3052
3070
3071
3073
3074
3100
3110
3119
3124
3150
3155
3157
3162
3163
3175
3184
3185
3209
3213
3249
3261
3275
3278
3281
3292
3302
3306
3309
3343
3352
3355
3356
3371
3372
3376
3382
3391
3406
3433
3439
3449
3464
3465
3471
3478
3480
3492
3513
3514
3516
3526
3565
3574
3642
3664
3708
3730
3744
3757
3786
3800
3804
3823
3856
3864
3909
3920
3937
3956
3975
4008
4032
4061
4072
4091
4093
4103
4106
4131
4149
4190
4193
4211
4238
4251
4276
4362
4380
4398
4399
4419
4427
4430
4439
4440
4461
4463
4471
4480
4483
4517
4529
4532
4546
4566
4577
4593
4612
4616
4631
4649
4655
4708
4725
4726
4729
4753
4768
4773
4786
4788
4803
4805
4811
4816
4824
4826
4827
4856
4869
4871
4882
4883
4889
4906
4913
4918
4920
4921
4922
4924
4926
4931
4939
4944
4950
4951
4972
4980
4996
5030
5033
5037
5052
5077
5096
5103
5114
5128
5130
5133
5146
5149
5157
5159
5172
5182
5187
5189
5196
5198
5204
5213
5215
5218
5227
5241
5242
5249
5273
5283
5296
5302
5308
5309
5313
5314
5318
5322
5326
5327
5339
5343
5345
5349
5355
5363
5370
5374
5385
5387
5397
5405
5408
5415
5416
5423
5435
5438
5441
5442
5449
5451
5455
5458
5459
5461
5462
5466
5472
5479
5484
5501
5506
5508
5509
5512
5513
5516
5518
5520
5522
5528
5536
5545
5547
5549
5551
5552
5559
5567
5571
5574
5580
5582
5584
5586
5589
5590
5596
5604
5611
5629
5632
5636
5641
5642
5648
5665
5672
5675
5676
5678
5679
5681
5686
5688
5692
5693
5695
5709
5717
5724
5725
5728
5730
5733
5739
5742
5743
5746
5750
5756
5757
5762
5763
5764
5770
5771
5782
5787
5793
5796
5798
5804
5808
5810
5812
5813
5815
5819
5820
5821
5823
5825
5826
5829
5830
5833
5836
5838
5839
5847
5856
5858
5861
5867
5873
5874
5875
5876
5881
5882
5884
5888
5889
5890
5891
5894
5900
5901
5904
5906
5907
5910
5912
5914
5922
5925
5930
5933
5935
5937
5940
5941
5942
5946
5954
5955
5956
5958
5964
5965
5967
5968
5972
5976
5980
5983
5987
5988
5989
5993
5997
5998
6001
6004
6011
6013
6015
6021
6030
6035
6040
6048
6051
6052
6057
6058
6063
6070
6079
6082
6083
6086
6087
6094
6096
6097
6098
6099
6101
6103
6106
6109
6118
6119
6120
6121
6130
6131
6134
6141
6145
6148
6154
6155
6157
6161
6163
6169
6173
6174
6176
6183
6187
6189
6190
6191
6196
6198
6199
6200
6208
6209
6213
6224
6226
6233
6234
6242
6244
6248
6249
6250
6251
6264
6270
6273
6276
6281
6283
6286
6287
6288
6289
6295
6298
6299
6301
6304
6305
6306
6308
6309
6312
6313
6314
6319
6320
6321
6323
6326
6333
6337
6344
6349
6352
6359
6362
6374
6377
6378
6381
6382
6383
6384
6387
6392
6394
6398
6400
6401
6407
6411
6413
6414
6415
6422
6425
6427
6430
6431
6437
6441
6446
6451
6452
6453
6457
6462
6463
6468
6471
6472
6474
6477
6487
6491
6492
6495
6498
6499
6500
6501
6507
6509
6511
6512
6515
6521
6523
6529
6530
6537
6539
6549
6550
6555
6559
6561
6573
6576
6577
6583
6588
6591
6593
6603
6605
6606
6607
6612
6613
6614
6615
6617
6620
6624
6626
6627
6629
6635
6639
6640
6643
6644
6646
6650
6651
6653
6656
6658
6659
6663
6665
6666
6667
6668
6682
6685
6689
6696
6697
6698
6699
6700
6704
6705
6706
6707
6709
6711
6712
6724
6725
6726
6727
6729
6731
6732
6734
6736
6738
6739
6741
6742
6744
6745
6747
6749
6750
6752
6754
6757
6759
6760
6761
6763
6765
6766
6767
6770
6773
6774
6776
6777
6779
6780
6781
6782
6783
6784
6785
6787
6791
6793
6794
6799
6802
6803
6807
6812
6816
6818
6819
6821
6822
6824
6829
6833
6834
6835
6836
6840
6841
6842
6843
6844
6850
6851
6859
6861
6863
6864
6865
6867
6869
6870
6872
6873
6876
6877
6879
6880
6883
6885
6887
6888
6889
6890
6892
6897
6900
6901
6904
6908
6910
6911
6913
6914
6916
6920
6921
6923
6924
6928
6930
6932
6934
6935
6941
6943
6945
6950
6952
6953
6955
6957
6958
6959
6964
6968
6971
6972
6974
6976
6977
6978
6980
6981
6984
6986
6987
6989
6990
6991
6993
6995
6997
7000
7002
7008
7009
7011
7012
7013
7015
7019
7020
7021
7025
7026
7029
7030
7032
7033
7040
7045
7047
7050
7052
7053
7054
7055
7056
7057
7058
7059
7060
7065
7066
7067
7077
7078
7089
7095
7096
7098
7099
7102
7104
7107
7109
7113
7123
7126
7128
7130
7143
7144
7149
7153
7155
7164
7165
7175
7176
7177
7180
7184
7191
7192
7193
7194
7195
7199
7200
7201
7202
7205
7212
7220
7227
7232
7233
7238
7239
7243
7245
7246
7250
7251
7254
7256
7259
7262
7263
7266
7267
7270
7272
7276
7278
7281
7288
7291
7293
7298
7314
7319
7321
7322
7328
7332
7333
7338
7339
7343
7344
7345
7351
7355
7357
7360
7361
7363
7367
7372
7380
7381
7386
7388
7398
7401
7402
7404
7407
7409
7413
7416
7421
7423
7425
7426
7428
7430
7434
7436
7437
7442
7446
7448
7450
7451
7454
7455
7459
7464
7467
7468
7470
7471
7479
7480
7481
7483
7485
7487
7491
7494
7496
7498
7501
7505
7507
7508
7515
7517
7518
7519
7520
7521
7522
7525
7528
7529
7530
7532
7533
7535
7543
7545
7549
7552
7554
7558
7560
7562
7563
7566
7570
7571
7573
7577
7584
7594
7596
7598
7599
7603
7609
7610
7611
7613
7616
7621
7622
7624
7628
7633
7640
7643
7648
7649
7655
7656
7660
7666
7668
7669
7672
7681
7684
7689
7694
7699
7703
7705
7706
7713
7715
7718
7721
7722
7723
7726
7727
7729
7730
7733
7734
7739
7747
7750
7753
7754
7755
7767
7769
7771
7775
7776
7777
7779
7780
7781
7785
7786
7792
7794
7797
7799
7801
7802
7804
7808
7810
7815
7817
7821
7823
7827
7828
7829
7830
7832
7835
7838
7845
7847
7849
7851
7856
7859
7862
7865
7867
7868
7869
7870
7876
7877
7878
7882
7883
7886
7889
7890
7893
7896
7897
7904
7907
7908
7910
7913
7915
7917
7923
7924
7926
7927
7929
7933
7934
7935
7936
7937
7940
7943
7944
7947
7948
7950
7952
7953
7955
7956
7959
7960
7961
7963
7965
7966
7969
7971
7972
7973
7974
7975
7977
7979
7980
7981
7982
7984
7985
7990
7991
7994
7996
7998
8002
8007
8009
8010
8014
8016
8019
8029
8032
8033
8035
8037
8040
8046
8047
8049
8052
8054
8059
8060
8061
8062
8065
8072
8073
8076
8078
8079
8081
8082
8083
8084
8086
8087
8089
8092
8093
8094
8097
8098
8099
8100
8103
8104
8107
8108
8109
8111
8114
8117
8118
8121
8123
8124
8130
8131
8137
8138
8139
8141
8142
8144
8148
8150
8151
8152
8153
8155
8156
8160
8161
8165
8172
8173
8174
8175
8177
8178
8179
8181
8182
8184
8185
8187
8188
8190
8192
8193
8194
8195
8196
8197
8199
8201
8203
8204
8206
8209
8210
8211
8216
8217
8221
8222
8229
8233
8235
8240
8241
8242
8243
8246
8247
8248
8249
8250
8251
8253
8257
8258
8261
8271
8274
8275
8280
8281
8282
8285
8286
8289
8291
8292
8293
8295
8298
8300
8303
8306
8307
8308
8316
8318
8325
8327
8330
8337
8350
8351
8352
8356
8358
8360
8361
8364
8369
8372
8379
8384
8385
8386
8391
8395
8405
8408
8412
8414
8417
8426
8427
8429
8434
8436
8438
8444
8446
8447
8449
8450
8454
8456
8458
8460
8462
8466
8470
8471
8472
8474
8476
8480
8483
8488
8489
8490
8494
8497
8498
8500
8502
8506
8511
8514
8518
8524
8525
8528
8534
8535
8536
8538
8540
8544
8547
8549
8551
8554
8556
8558
8559
8560
8564
8569
8570
8572
8578
8579
8582
8584
8585
8588
8592
8597
8598
8603
8608
8611
8612
8613
8615
8618
8619
8629
8631
8632
8637
8638
8639
8641
8643
8645
8647
8648
8651
8652
8653
8654
8660
8662
8665
8669
8671
8672
8676
8688
8689
8690
8691
8693
8694
8696
8701
8704
8710
8713
8717
8721
8723
8724
8726
8727
8729
8731
8732
8737
8740
8751
8755
8757
8761
8768
8771
8772
8773
8774
8775
8778
8781
8782
8783
8785
8786
8789
8790
8794
8804
8806
8807
8811
8823
8824
8829
8830
8839
8841
8854
8856
8858
8859
8860
8861
8862
8863
8865
8866
8871
8872
8875
8877
8878
8880
8883
8888
8898
8900
8904
8906
8907
8910
8911
8917
8918
8922
8928
8931
8932
8935
8937
8942
8943
8945
8949
8953
8957
8959
8960
8965
8968
8970
8977
8979
8981
8983
8984
8988
8990
8993
8996
8997
8998
8999
9003
9004
9008
9009
9011
9017
9018
9021
9026
9030
9039
9041
9042
9046
9047
9048
9051
9053
9065
9068
9069
9070
9071
9072
9076
9077
9080
9086
9089
9091
9094
9096
9100
9102
9103
9104
9107
9110
9113
9124
9125
9128
9129
9131
9132
9134
9137
9138
9142
9145
9146
9149
9150
9151
9152
9153
9154
9162
9165
9166
9171
9172
9175
9176
9177
9180
9182
9186
9195
9200
9201
9202
9206
9207
9208
9215
9217
9219
9222
9224
9228
9232
9233
9237
9238
9241
9242
9243
9245
9247
9249
9250
9253
9254
9255
9258
9260
9268
9270
9273
9274
9275
9277
9282
9286
9288
9290
9291
9293
9296
9297
9299
9300
9302
9304
9314
9322
9328
9331
9337
9346
9352
9357
9364
9365
9366
9369
9371
9372
9374
9384
9386
9393
9395
9399
9406
9407
9419
9420
9447
9459
9476
9480
9485
9486
9487
9489
9492
9493
9495
9510
9527
9529
9535
9558
9571
9581
9586
9592
9614
9628
9629
9630
9644
9645
9657
9658
9670
9683
9700
9703
9706
9707
9710
9722
9725
9726
9727
9730
9737
9741
9764
9767
9769
9772
9783
9797
9798
9801
9807
9809
9814
9834
9847
9856
9860
9864
9867
9869
9870
9872
9875
9877
9880
9886
9893
9894
9900
9917
9918
9919
9924
9934
9935
9941
9946
9947
9952
9954
9959
9964
9965
9966
9975
9976
9977
9979
9982
9987
9989
9992
9994
9995
10007
10010
10015
10017
10019
10021
10023
10028
10029
10036
10040
10049
10056
10060
10070
10072
10089
10091
10092
10095
10096
10099
10106
10108
10110
10114
10118
10125
10133
10139
10153
10164
10184
10206
10207
10222
10236
10282
10287
10295
10312
10340
10343
10353
10362
10372
10392
10416
10420
10422
10429
10438
10451
10460
10462
10482
10493
10498
10503
10511
10513
10515
10532
10535
10545
10554
10564
10570
10571
10573
10584
10586
10587
10588
10596
10598
10600
10606
10611
10612
10618
10619
10620
10625
10639
10642
10644
10647
10654
10656
10660
10662
10665
10667
10670
10671
10675
10678
10695
10697
10705
10706
10714
10718
10720
10721
10726
10732
10740
10743
10748
10751
10762
10768
10770
10773
10774
10781
10783
10787
10795
10800
10810
10811
10812
10819
10821
10824
10828
10831
10841
10844
10846
10848
10851
10855
10860
10862
10867
10868
10869
10875
10896
10898
10900
10911
10914
10917
10924
10933
10936
10937
10947
10948
10949
10954
10955
10957
10958
10965
10976
10979
10981
10983
10991
10998
10999
11034
11043
11049
11059
11062
11077
11090
11093
11109
11130
11132
11143
11146
11147
11150
11151
11152
11187
11232
11270
11275
11278
11449
11503
11515
11518
11532
11534
11535
11537
11540
11546
11549
11558
11562
11563
11567
11570
11592
11596
11598
11600
11609
11612
11621
11623
11630
11632
11635
11644
11650
11653
11655
11659
11668
11671
11675
11677
11681
11683
11684
11686
11688
11692
11719
11726
11757
11769
11770
11775
11776
11781
11784
11788
11793
11794
11812
11836
11842
11847
11848
11851
11852
11865
11870
11883
11888
11912
11916
11940
11947
11952
11954
11959
11969
11971
11972
11993
12002
12037
12042
12049
12067
12072
12095
12102
12108
12113
12115
12121
12147
12150
12153
12163
12171
12173
12180
12184
12185
12186
12191
12193
12194
12226
12234
12242
12249
12253
12269
12281
12292
12297
12299
12308
12323
12325
12330
12338
12340
12341
12351
12371
12377
12383
12395
12417
12445
12473
12493
12500
12546
12570
12580
12607
12619
12630
12631
12662
12668
12688
12689
12702
12708
12719
12723
12740
12741
12745
12769
12771
12778
12780
12789
12795
12796
12798
12805
12806
12808
12811
12813
12818
12820
12828
12834
12848
12850
12876
12903
12921
12955
13015
13026
13092
13158
13209
13227
13284
13417
13430
13491
13707
13713
13753
13820
13828
13873
13889
13899
13921
13922
13928
13931
13933
13937
13956
13958
13959
13960
13962
13973
13986
13988
13993
14027
14040
14050
14054
14067
14069
14085
14095
14104
14111
14113
14151
14156
14159
14161
14170
14184
14190
14206
14217
14218
14230
14264
14284
14298
14328
14334
14343
14349
14359
14373
14380
14388
14396
14402
14407
14414
14418
14422
14423
14426
14435
14436
14437
14440
14445
14452
14460
14478
14481
14486
14503
14517
14557
14558
14575
14585
14619
14636
14646
14669
14671
14678
14702
14724
14730
14736
14744
14756
14758
14759
14763
14766
14770
14773
14774
14777
14782
14783
14787
14790
14798
14803
14819
14823
14831
14833
14841
14846
14855
14870
14882
14890
14901
14905
14911
14919
14920
14924
14933
14935
14945
14946
14949
14952
14956
14963
14971
14972
14992
14999
15001
15002
15005
15014
15025
15028
15034
15040
15042
15051
15059
15064
15067
15071
15135
15141
15151
15152
15162
15169
15177
15194
15198
15204
15212
15215
15223
15227
15229
15235
15239
15243
15246
15249
15252
15253
15254
15263
15268
15280
15285
15289
15304
15306
15320
15321
15329
15331
15332
15337
15346
15353
15371
15374
15383
15384
15397
15403
15405
15414
15421
15430
15435
15445
15447
15450
15456
15457
15468
15478
15485
15509
15515
15525
15526
15531
15533
15535
15536
15538
15541
15546
15548
15552
15555
15556
15570
15577
15578
15579
15586
15589
15591
15597
15601
15608
15622
15623
15625
15626
15637
15646
15647
15661
15668
15673
15680
15682
15683
15686
15702
15707
15720
15723
15724
15727
15731
15745
15752
15755
15760
15763
15764
15771
15777
15782
15788
15790
15794
15798
15799
15800
15808
15813
15838
15842
15848
15862
15865
15867
15868
15873
15875
15876
15877
15887
15888
15890
15896
15898
15901
15903
15905
15907
15909
15911
15913
15916
15917
15924
15930
15935
15942
15947
15948
15954
15959
15964
15965
15967
15971
15979
15983
15986
15995
15998
16010
16018
16019
16022
16028
16029
16031
16039
16042
16050
16055
16065
16071
16093
16111
16112
16127
16129
16133
16138
16140
16143
16144
16145
16147
16157
16159
16165
16166
16169
16174
16178
16181
16188
16189
16191
16193
16194
16200
16213
16216
16219
16222
16223
16225
16226
16228
16234
16245
16247
16251
16257
16260
16263
16266
16273
16277
16278
16283
16285
16289
16290
16291
16295
16300
16304
16307
16311
16320
16326
16329
16330
16336
16341
16345
16352
16360
16362
16381
16383
16396
16416
16423
16435
16443
16444
16451
16455
16458
16476
16479
16481
16483
16491
16494
16495
16499
16504
16506
16508
16509
16511
16517
16521
16539
16541
16544
16546
16549
16550
16551
16553
16564
16565
16566
16575
16576
16578
16582
16585
16588
16596
16603
16609
16610
16614
16618
16623
16625
16639
16652
16656
16658
16659
16671
16673
16681
16690
16691
16694
16697
16699
16708
16710
16715
16716
16719
16725
16728
16730
16733
16736
16742
16744
16755
16760
16766
16769
16773
16774
16777
16790
16797
16804
16809
16814
16821
16822
16853
16854
16860
16869
16875
16877
16893
16913
16916
16917
16925
16927
16935
16943
16946
16947
16959
16962
16970
16977
16980
16993
16997
17008
17020
17022
17026
17028
17030
17033
17039
17040
17044
17046
17052
17063
17067
17070
17072
17075
17078
17084
17086
17088
17093
17101
17127
17129
17131
17137
17144
17148
17157
17164
17168
17178
17179
17180
17181
17182
17183
17184
17186
17188
17189
17192
17199
17202
17204
17206
17212
17213
17234
17235
17240
17244
17247
17251
17255
17260
17263
17267
17272
17278
17283
17287
17291
17292
17298
17301
17304
17311
17312
17314
17317
17318
17321
17326
17331
17332
17341
17342
17343
17347
17348
17352
17353
17354
17361
17363
17366
17367
17374
17383
17388
17389
17395
17405
17409
17414
17415
17419
17421
17423
17424
17431
17433
17440
17445
17446
17447
17449
17452
17454
17457
17459
17463
17468
17472
17473
17476
17478
17480
17481
17482
17489
17496
17501
17505
17516
17521
17523
17524
17529
17534
17540
17541
17550
17553
17557
17558
17559
17561
17563
17567
17573
17578
17582
17588
17589
17591
17602
17607
17618
17626
17633
17635
17636
17638
17639
17644
17645
17649
17650
17658
17660
17661
17663
17670
17671
17672
17674
17676
17678
17679
17681
17688
17690
17693
17696
17698
17706
17708
17709
17712
17715
17720
17725
17728
17729
17730
17732
17733
17735
17737
17739
17742
17743
17744
17745
17750
17753
17759
17770
17773
17774
17775
17777
17778
17779
17788
17792
17795
17800
17801
17802
17807
17811
17814
17821
17822
17829
17834
17845
17848
17849
17852
17857
17860
17861
17862
17863
17871
17872
17880
17882
17883
17886
17887
17892
17893
17894
17897
17898
17901
17905
17906
17908
17911
17914
17917
17919
17926
17927
17932
17934
17935
17941
17945
17947
17951
17952
17954
17960
17969
17973
17974
17975
17977
17978
17984
17985
17993
17994
17998
17999
18006
18008
18010
18011
18012
18013
18014
18015
18017
18018
18023
18031
18032
18035
18036
18039
18042
18043
18058
18062
18065
18066
18068
18070
18076
18081
18086
18092
18108
18111
18114
18120
18124
18128
18131
18135
18137
18142
18144
18145
18149
18150
18154
18155
18157
18158
18161
18166
18168
18169
18171
18177
18182
18189
18190
18191
18192
18193
18194
18198
18202
18206
18209
18213
18217
18221
18222
18234
18236
18240
18244
18248
18251
18255
18257
18268
18272
18275
18277
18287
18288
18289
18296
18297
18298
18299
18302
18304
18306
18309
18310
18312
18314
18316
18318
18320
18325
18328
18331
18334
18335
18336
18337
18338
18339
18340
18342
18344
18345
18346
18349
18351
18354
18357
18358
18362
18363
18365
18366
18368
18370
18372
18373
18374
18377
18378
18379
18381
18383
18385
18387
18388
18389
18392
18396
18397
18400
18401
18402
18404
18405
18406
18407
18408
18411
18417
18420
18421
18422
18423
18425
18426
18427
18428
18431
18435
18438
18440
18441
18443
18446
18452
18458
18461
18465
18466
18467
18468
18470
18471
18477
18482
18484
18485
18489
18490
18496
18497
18498
18502
18503
18504
18505
18506
18509
18510
18511
18512
18515
18517
18520
18521
18522
18523
18525
18527
18533
18534
18535
18538
18541
18543
18546
18547
18552
18558
18562
18563
18564
18577
18579
18581
18587
18594
18595
18597
18604
18613
18614
18621
18626
18627
18629
18630
18631
18633
18634
18636
18637
18638
18640
18644
18648
18651
18653
18654
18655
18659
18664
18666
18668
18669
18671
18672
18673
18677
18681
18683
18685
18689
18692
18693
18696
18697
18700
18702
18710
18715
18720
18721
18726
18730
18731
18732
18736
18740
18743
18745
18748
18751
18759
18761
18763
18764
18768
18769
18770
18772
18775
18777
18780
18781
18784
18786
18791
18793
18794
18798
18799
18800
18801
18802
18803
18804
18805
18807
18808
18809
18811
18813
18814
18815
18816
18818
18820
18821
18822
18823
18824
18829
18830
18831
18832
18833
18835
18837
18838
18839
18840
18841
18843
18844
18847
18848
18849
18850
18859
18860
18861
18863
18865
18866
18867
18870
18871
18873
18874
18875
18881
18883
18885
18887
18888
18891
18897
18898
18900
18901
18902
18903
18906
18907
18908
18911
18912
18914
18915
18916
18918
18922
18928
18929
18930
18931
18935
18939
18941
18944
18949
18950
18952
18953
18954
18955
18961
18962
18963
18972
18974
18975
18980
18981
18984
18986
18994
18995
18998
18999
19001
19002
19003
19004
19005
19010
19011
19013
19014
19018
19019
19021
19024
19026
19030
19033
19036
19044
19045
19048
19050
19051
19052
19056
19058
19060
19061
19068
19070
19072
19081
19082
19084
19088
19092
19096
19102
19110
19112
19117
19118
19119
19120
19123
19127
19129
19131
19132
19133
19135
19138
19139
19141
19142
19147
19148
19149
19150
19151
19163
19165
19168
19178
19184
19185
19186
19192
19193
19194
19198
19201
19203
19205
19208
19210
19211
19212
19213
19217
19222
19225
19226
19227
19229
19234
19236
19245
19248
19250
19251
19252
19254
19255
19258
19259
19260
19262
19263
19266
19267
19272
19273
19274
19278
19280
19282
19283
19284
19285
19287
19293
19294
19295
19296
19297
19298
19299
19300
19302
19303
19304
19307
19308
19309
19313
19314
19315
19318
19324
19325
19328
19329
19330
19332
19333
19337
19340
19342
19349
19353
19357
19358
19362
19365
19368
19373
19374
19375
19380
19381
19382
19383
19384
19386
19390
19392
19393
19394
19396
19397
19398
19399
19400
19402
19403
19406
19408
19411
19419
19421
19425
19426
19427
19428
19429
19430
19431
19432
19433
19439
19442
19443
19444
19446
19448
19453
19457
19458
19464
19467
19468
19471
19473
19475
19476
19477
19478
19482
19483
19485
19486
19491
19496
19497
19498
19500
19503
19505
19509
19511
19513
19517
19520
19521
19524
19531
19535
19537
19539
19549
19553
19559
19561
19563
19565
19569
19574
19576
19582
19589
19597
19601
19603
19609
19615
19624
19628
19629
19631
19636
19640
19642
19644
19648
19660
19661
19668
19674
19679
19680
19681
19686
19691
19694
19697
19709
19713
19715
19716
19723
19724
19728
19732
19741
19757
19766
19769
19770
19779
19791
19806
19815
19820
19826
19843
19855
19867
19872
19876
19884
19894
19895
19903
19915
19924
19925
19932
19942
19945
19952
19953
19972
19988
20009
20011
20012
20015
20024
20032
20038
20047
20048
20055
20061
20064
20069
20071
20075
20085
20096
20104
20108
20111
20112
20119
20129
20137
20138
20148
20152
20154
20162
20163
20167
20183
20185
20202
20210
20215
20219
20227
20239
20242
20243
20247
20272
20277
20287
20302
20305
20311
20312
20314
20315
20317
20322
20323
20326
20329
20336
20342
20343
20344
20345
20348
20350
20351
20352
20353
20356
20358
20360
20361
20373
20374
20377
20378
20382
20384
20388
20390
20394
20401
20403
20411
20415
20418
20421
20422
20423
20425
20429
20431
20437
20446
20450
20454
20456
20470
20472
20490
20501
20505
20510
20511
20514
20516
20524
20527
20528
20529
20532
20538
20541
20543
20544
20546
20548
20549
20551
20554
20560
20562
20565
20566
20567
20574
20576
20581
20583
20586
20590
20592
20597
20608
20610
20611
20612
20613
20616
20620
20621
20626
20636
20645
20649
20652
20653
20654
20659
20661
20663
20670
20673
20674
20679
20683
20684
20686
20687
20691
20693
20694
20698
20700
20706
20710
20717
20719
20721
20724
20726
20727
20730
20735
20741
20745
20750
20751
20753
20757
20761
20765
20769
20781
20782
20789
20793
20794
20796
20799
20800
20810
20822
20825
20834
20855
20859
20869
20872
20878
20879
20889
20907
20912
20913
20922
20923
20924
20927
20931
20932
20936
20937
20944
20946
20948
20956
20965
20967
20983
20986
20992
21009
21015
21022
21028
21060
21062
21076
21085
21092
21096
21098
21099
21103
21106
21118
21120
21121
21130
21142
21158
21175
21184
21200
21206
21209
21211
21217
21223
21230
21234
21240
21243
21246
21267
21268
21278
21298
21302
21308
21315
21330
21335
21337
21341
21353
21366
21369
21375
21400
21406
21410
21413
21420
21421
21423
21427
21437
21450
21455
21461
21462
21468
21470
21477
21494
21501
21507
21521
21525
21531
21535
21536
21539
21541
21550
21553
21559
21560
21580
21584
21600
21603
21605
21607
21865
21996
22032
22182
22327
22467
22625
22691
22773
22776
22779
22804
22814
22815
22816
22823
22830
22843
22850
22858
22866
22869
22873
22875
22961
23083
23141
23150
23155
23158
23166
23172
23177
23179
23189
23194
23196
23208
23219
23223
23229
23237
23239
23245
23247
23250
23251
23252
23256
23257
23265
23268
23271
23277
23282
23301
23310
23315
23326
23329
23335
23349
23354
23355
23365
23369
23373
23374
23375
23379
23388
23390
23391
23398
23405
23411
23416
23421
23431
23432
23441
23444
23445
23451
23454
23455
23468
23478
23481
23489
23493
23494
23496
23503
23509
23519
23520
23536
23545
23555
23573
23576
23581
23588
23596
23599
23601
23603
23606
23615
23622
23629
23650
23689
23691
23696
23698
23701
23711
23715
23755
23781
23793
23806
23810
23814
23816
23835
23839
23846
23853
23857
23859
23886
23906
23910
23917
23918
23923
23924
23927
23929
23930
23931
23937
23940
23947
23948
23951
23955
23956
23960
23961
23976
23979
23983
23985
23986
23995
24021
24028
24029
24034
24038
24041
24044
24048
24053
24057
24067
24074
24079
24089
24097
24100
24112
24114
24125
24133
24137
24143
24154
24157
24174
24179
24205
24212
24221
24233
24237
24239
24260
24275
24278
24286
24288
24293
24294
24298
24302
24306
24312
24314
24317
24318
24321
24325
24329
24330
24332
24334
24348
24352
24355
24360
24367
24375
24378
24379
24382
24383
24394
24402
24403
24415
24421
24426
24427
24433
24434
24438
24439
24440
24445
24447
24452
24456
24470
24472
24474
24488
24494
24496
24499
24501
24506
24518
24535
24549
24570
24605
24616
24638
24640
24669
24677
24701
24730
24746
24773
24776
24790
24801
24974
24980
24997
25124
25125
25232
25274
25275
25292
25296
25298
25317
25320
25328
25334
25336
25340
25353
25354
25367
25371
25376
25380
25381
25383
25385
25388
25397
25407
25408
25409
25415
25416
25417
25419
25421
25423
25426
25436
25438
25440
25443
25444
25446
25454
25463
25465
25467
25505
25507
25523
25526
25527
25529
25530
25532
25542
25552
25556
25570
25574
25575
25577
25628
25645
25650
25654
25655
25663
25667
25680
25686
25726
25761
25774
25793
25797
25805
25809
25813
25833
25842
25859
25899
25908
25910
25911
25923
25925
25930
25949
25950
25956
25959
25961
25963
25966
25970
25972
25976
26019
26025
26038
26045
26049
26057
26062
26066
26085
26091
26102
26104
26110
26124
26142
26157
26159
26163
26166
26168
26172
26173
26181
26182
26186
26190
26207
26211
26213
26214
26219
26220
26222
26226
26231
26251
26257
26258
26260
26264
26266
26268
26270
26272
26284
26303
26309
26310
26318
26321
26323
26333
26337
26339
26340
26341
26342
26348
26353
26359
26364
26375
26379
26382
26389
26391
26393
26394
26395
26405
26406
26408
26412
26421
26423
26424
26425
26427
26430
26433
26439
26442
26443
26456
26461
26465
26466
26473
26476
26486
26487
26490
26499
26500
26511
26515
26530
26541
26543
26545
26550
26551
26562
26566
26579
26582
26591
26592
26596
26602
26605
26606
26609
26611
26617
26620
26621
26624
26625
26632
26635
26637
26640
26641
26643
26644
26649
26652
26654
26655
26660
26668
26687
26689
26692
26703
26707
26713
26716
26720
26726
26741
26748
26749
26750
26753
26756
26761
26763
26768
26772
26774
26782
26786
26788
26793
26796
26798
26804
26806
26811
26825
26829
26832
26834
26837
26843
26845
26850
26866
26868
26870
26872
26877
26882
26884
26889
26895
26901
26903
26905
26913
26915
26916
26920
26921
26924
26926
26927
26928
26929
26931
26932
26934
26938
26946
26950
26954
26956
26957
26959
26962
26963
26980
26983
26986
26996
26997
27009
27013
27014
27017
27018
27026
27032
27033
27035
27037
27039
27043
27044
27047
27049
27050
27051
27053
27054
27056
27057
27061
27062
27065
27066
27072
27075
27076
27077
27081
27082
27083
27086
27087
27095
27100
27101
27103
27104
27105
27112
27114
27116
27121
27123
27124
27125
27128
27130
27133
27141
27142
27143
27145
27146
27149
27150
27154
27156
27158
27160
27161
27164
27167
27168
27169
27172
27178
27179
27181
27184
27188
27190
27191
27192
27193
27196
27201
27207
27214
27216
27217
27218
27224
27226
27228
27234
27235
27236
27237
27247
27252
27263
27265
27267
27271
27273
27277
27278
27279
27280
27282
27283
27288
27292
27294
27295
27297
27300
27301
27302
27303
27306
27314
27316
27317
27321
27322
27323
27324
27328
27329
27331
27332
27333
27336
27338
27339
27340
27342
27344
27345
27347
27348
27352
27353
27354
27357
27361
27363
27364
27367
27369
27373
27374
27375
27383
27387
27390
27392
27395
27397
27398
27404
27405
27409
27413
27416
27424
27431
27432
27437
27438
27439
27440
27443
27446
27453
27455
27459
27464
27465
27466
27475
27478
27481
27482
27483
27485
27486
27490
27493
27494
27502
27504
27506
27507
27511
27514
27519
27521
27522
27530
27532
27533
27534
27535
27537
27540
27542
27546
27548
27552
27556
27558
27560
27561
27563
27567
27568
27572
27573
27581
27583
27584
27587
27590
27593
27596
27598
27600
27604
27605
27607
27609
27610
27611
27612
27620
27634
27638
27640
27642
27646
27654
27657
27661
27662
27666
27669
27672
27676
27677
27680
27685
27686
27692
27693
27700
27715
27718
27722
27723
27728
27730
27731
27733
27736
27737
27742
27745
27752
27758
27765
27767
27772
27774
27777
27779
27782
27788
27793
27795
27797
27807
27812
27819
27820
27823
27829
27836
27837
27838
27842
27847
27848
27850
27856
27864
27865
27868
27876
27879
27881
27885
27887
27893
27894
27895
27898
27902
27904
27905
27910
27915
27929
27930
27935
27936
27945
27947
27948
27949
27954
27962
27965
27966
27967
27969
27970
27971
27974
27981
27983
27989
27996
27998
28006
28012
28015
28020
28026
28032
28034
28043
28046
28050
28061
28063
28064
28065
28066
28075
28082
28083
28084
28088
28091
28094
28095
28099
28101
28107
28111
28113
28116
28117
28124
28127
28130
28133
28139
28140
28141
28142
28148
28150
28154
28156
28163
28164
28166
28174
28194
28199
28201
28206
28208
28210
28211
28214
28217
28221
28224
28232
28234
28235
28248
28255
28256
28257
28261
28264
28272
28273
28281
28284
28289
28293
28295
28307
28326
28327
28328
28329
28335
28336
28337
28338
28339
28342
28344
28350
28351
28352
28356
28357
28359
28363
28367
28371
28372
28375
28380
28383
28386
28391
28393
28400
28402
28408
28415
28428
28430
28433
28434
28437
28438
28444
28450
28454
28455
28457
28460
28461
28462
28464
28465
28467
28468
28472
28478
28480
28489
28492
28499
28500
28502
28513
28526
28535
28536
28542
28543
28549
28550
28581
28585
28598
28607
28608
28610
28619
28621
28627
28628
28630
28633
28642
28647
28653
28654
28658
28659
28663
28668
28677
28679
28680
28683
28688
28695
28696
28697
28713
28715
28719
28722
28724
28726
28729
28736
28740
28746
28750
28751
28757
28759
28760
28761
28765
28767
28768
28771
28782
28785
28791
28794
28795
28803
28804
28805
28806
28809
28811
28813
28820
28837
28845
28848
28849
28858
28862
28863
28869
28874
28875
28880
28888
28891
28896
28898
28903
28904
28908
28910
28911
28913
28914
28920
28926
28933
28936
28947
28956
28959
28972
28975
28981
28992
29008
29011
29018
29025
29032
29038
29042
29045
29047
29048
29053
29059
29066
29080
29081
29088
29089
29094
29099
29104
29105
29110
29112
29113
29114
29115
29116
29125
29127
29129
29130
29146
29148
29150
29151
29155
29156
29158
29164
29176
29178
29183
29186
29199
29207
29212
29218
29238
29240
29250
29254
29257
29262
29264
29270
29274
29276
29281
29288
29290
29291
29292
29296
29297
29298
29299
29300
29303
29305
29307
29313
29317
29319
29320
29321
29326
29328
29329
29336
29337
29348
29351
29358
29359
29367
29368
29377
29380
29381
29383
29391
29392
29399
29400
29403
29408
29409
29415
29420
29424
29425
29429
29434
29435
29451
29460
29466
29481
29506
29511
29518
29530
29531
29532
29533
29536
29546
29548
29550
29551
29554
29562
29566
29567
29569
29571
29578
29583
29590
29591
29603
29605
29606
29609
29616
29619
29622
29624
29641
29643
29653
29654
29658
29659
29662
29673
29675
29677
29681
29693
29695
29697
29701
29705
29707
29709
29710
29713
29728
29731
29732
29735
29738
29739
29741
29743
29748
29750
29753
29766
29767
29768
29772
29774
29777
29779
29782
29785
29786
29789
29794
29796
29797
29798
29799
29802
29808
29811
29813
29815
29816
29820
29829
29836
29839
29841
29842
29852
29854
29855
29857
29866
29868
29870
29873
29876
29889
29892
29903
29905
29909
29929
29940
29944
29963
29974
29979
29984
29994
29995
30009
30012
30016
30017
30026
30033
30043
30044
30057
30062
30067
30074
30084
30087
30090
30091
30096
30118
30123
30131
30133
30144
30151
30155
30163
30168
30172
30173
30179
30183
30195
30203
30210
30219
30223
30225
30227
30231
30234
30239
30242
30247
30249
30250
30255
30256
30260
30265
30267
30274
30286
30288
30293
30312
30314
30315
30323
30328
30330
30334
30337
30341
30342
30344
30345
30351
30355
30362
30364
30367
30369
30371
30379
30380
30383
30385
30390
30392
30399
30402
30404
30405
30407
30411
30418
30420
30422
30426
30428
30430
30437
30439
30441
30443
30444
30454
30457
30458
30459
30462
30466
30471
30472
30480
30482
30483
30485
30491
30500
30501
30510
30512
30514
30521
30523
30524
30526
30529
30532
30539
30544
30557
30558
30560
30562
30565
30572
30574
30576
30580
30583
30586
30588
30591
30599
30602
30607
30608
30613
30616
30620
30625
30629
30631
30640
30642
30644
30645
30647
30649
30652
30653
30656
30657
30661
30673
30677
30687
30690
30691
30696
30703
30704
30705
30706
30714
30716
30722
30724
30725
30732
30734
30739
30743
30745
30746
30748
30761
30776
30788
30800
30804
30809
30810
30817
30821
30825
30828
30832
30835
30837
30838
30847
30848
30856
30860
30883
30890
30895
30902
30910
30916
30932
30937
30946
30955
30960
30966
30973
30997
31001
31002
31008
31013
31014
31022
31028
31045
31056
31080
31082
31088
31091
31093
31094
31095
31099
31101
31111
31113
31117
31119
31126
31130
31131
31132
31141
31158
31167
31179
31182
31186
31200
31208
31227
31232
31233
31241
31246
31248
31249
31253
31260
31261
31267
31270
31275
31279
31285
31287
31294
31298
31300
31301
31303
31308
31314
31321
31330
31332
31339
31340
31342
31347
31348
31350
31357
31360
31367
31368
31370
31372
31373
31384
31387
31391
31393
31394
31400
31410
31412
31413
31418
31419
31430
31446
31463
31468
31469
31472
31473
31477
31482
31484
31486
31494
31496
31505
31520
31523
31527
31547
31558
31568
31575
31576
31583
31589
31592
31609
31610
31613
31625
31629
31645
31658
31664
31668
31669
31672
31676
31684
31693
31705
31718
31726
31734
31736
31752
31753
31767
31775
31777
31790
31797
31805
31808
31809
31822
31838
31841
31846
31849
31861
31869
31875
31880
31882
31884
31886
31887
31890
31893
31895
31898
31900
31908
31913
31915
31920
31921
31924
31934
31939
31943
31949
31958
31964
31970
32000
32005
32022
32029
32032
32040
32049
32051
32054
32058
32072
32073
32076
32079
32081
32086
32108
32113
32139
32147
32164
32175
32207
32231
32238
32253
32255
32257
32267
32274
32275
32277
32281
32283
32289
32294
32296
32307
32314
32318
32321
32323
32325
32334
32335
32339
32353
32367
32369
32390
32392
32401
32407
32408
32427
32442
32447
32448
32465
32467
32468
32470
32471
32494
32509
32515
32530
32536
32541
32544
32548
32554
32562
32575
32577
32587
32598
32622
32646
32678
32690
32748
32769
32849
32854
32868
32871
32880
32882
32886
32902
32918
32919
32933
32947
32978
32989
32997
33009
33033
33037
33047
33055
33061
33071
33081
33092
33126
33146
33147
33156
33169
33179
33191
33205
33223
33236
33244
33254
33259
33269
33272
33273
33322
33344
33377
33386
33434
33454
33521
33527
33552
33635
33651
33656
33670
33674
33677
33686
33687
33700
33710
33714
33718
33721
33724
33727
33728
33729
33738
33745
33753
33756
33769
33787
33789
33790
33791
33802
33805
33810
33814
33827
33828
33831
33836
33843
33844
33846
33848
33855
33856
33857
33860
33865
33866
33870
33871
33883
33885
33888
33921
33926
33931
33933
33937
33938
33941
33944
33945
33946
33947
33963
33974
33977
34001
34002
34021
34036
34043
34044
34062
34066
34070
34078
34086
34097
34125
34132
34171
34188
34189
34197
34211
34245
34248
34251
34255
34256
34270
34295
34304
34309
34310
34319
34324
34350
34356
34357
34372
34379
34386
34388
34401
34413
34415
34424
34435
34449
34476
34480
34490
34491
34516
34523
34524
34526
34533
34545
34548
34554
34561
34567
34574
34578
34579
34594
34599
34601
34609
34610
34634
34686
34689
34698
34703
34717
34731
34755
34764
34773
34774
34781
34786
34790
34799
34803
34805
34814
34819
34829
34832
34867
34871
34885
34891
34916
34929
34930
34938
34946
34955
34957
34967
34973
34990
34996
35004
35036
35042
35051
35071
35092
35095
35105
35147
35175
35194
35240
35260
35272
35299
35318
35319
35327
35335
35336
35337
35342
35351
35353
35366
35368
35371
35376
35381
35406
35416
35438
35804
35817
35825
35840
36308
36320
36331
36336
36338
36339
36344
36349
36369
36388
36390
36395
36407
36422
36436
36450
36462
36486
36504
36514
36515
36520
36540
36570
36573
36575
36576
36595
36596
36602
36603
36608
36620
36631
36638
36658
36740
36741
36757
36776
36782
36784
36787
36788
36789
36801
36804
36805
36819
36843
36857
36866
36878
36897
36904
36905
36926
36935
36951
36991
37002
37047
37090
37092
37101
37108
37122
37124
37125
37176
37265
37280
37291
37355
37390
37396
37459
37494
37515
37541
37562
37669
37672
37676
37724
37743
37758
37773
37814
37825
37851
37863
37892
37924
37935
37941
37970
37979
38004
38018
38061
38080
38131
38137
38159
38193
38227
38271
38296
38345
38366
38403
38417
38437
38444
38483
38484
38495
38515
38532
38536
38546
38555
38558
38559
38574
38575
38595
38597
38630
38666
38667
38673
39175
39185
39217
39222
39228
39248
39296
39298
39310
39357
39359
39369
39373
39375
39379
39398
39424
39447
39475
39477
39494
39499
39505
39513
39526
39537
39543
39560
39569
39592
39630
39642
39648
39651
39668
39671
39677
39679
39709
39714
39722
39731
39735
39741
39755
39764
39789
39796
39800
39801
39812
39820
39827
39828
39829
39836
39842
39846
39847
39861
39878
39910
39919
39928
39938
39940
39946
39947
39949
39950
39952
39956
39963
39965
39966
39970
39980
39988
39991
40000
40004
40020
40032
40034
40053
40057
40063
40066
53893
56434
56482
56530
56560
56637
56675
56726
56747
57095
57198
57259
57265
57303
57315
57329
57366
57400
57437
57451
57489
57539
57612
57638
57688
57759
57794
57808
57869
57878
57890
57963
57993
58077
58137
58183
58250
58295
58296
58394
58423
58436
58500
58528
58530
58554
58561
58643
58663
58673
58685
58701
58706
58715
58734
58750
58823
58941
58964
59042
59047
59095
59157
59240
59250
59252
59277
59315
59363
59391
59402
59403
59433
59435
59456
59486
59487
59492
59514
59516
59524
59536
59676
59716
59741
59756
59782
59791
59797
59815
59853
59859
59885
59905
59913
59933
59947
59999
60010
60022
60047
60060
60116
60139
60152
60160
60161
60169
60192
60225
60249
60253
60264
60273
60281
60296
60302
60387
60388
60445
60471
60481
60487
60516
60539
60592
60595
60625
60713
60717
60759
60768
60776
60798
60800
60807
60809
60818
60941
60945
60971
61032
61076
61108
61111
61121
61151
61160
61173
61196
61202
61212
61223
61232
61306
61357
61368
61385
61436
61445
61496
61611
61627
61712
61718
61731
61734
61762
61781
61783
61813
61883
61931
61966
61999
62033
62050
62072
62084
62122
62124
62141
62231
62250
62262
62291
62294
62301
62344
62384
62398
62408
62438
62443
62485
62520
62531
62540
62545
62546
62581
62644
62803
62844
62915
62931
62942
62943
62953
63039
63101
63110
63115
63141
63150
63160
63234
63275
63332
63371
63405
63443
63459
63531
63561
63632
63688
63745
63840
63850
63874
63879
63994
63999
64026
64033
64057
64061
64071
64092
64094
64105
64111
64114
64152
64163
64200
64203
64206
64215
64229
64296
64364
64446
64539
64552
64623
64653
64822
64840
64858
64948
65064
65107
65119
65140
65155
65157
65217
65236
65396
65422
65495
65496
65503
65552
65592
65643
65680
65689
65700
65728
65753
65755
65769
65770
65783
65789
65814
65821
65839
65840
65847
65853
65860
65973
66120
66232
66234
66252
66261
66297
66309
66372
66539
66558
66577
66604
66770
66785
66850
66853
66880
66920
66941
66963
67020
67101
67108
67173
67181
67182
67195
67219
67220
67231
67266
67316
67339
67340
67363
67384
67394
67416
67583
67604
67622
67691
67698
67749
67826
67839
67852
67906
67914
67954
67977
68005
68013
68060
68109
68135
68137
68187
68218
68261
68283
68359
68403
68525
68625
68629
68758
68766
68772
68776
68870
68891
68902
68971
69026
69029
69041
69197
69246
69287
69317
69348
69495
69604
69633
69635
69641
69665
69675
69758
69789
69805
69823
69826
69838
69876
69887
69942
69946
70070
70115
70116
70145
70251
70398
70412
70440
70452
70521
70569
70591
70664
70802
70810
70869
70913
70914
71071
71086
71155
71176
71239
71354
71399
71427
71447
71462
71472
71484
71493
71618
71755
71760
71774
71800
71823
71833
71860
71868
71882
71896
71899
71981
72021
72158
72219
72339
72346
72419
72526
72550
72705
72747
72906
72935
72940
73124
73173
73206
73385
73492
73677
73810
73854
74101
74198
74308
74349
74570
74735
74836
74853
74983
74990
75007
75023
75066
75086
75141
75163
75223
75236
75252
75273
75282
75295
75313
75336
75360
75384
75416
75461
75603
75676
75724
75761
75812
75966
76142
76233
76270
76296
76379
76414
76415
76507
76526
76552
76639
76640
76648
77077
77187
77285
77403
77404
77437
77479
77483
77508
77518
77528
77587
77629
77680
77712
77840
77883
77914
77934
78006
78017
78021
78061
78076
78077
78094
78099
78171
78211
78241
78283
78450
78499
78503
78520
78568
78649
78673
78731
78748
78815
78871
78895
78936
78980
78994
79101
79219
79237
79268
79471
79669
79850
79950
80109
80322
80456
80707
80743
80771
80885
81146
81185
81479
81518
81587
81727
81925
81926
81948
81970
82272
82340
82367
82494
82655
82972
83045
83064
83204
83338
83482
83569
83680
83746
83808
83831
83887
83899
83987
83988
84002
84022
84036
84261
84326
84340
84377
84431
84435
84440
84457
84500
84603
84657
84692
84726
84736
84787
84799
84892
84923
84927
84972
85008
85105
85120
85123
85208
85216
85217
85277
85428
85432
85462
85545
85665
85749
85798
86009
86091
86108
86200
86339
86524
86559
86659
86826
86960
87084
87119
87191
87217
87317
87646
87673
87704
87719
87801
87839
87879
87907
88059
88291
88410
88425
88495
88534
88609
88653
88757
88758
88787
88804
88809
88830
88831
88868
88880
88895
88912
88923
88964
88982
88995
89007
89046
89066
89230
89380
89460
89614
89655
89883
89904
89942
90022
90181
90183
90250
90272
90294
90371
90372
90377
90402
90414
90428
90447
90476
90482
90489
90490
90493
90547
90558
90574
90592
90593
90626
90646
90687
90712
90761
90776
90790
90807
90808
90824
90827
90849
90872
90876
90878
90890
90906
90924
90937
90952
90960
90981
91016
91046
91058
91064
91116
91148
91169
91201
91256
91287
91354
91407
91408
91420
91459
91515
91535
91586
91617
91624
91695
91711
91712
91729
91773
91781
91786
91788
91789
91806
91855
91903
91935
91953
91954
91966
91971
92009
92064
92069
92088
92098
92127
92136
92247
92309
92312
92486
92557
92592
92662
92719
92830
92861
92894
92921
92993
93010
93025
93048
93049
93090
93103
93195
93240
93255
93294
93316
93343
93375
93414
93434
93465
93500
93619
93703
93707
93730
93748
93770
93771
93774
93796
93863
93870
93891
93918
93939
93962
93968
93981
94008
94076
94103
94116
94152
94174
94224
94261
94281
94306
94336
94345
94411
94418
94464
94471
94494
94502
94504
94507
94532
94541
94571
94575
94580
94586
94607
94608
94622
94632
94636
94647
94720
94730
94780
94820
94823
94839
94841
94850
94893
94929
94954
94980
95067
95069
95110
95139
95210
95223
95248
95323
95366
95378
95393
95507
95560
95575
95598
95647
95666
95731
95766
95789
95795
95811
95869
95910
95937
95956
96026
96052
96110
96135
96173
96222
96245
96251
96311
96324
96333
96362
96431
96466
96503
96507
96517
96563
96580
96589
96650
96667
96727
96728
96736
96854
96870
96886
96887
96891
96910
96973
96974
96975
97035
97064
97067
97073
97074
97129
97156
97179
97205
97236
97243
97288
97296
97300
97308
97337
97422
97437
97497
97498
97507
97528
97529
97534
97538
97553
97556
97562
97581
97660
97663
97779
97831
97838
97866
97867
97901
97914
97926
97933
97969
97989
97999
98003
98008
98009
98091
98103
98123
98185
98222
98227
98246
98262
98263
98278
98313
98314
98344
98349
98357
98376
98391
98434
98438
98445
98460
98479
98481
98490
98499
98511
98514
98546
98554
98559
98566
98570
98575
98604
98622
98623
98632
98633
98634
98655
98683
98684
98693
98703
98708
98723
98744
98783
98825
98840
98849
98869
98870
98882
98895
98903
98933
98939
98960
98962
98963
98965
98980
98999
99011
99014
99022
99048
99053
99064
99078
99083
99119
99122
99148
99163
99188
99191
99204
99213
99215
99223
99227
99246
99267
99307
99318
99320
99327
99348
99354
99360
99368
99377
99387
99407
99411
99417
99422
99424
99427
99430
99437
99449
99452
99465
99469
99472
99495
99524
99535
99562
99577
99585
99586
99593
99630
99638
99667
99673
99694
99711
99716
99787
99821
99855
99882
99899
99940
99993
100012
100016
100040
100045
100056
100062
100072
100075
100096
100105
100140
100149
100155
100167
100175
100179
100180
100228
100234
100247
100269
100273
100283
100322
100339
100362
100365
100396
100400
100407
100427
100447
100518
100528
100560
100618
100632
100680
100683
100737
100754
100758
100770
100775
100784
100785
100795
100819
100829
100832
100875
100883
100919
100956
100974
100979
101011
101014
101021
101034
101055
101065
101086
101091
101092
101111
101125
101191
101195
101206
101243
101257
101266
101272
101285
101309
101451
101468
101596
101635
101636
101666
101698
101728
101756
101785
101814
101817
101841
101855
101885
101895
101896
101904
101918
101920
101994
102021
102033
102081
102090
102120
102146
102183
102204
102207
102269
102275
102298
102314
102324
102441
102512
102534
102542
102549
102572
102573
102591
102598
102599
102628
102703
102721
102806
102841
102870
102875
102965
102983
102985
103034
103049
103072
103092
103133
103145
103167
103208
103214
103279
103299
103314
103328
103335
103407
103420
103431
103475
103514
103537
103544
103606
103624
103660
103661
103680
103695
103700
103714
103731
103744
103754
103796
103808
103822
104061
104095
104105
104115
104196
104246
104302
104429
104465
104487
104552
104565
104599
104625
104653
104663
104707
104748
104749
104798
104828
104846
104875
104902
104915
104971
104979
104994
105041
105065
105071
105092
105123
105165
105199
105216
105269
105313
105339
105364
105418
105425
105512
105553
105603
105619
105631
105640
105647
105672
105691
105717
105725
105733
105735
105741
105758
105771
105772
105789
105801
105825
105834
105840
105861
105893
105902
106061
106071
106086
106116
106153
106170
106217
106254
106261
106336
106348
106365
106391
106401
106454
106500
106524
106660
106669
106676
106714
106718
106725
106745
106758
106804
106805
106827
106845
106862
106875
106925
106970
107035
107070
107073
107091
107107
107119
107129
107165
107184
107191
107214
107215
107267
107274
107295
107296
107344
107366
107393
107400
107446
107452
107468
107487
107494
107503
107509
107517
107541
107555
107564
107588
107591
107592
107619
107629
107661
107663
107677
107694
107718
107722
107730
107738
107744
107747
107752
107764
107768
107774
107775
107813
107837
107852
107885
107888
107931
107975
107980
108020
108023
108034
108044
108068
108069
108107
108113
108121
108122
108146
108153
108155
108168
108186
108189
108193
108201
108203
108204
108232
108256
108264
108265
108274
108276
108317
108343
108344
108355
108392
108430
108436
108437
108438
108448
108498
108527
108532
108533
108536
108539
108545
108592
108604
108611
108667
108681
108694
108723
108745
108751
108753
108763
108774
108776
108777
108796
108806
108840
108848
108893
108923
108924
108926
108947
108949
108979
108984
108989
108993
109003
109004
109009
109022
109025
109041
109045
109046
109062
109070
109077
109079
109094
109112
109124
109125
109131
109141
109142
109146
109162
109167
109230
109240
109245
109251
109255
109281
109314
109323
109325
109333
109338
109352
109383
109384
109386
109388
109395
109508
109525
109551
109652
109689
109708
109726
109757
109782
109791
109801
109820
109869
109888
109931
109949
109955
109996
110006
110015
110018
110078
110130
110152
110170
110212
110225
110229
110285
110323
110353
110385
110407
110424
110430
110441
110451
110453
110463
110465
110485
110558
110562
110615
110645
110650
110659
110673
110693
110697
110718
110723
110762
110767
110773
110779
110819
110832
110835
110855
110858
110864
110865
110889
110909
110918
110948
110971
110985
110987
111031
111042
111052
111081
111119
111172
111174
111226
111239
111269
111278
111282
111289
111297
111303
111314
111316
111334
111378
111392
111406
111427
111438
111447
111464
111466
111471
111472
111492
111527
111559
111567
111585
111626
111645
111665
111699
111703
111739
111748
111753
111758
111764
111772
111777
111791
111809
111811
111818
111836
111850
111888
111894
111896
111918
111930
111961
111964
111969
111971
111972
111973
112019
112025
112050
112065
112070
112094
112120
112137
112162
112179
112198
112225
112254
112270
112298
112299
112328
112340
112343
112356
112360
112391
112413
112495
112521
112527
112561
112596
112630
112657
112672
112690
112703
112746
112753
112770
112774
112782
112786
112794
112798
112806
112823
112827
112833
112859
112861
112870
112871
112883
112909
112917
112934
112972
112981
113002
113014
113031
113038
113050
113081
113112
113119
113131
113132
113186
113187
113190
113216
113226
113248
113276
113319
113340
113344
113358
113373
113381
113386
113394
113418
113449
113504
113527
113532
113542
113549
113553
113557
113585
113623
113643
113666
113680
113682
113724
113725
113726
113729
113735
113739
113752
113760
113843
113855
113878
113883
113900
113908
113912
113932
113943
113961
113974
113978
113984
113991
114024
114026
114040
114049
114054
114061
114065
114066
114071
114075
