16166
16065
16031
16028
15986
15877
15842
15798
15763
114075
114066
114065
114061
114049
15723
15720
114024
15682
113991
15673
113984
113978
113974
113943
15626
113932
113912
15586
113900
15570
113883
113878
113585
113553
113542
113532
113527
64364
113504
113449
113418
113381
113358
15005
113319
64111
113248
64071
113216
64033
113190
113186
113132
113119
113081
14724
113038
113031
112981
112934
14557
112871
112827
112823
112806
112782
112770
112753
112746
112495
112413
14067
112343
112340
112298
13937
112198
112179
112120
112019
111973
111969
111930
111918
111894
111850
111818
111791
111772
111764
111665
111626
111559
111527
111471
111466
111427
111378
111282
111269
111174
111172
61076
110006
109931
109888
109869
109689
109525
109386
10937
109251
10914
10665
108979
10611
108893
108796
108745
108448
108317
108264
108193
108153
107980
107722
8786
8613
8327
8285
7239
7176
7109
7065
7025
6561
6491
6383
6173
6131
6070
5930
5882
5742
5551
5536
5462
5458
5415
5343
5189
4788
4471
4190
3642
1261
99417
99083
98962
98939
98744
397
98703
98684
98683
98634
98623
98575
98559
98554
98514
98511
98481
98434
98227
98123
98103
98003
97999
97926
97914
97901
97867
97838
97831
97779
97581
97556
97553
97498
97308
97243
97205
97074
97073
96910
96887
96886
96854
96667
96517
96362
96333
96324
96251
96245
96052
95666
95647
95378
95248
95067
94893
94820
94103
94076
94008
93939
93770
93730
93707
93090
93049
93048
93010
92894
92719
92309
91806
91781
91712
91617
91420
91058
90592
90574
90493
90447
90377
90371
90294
90272
90250
90183
90181
90022
89942
89904
89883
15995
113855
113843
39956
113394
113014
112909
112883
112861
111971
111961
111811
111739
111438
111314
111278
111119
111052
110971
109801
109726
109708
108993
108840
108204
108146
8249
32040
32000
31753
31568
31182
31095
5681
5355
5149
29367
29290
4655
28434
28232
28221
28199
27812
27758
27737
27731
27537
27439
27121
27054
26905
26786
26172
26066
26045
25963
25950
25833
25686
25654
98963
98870
98825
409
98723
23596
97236
23405
96974
96563
22804
22691
96173
22327
95575
95507
94850
93918
68013
18848
68005
67914
18381
18240
18182
67339
67220
91788
67195
67181
17985
91729
17951
67108
91695
17945
17883
17880
66941
91459
17709
66853
66850
17645
66785
66770
66577
66558
66297
16935
16893
16853
16821
16691
65840
65839
90414
65821
65814
65769
65689
65552
65422
65396
16216
16042
65155
65119
15907
65064
15890
15865
64948
15755
114071
15707
64858
114026
64840
64822
113908
113557
64296
113386
64206
113187
63994
63850
63745
112917
14440
112657
14343
112596
63405
112521
112391
112356
13993
13973
13958
63110
63101
13933
13922
112225
63039
112162
112137
62844
111964
62644
111703
111699
62540
62545
62443
111492
62250
111303
62084
62050
111081
111031
110987
110985
110948
61734
61496
61368
61232
61212
61202
61173
61151
61032
60971
60941
60776
60759
60471
60192
109325
109338
60152
109079
10740
10721
10588
59741
108776
108533
108121
107931
107774
107768
107718
8778
8704
8551
8538
8488
8472
8466
8395
8372
8364
8358
8351
8291
8151
7959
31419
6731
6453
6422
6415
6414
6344
5829
5363
5349
4430
3937
3449
99267
275
98185
98009
97866
97538
97422
23326
97064
96736
96589
18777
18378
18234
17947
17737
40057
40053
40032
39980
39970
39963
39928
39878
39842
39836
39820
39789
14935
14766
14730
14669
14636
112972
112859
14486
112833
112798
14426
14423
14284
14230
14190
111809
111447
111289
111316
61436
61196
61108
109782
109652
97288
23509
10999
10821
10783
10773
108989
10675
10667
10662
10587
10564
108806
108611
108498
108436
108203
108122
107764
8729
8701
8639
8511
8462
8385
8361
8325
32470
32073
31934
31924
31908
31893
31886
31849
31705
31684
31477
31384
6760
31248
31232
31227
31131
6452
6244
6155
6141
6063
6052
6051
6011
5987
5967
5946
5935
5933
5904
5900
5826
5825
5787
5771
5730
5693
5632
5508
5296
29870
5273
29841
5218
5242
5146
5196
29624
29591
4913
29380
29317
29146
4276
28697
4103
3864
28357
28327
28295
28261
28257
28211
28150
28124
28116
28099
28095
28082
28063
28046
3439
3464
3406
27998
27974
27948
27947
27945
27929
27910
27905
27902
27895
27894
27881
27865
27864
27850
27848
27847
27842
27838
27836
27829
27823
27819
27807
27797
27795
27793
27788
27782
27779
40066
3184
27772
27742
27722
27718
27715
3150
27736
27700
39988
27693
27685
27669
27662
39950
64539
39946
27657
27654
27640
27634
27612
27598
27590
27584
27573
39861
39847
27558
39829
113549
39828
39800
39796
39764
27416
27413
27405
27404
27390
27383
27375
27267
15002
27228
27218
27217
2621
27207
27169
113226
27154
27150
2546
2541
27128
27116
27114
2578
27101
27057
27050
14798
113112
27039
27032
27017
27014
27009
26996
26983
26980
26957
26954
26946
26938
113002
26934
26916
26877
26866
26850
26843
26870
26837
26834
26832
26829
26825
26811
26804
112870
26788
26782
26806
26774
26768
26761
26753
26750
26748
26720
26716
26713
14422
14388
26692
26687
14380
26640
112703
26621
14298
112630
14217
14206
14161
26443
26439
26364
26348
26342
26323
26318
13962
26258
26219
26214
26213
26207
26190
26186
26168
26166
26159
26142
26124
26104
26102
26091
26062
26057
26049
26038
26019
25976
25961
25959
25956
25949
25930
1394
25923
25910
25899
1250
25761
25663
99430
25650
25645
25574
25570
99307
25527
25523
25505
99215
726
99022
99053
111226
25125
98903
25124
391
24790
24701
12
24506
24501
98278
24499
24496
24494
24472
24470
24456
24447
24440
24438
24426
24394
24383
24375
24348
24332
24329
24314
24286
24278
24237
97989
24179
24174
24157
24114
24112
24074
24057
24048
24041
24034
24028
23986
23985
23983
23979
23976
23956
23955
23951
110015
23947
23931
23929
23927
23923
23918
23917
23886
23816
109820
23806
97562
97534
97497
109757
60487
23603
23545
23454
60273
23355
109383
23282
10955
10983
10924
23208
96975
96973
23166
23141
96891
23083
96870
10718
10678
22961
96650
22850
10612
108926
22815
22816
96580
108848
22773
96507
22625
108430
108034
21406
21302
21267
21121
21106
8518
8489
8286
8210
8010
31970
31920
31898
31890
31884
31882
31875
31846
7250
7245
31809
31775
31672
31669
31583
31473
31321
19061
31275
6697
18986
31261
18873
6577
31132
6500
6515
6495
67954
18745
6441
18655
18669
18638
18633
18626
6169
6163
18402
6103
6098
18392
6079
18363
18358
18349
5998
6013
18296
5976
18221
91971
5988
5941
67384
18198
5890
5867
18154
5861
5856
18142
5833
18137
5830
5819
5804
91855
67219
5764
5728
5725
5724
18012
18008
5717
18006
5695
17969
17897
5582
5574
17892
67020
5571
17860
17857
5559
17848
17845
17821
91586
17800
17788
17779
66963
17777
5484
17773
17775
17742
5435
17739
17735
17733
17730
5416
17678
17671
17649
5374
5345
5313
5249
29842
29794
5215
5157
5128
5077
29546
17189
17188
17144
17137
17101
17078
17067
17063
17075
66232
17046
17039
16875
16797
16777
16773
16733
16719
90476
16697
16614
16517
16455
16443
16396
16381
16245
16189
16144
3823
16112
16071
15942
15935
15905
15862
15848
28127
15838
15777
15760
15731
15702
114040
15622
27868
15589
40034
27692
27686
39952
39910
27609
39846
39827
27532
15064
113373
15040
15025
27265
113344
14972
14971
14956
14949
27235
14946
14870
27066
14777
14756
14575
26798
26749
112774
14460
26707
14418
14407
14396
26703
14359
14334
112561
14218
14159
14156
112360
13988
13960
112328
112270
13956
13931
112254
13899
26181
13889
26157
26110
26025
112025
111972
25805
111888
25793
111777
111748
62384
111472
111239
18903
18840
98708
18821
111042
18781
110918
18636
98357
8
18389
18404
6094
6057
18344
18336
24474
24452
6015
24439
5983
24402
24379
61223
24302
18124
5750
91789
17999
24137
17993
67173
5686
24100
24097
24089
5641
17974
24079
91711
17932
17926
24038
5590
17894
5604
5545
110018
60818
5513
23940
5549
17792
23930
109955
109996
23910
109949
23859
23857
23853
5423
17712
23839
17698
5302
109791
60592
60539
5172
5114
109551
23520
66539
23451
91046
109395
109384
60253
23354
17192
66372
17186
109388
23301
10998
10976
10991
10981
17131
109352
60139
109333
10947
17086
17084
10917
17040
17026
60060
109230
109245
10869
10841
10831
10828
10824
16970
16962
109125
10811
109124
10795
16925
10768
10743
10751
109094
16877
10705
96727
90593
16814
10654
16804
10644
10642
16790
59782
10625
59791
10619
4480
16769
59797
16755
59756
10586
16728
10573
10571
16659
16625
90402
65789
16603
16494
16481
16458
16423
108545
16362
16278
16247
16191
16174
108392
16159
3856
16145
108232
16050
22182
108265
108186
65217
16018
28289
15979
15971
28256
15965
15947
108168
108155
15917
15911
15898
22032
15888
108107
108020
108023
15788
107975
15782
114054
15680
27936
113961
15647
27935
15646
15637
107813
15601
107744
3281
107775
27837
107694
107738
39938
39812
27493
27297
14999
15014
27317
113276
14919
2626
27196
27156
14855
27141
8689
27112
14803
8637
8641
14770
8629
14774
8618
14763
113050
14736
27013
26986
8559
26997
8535
14678
8525
26928
8414
8458
8386
26796
8369
14503
8356
14481
8316
8307
8303
8300
8298
8295
14436
8337
8274
112794
8271
8257
8248
8242
14373
8221
14349
112690
8253
14328
112672
112527
26473
26427
7965
14095
14085
7927
14040
14027
7859
32427
26272
32408
7817
26220
112299
26163
93771
25972
32086
32079
32072
32076
32051
25911
32049
25908
32029
111896
7372
25797
7338
25774
1176
25726
111753
7232
25655
31790
1041
99360
25526
99320
7099
31676
7098
25507
7067
7053
7012
31589
31575
7002
6978
6968
111406
25328
31469
99048
31463
111392
111334
31446
25275
99011
6822
98980
31372
31370
19081
31373
6782
6783
31348
645
6741
31314
31303
6725
31308
19001
31294
6667
18961
18953
18935
18918
18928
18922
6620
18863
6576
18865
31141
31117
18833
98693
31101
31099
6521
92592
415
6507
31094
6501
6498
6512
336
330
6468
18764
6462
6457
18748
6431
6446
98622
18689
6400
67852
6326
6313
6312
18594
6305
6301
18597
6295
6283
98460
86
6213
6200
6199
6209
6196
6190
6187
6183
95323
6176
6174
98376
6154
6148
39940
39949
6134
98349
6130
6120
6119
6106
18385
6096
6087
6086
6083
6058
6048
18342
6040
6035
6030
6004
21369
92069
6001
39801
5989
18289
5972
5965
5980
5968
5942
5956
5954
5955
5940
5922
5937
5914
5925
67363
5912
5910
18209
91954
91966
5894
18192
5888
5884
18158
5836
18131
24260
5820
5815
15042
18114
5793
5808
27323
15034
15028
5798
5782
5770
5762
5743
97933
24154
67182
24133
27167
5648
5629
17861
8592
5522
14702
5472
23906
5451
5466
17676
5370
5385
8476
5339
5322
5318
5314
5308
5241
14445
23536
5033
14151
4856
26339
14050
10954
29359
17070
13959
4729
16730
16699
25813
16609
25809
5739
5746
5733
28696
28740
25575
4008
7026
7021
3920
5449
18955
31246
18838
383
3433
303
18720
27930
15608
209
27856
15577
17030
24669
78
3155
39991
6189
39919
18405
6082
5958
25925
5874
5823
27278
113340
5763
5756
99422
31726
27104
5547
23948
5408
5327
14517
26793
26756
8275
14437
5198
112786
14414
5187
8246
14402
8233
14264
18847
14184
26430
26264
10800
26085
4529
10656
7577
4483
25966
5997
25970
25859
25842
5876
5858
15051
5821
111836
5796
14992
96431
1127
14963
31841
7263
111758
1078
99449
25667
27172
5679
25628
5688
5675
27160
4091
18681
27125
7155
111645
25577
16383
17911
17898
5596
14819
27095
25552
25556
25542
24029
5589
5584
7113
25532
5580
25530
25529
14787
26284
5552
111567
113131
8608
892
7060
5516
7030
31609
7009
111464
5438
6198
17725
99078
14585
7640
5326
92921
31418
8384
31412
111297
31350
19060
5213
98895
6726
31285
6707
18995
6709
6696
31267
31241
98849
5103
29659
5847
24974
6559
18839
18837
5455
5397
386
28043
31468
6471
305
297
14113
6425
98633
61718
26763
31391
3708
18668
5442
5813
18875
15790
24980
18664
67839
24997
3478
27273
177
17093
109314
6320
18621
6319
14758
283
6286
18581
98499
27887
1284
18579
23960
5520
19058
214
5611
5030
5692
26424
18743
98655
15867
26689
13921
5479
31592
31111
279
31394
98869
5838
40063
1015
98999
5636
3516
92662
298
18891
5567
14790
25680
28034
5182
164
14104
