159616
101196
101174
159759
101172
40943
119464
139138
139159
40919
139154
40869
40944
40913
151648
116699
129938
116695
116701
129737
129708
151194
116648
116651
158567
139846
158568
139906
93527
93469
139882
139877
158585
151164
158507
120437
120434
136674
61720
25533
61990
61726
25490
23611
23646
151204
151177
142678
100473
100977
158499
136681
136655
151094
136575
120309
136644
25436
24033
136651
25889
143357
62156
143391
101072
62099
101068
62252
101181
143385
143492
101062
151125
62306
62313
101219
62415
101241
101255
25757
25723
25862
62935
62882
25970
120282
25806
25846
136517
136524
136499
158415
136588
136479
136467
136439
136586
158472
158444
160168
136589
158478
40958
41069
139092
41087
41051
41052
138866
160148
160096
119286
160089
119271
138916
93640
140137
140049
158422
140136
140022
93712
140077
139987
93629
93685
41121
41100
41247
41022
41028
158354
158404
140211
140114
93985
41026
41421
41314
41042
93829
41338
41292
93772
158398
119299
125272
125237
125240
125261
119358
41162
119324
41169
41170
119328
41098
160080
101486
101371
101338
101359
139039
139112
119389
139111
138918
160029
160036
159964
138956
119345
138992
119336
43355
43831
159930
101303
43935
101307
43934
136663
125189
125242
152549
125154
44188
152616
152614
152622
44148
160311
101561
101522
101515
102206
43970
43971
102198
41301
159982
102370
101564
101549
160316
159997
44187
136995
136628
136629
152532
44267
136888
136924
137232
137087
137252
136951
90181
137077
136936
152402
137109
90184
137279
90204
90229
90316
125141
101690
101616
101568
101682
101687
101586
101713
152389
138682
138635
138629
160564
160608
138795
138828
138705
138781
138736
119207
101771
101882
101646
101436
101429
101778
101807
160546
160548
101857
101833
101894
160490
101851
101843
101853
160544
101810
44304
44651
44640
44599
103435
103400
103425
101741
160712
160619
101753
160628
160539
101719
101674
160580
101668
160918
44693
160699
160760
138134
90832
151416
151351
124457
151435
151409
151440
151571
151429
151543
151517
151508
151535
151751
138621
138180
90978
138097
138210
138321
138442
90998
151914
138218
151912
138124
138747
151946
91002
48196
48200
124459
124455
48176
48048
48082
48037
124634
44712
44705
44713
46483
46383
160794
124785
94653
94634
163877
104358
137734
43847
163819
163855
137761
137766
137756
104410
104374
163871
43881
95317
43765
43766
42738
43814
43933
43805
43667
43757
43787
48031
48022
48028
163804
163807
48015
47988
163685
47985
161051
46521
102032
102025
102020
46402
102015
104255
46537
102063
102065
161086
102052
102059
102054
102053
104273
161070
48000
47997
47980
47950
104281
124645
104300
47956
47972
102044
104304
161120
160936
95175
43680
43592
43563
43573
43649
43551
43655
119081
163651
163663
137814
137819
163645
137818
101937
118831
94709
141335
157709
141221
94609
141125
141204
141161
94626
141087
141131
157779
135963
135948
94530
120006
157906
141080
157811
136024
42613
119125
138550
138538
138573
94506
94362
94466
94434
90878
42422
42605
42460
42558
119093
94482
138706
119196
138651
138658
138590
138656
119178
119161
119145
119136
26433
136091
141029
141038
157931
140971
140900
157945
157974
136132
158003
136168
136077
140273
140261
140292
140168
26080
158342
26030
136357
136442
160931
42287
94235
94248
94314
42279
42273
42243
42229
41521
42213
94049
158051
26373
26215
26209
26123
26095
26116
136298
158112
94244
140720
158173
136208
136285
140500
140549
158185
158176
140306
120067
136191
119086
136307
136311
120086
94069
94095
94131
94093
94123
136325
158169
136350
140346
48119
48125
47352
48108
98648
44182
23092
94448
23087
99610
23033
90210
90223
90115
65468
65472
90243
99708
99680
141851
125917
163963
128596
163931
163970
125933
141859
160581
141849
141857
17072
17088
92377
92379
17133
92118
92130
92170
66934
66988
66879
69917
70916
69895
69907
69865
69901
70987
70931
48318
48212
48173
48279
26308
42601
26314
48215
48062
48160
48154
70896
47957
47910
70878
69775
69457
69663
70848
69756
69709
69769
98464
97789
69416
37343
69649
69481
97664
97689
69356
69379
97794
98537
97766
97619
97731
97807
98546
97607
97716
24472
152607
66850
66769
46028
66794
66777
24745
24749
46218
97754
98526
24700
98509
98523
24476
24503
24520
24497
45871
24661
45887
66911
46213
24558
24683
45974
46042
46078
46006
46087
24736
46100
24717
45979
91850
66742
66723
66578
66554
91744
66596
66631
59270
59391
59381
11778
11766
27760
86599
46260
64790
41342
46210
120314
86588
46208
86607
46223
46217
26505
86616
46939
27727
27740
46857
27654
46902
27694
46914
80110
80088
80137
27648
11788
27669
60087
41213
41208
41224
41201
41188
48221
80248
80214
80246
27738
11822
80204
11820
80176
41308
22916
41345
41281
41258
41278
60116
60103
60118
80254
80235
27677
41347
26625
57685
79371
91926
91836
91795
93645
12519
12512
83378
16961
37188
37199
91979
16987
16965
17049
91946
16950
37084
37097
136536
37083
91887
91897
57602
79207
57628
26556
79255
37219
79357
26600
79262
37215
37234
72995
79099
79129
57551
11869
11878
98269
37167
79179
57626
17044
51371
98091
30836
12625
12602
30817
30853
51387
30907
98190
72921
72929
72912
72906
51782
98167
51784
72955
98263
72891
51752
98116
30871
66599
66644
45907
45860
45962
66531
38561
45755
24405
45844
45836
45820
24355
45822
24340
97603
97453
24485
24380
24477
24429
24469
98107
56565
45713
77537
25485
25517
25618
77061
77473
55616
77494
77513
36444
15395
35065
90076
84829
84811
45113
63760
25360
11148
63628
45026
63683
45062
63707
84814
63614
55737
63602
44982
25357
44993
45023
25336
76911
50027
80127
80098
11814
80202
64437
55611
35064
35043
94104
77030
88421
15368
24259
24252
100613
74779
55406
143359
74811
55434
74825
74785
55432
36427
36384
18153
36415
43562
100878
55728
36736
100862
100848
100801
100870
100871
75057
25218
43510
100747
74991
100769
100733
100719
43398
162060
74879
74894
24460
24466
100659
100698
100708
24490
43470
55508
18186
101839
36446
18167
91852
55743
55677
55669
55684
18451
158439
55548
55558
158562
55660
36476
91861
91845
36651
18374
67882
67872
67858
91953
91871
36517
91914
18206
10704
26681
47789
47751
26719
47764
26712
43511
92082
43564
92138
92091
18351
18311
92013
36548
36633
36587
68027
67971
47815
55478
78558
78572
55487
34293
78612
78596
81374
34999
15313
34925
15341
55773
34916
34862
55359
76923
34864
152354
34630
55768
15134
55528
45086
76889
55502
55469
76791
55446
15044
55492
34565
34590
76849
15099
26808
26816
26853
10742
10718
47907
47977
68066
68078
10760
68148
26934
26906
92265
68124
48007
43688
92279
26927
48065
26972
27001
48128
34525
92330
74869
26988
76695
76924
48115
92292
64390
34319
78636
34328
78632
78645
34333
78654
55565
34420
78699
34377
34383
34345
81551
81479
81534
81460
116696
34349
81470
81503
81492
56087
88385
88332
88348
81566
78714
78734
55625
78743
10779
10805
78840
10815
87674
87711
87739
88258
15125
88234
15082
55413
88292
88165
55695
34474
64283
64293
64368
88243
87758
87935
87875
57666
57638
47333
64282
64316
64399
99575
44075
23013
44086
23026
23019
43219
43249
64427
43166
44048
44068
99283
151820
99702
99308
99642
70395
70532
70404
70458
70502
99175
24948
25005
47160
70544
70538
70712
47208
47195
47260
47297
15055
47812
47852
47102
47121
68672
68766
69420
69241
97646
68655
68633
97656
24197
45642
24954
24223
55752
24165
24210
99520
96929
70130
70171
70100
99439
70066
99242
47177
70656
70592
70606
67910
67941
70202
70183
68458
68471
70639
70615
70625
47049
70631
68676
68718
68722
47002
47018
46982
64311
64306
43110
45639
64149
87979
66458
64233
34542
66466
45485
96824
96880
96858
24170
24079
24059
45543
87894
68371
68607
68404
101727
68430
68595
68660
68621
97615
97405
97254
97430
97426
68297
97561
97334
97382
97339
97566
97596
67770
67761
67759
67641
67738
68243
67728
68225
68968
68998
67735
97352
97230
16707
83949
32963
16717
16712
63554
83937
32822
51708
32820
83909
51732
32902
83917
16699
51737
32947
15443
80141
15425
81611
34492
56197
35186
101792
85203
59518
59566
103462
38858
59525
59538
38813
15400
15413
92970
38750
92953
70278
17960
70302
17985
35077
138674
38881
93085
70350
18077
51681
38930
93246
18143
18375
18177
51735
93355
70382
93325
70510
93372
93203
70536
93399
93369
44583
93343
70468
93029
45387
64089
66453
96685
24102
47857
96728
96768
96570
96539
23937
96461
45509
45466
96705
87750
63977
63987
94193
45283
64009
64033
45321
45330
64053
85232
34547
17237
17223
55746
45264
42855
63906
63934
66761
66791
66831
96449
66882
66813
96514
23911
96414
85320
39017
96315
66720
38968
59711
96323
96296
68145
68278
68276
68311
68264
68237
96754
67850
68075
68363
68008
68087
68081
68130
68402
67576
84891
68170
67677
67750
67688
67667
67608
67956
67015
67994
67457
67235
68023
68028
67487
67228
84780
68039
68043
45987
46129
67589
46021
46124
45919
46056
46071
46118
46153
45855
46161
67193
45957
45786
100440
66897
45747
45946
45975
45972
45892
46034
39176
39083
45835
39055
18432
39161
45894
46037
66949
46074
18412
39273
139107
157775
39301
46046
39266
33003
93425
93616
93462
18327
93637
70562
51817
93481
68037
51831
93405
70543
93570
60138
93415
70646
68962
68846
118780
68812
67049
85843
46091
67141
67182
97127
85758
39240
59756
60145
60177
85807
39320
60183
60171
60197
60230
59769
136120
68954
32726
84052
66912
83806
51858
51929
70650
70579
70899
70586
93518
93493
51934
70664
93817
51953
39721
39218
39769
39774
60146
60167
39245
85757
94261
93545
93535
93564
94249
104262
39676
94282
158206
39681
39694
104318
39717
85649
85749
85747
85644
60095
85770
97315
16967
33111
24292
24333
97258
97269
24294
38511
97034
24306
24319
24295
24328
38542
85833
17722
38496
17708
85834
33221
51982
93948
93953
68217
51980
85675
39646
85687
85716
60121
60117
39668
39477
59832
66810
18627
93034
59839
18632
59815
39452
59830
39640
93915
70724
60042
41194
41175
60049
60076
38494
38468
59249
17665
38421
38396
138153
38393
70682
38399
17627
85725
17634
59190
59207
83285
43914
27682
59367
83250
30589
83162
12493
59322
12469
83235
83182
83261
59166
22789
98074
98104
30666
79810
79800
79859
11748
101916
85445
85442
17291
85583
59780
94179
18797
85593
39599
59983
22763
41167
12457
30562
59291
12443
30606
72197
51338
72206
72666
81408
98052
47798
79754
46713
46698
46690
79645
11702
11726
11708
59578
11736
11723
27554
92329
27485
27544
27547
27445
27449
46647
46646
11680
85595
68788
85428
85610
38227
54097
38276
116498
83030
34159
83017
83072
59086
12410
12441
30494
30546
14451
30492
14480
30527
51266
17931
83089
28398
12352
44753
12431
97921
22661
41081
54220
120952
22673
59988
22734
59929
97872
16318
97873
79634
123725
41079
72152
72120
72175
72603
49003
97926
39907
55578
71957
78863
30462
51154
40090
72095
140883
41023
140848
123627
40993
79586
59879
31006
79492
70644
38357
22609
85486
34063
82935
59032
59025
51142
30450
140528
72566
97827
51691
99525
82858
82810
85536
17322
38150
132644
17334
58943
51242
58995
82885
94026
93129
59926
85601
70842
94040
94130
85503
85517
85450
18703
93984
92645
59456
70932
38727
92809
163699
60413
87363
38712
86117
136926
86161
40984
59751
56408
40899
59699
44237
59752
79409
79475
72464
51646
97761
97742
97747
97752
67779
51658
85167
38051
12748
79527
96546
31054
101231
51654
51582
85152
66168
17981
38811
38766
38040
59758
64912
64884
102357
86204
118188
27419
27420
128953
46615
46597
78604
46625
46590
59733
11666
27387
16165
16279
32272
64501
98032
42143
142005
91427
142000
13123
68303
85024
32463
101643
68320
60228
12427
101667
85555
52536
42156
142306
94447
139077
54969
121832
54927
47728
79677
157415
86143
86149
68094
101464
118163
134556
118205
86185
118176
59100
35187
134353
134330
86041
101396
118094
86054
118108
84764
118111
134569
134567
86042
87745
96670
79738
87796
59891
118091
157323
157362
46561
27344
32856
49438
64845
46567
78546
46562
64848
61879
46509
64785
46524
27304
27309
64797
59408
11580
64834
27345
40856
96344
79330
79342
70527
38232
22476
47419
79353
59723
79245
59652
79230
123422
40790
22412
79239
11808
59655
40791
22420
72628
140605
40784
38165
22405
79345
64775
92110
27292
40435
72351
72442
72356
72347
97620
97717
32141
97705
97600
31028
51512
15026
31088
51597
60365
67226
19048
24057
39982
60299
122640
39998
92796
27853
59604
69588
86046
83763
86024
85936
59543
39864
85934
16129
97700
98387
16667
36455
68735
37100
86855
38151
38122
54042
11758
59601
27849
27945
27814
43959
27714
29382
81728
59359
27708
92657
27754
27692
29644
96264
30809
124767
142054
142026
97850
16298
32299
81059
32289
84646
31991
121474
141897
80753
31978
63953
80632
31892
15875
31910
64452
83586
66660
34673
100202
34652
34679
120900
34570
34559
70733
87147
120993
18294
34536
34521
138877
23257
121616
33787
66084
34208
83407
133565
66450
34530
93242
122410
88366
122418
28078
28149
76015
93028
28050
28107
28256
143021
143080
93265
44520
28294
122390
121709
26041
142279
60051
28281
63650
31636
31448
96881
31398
31469
13443
29509
29545
47079
30641
29539
14569
30634
29489
28395
28410
157918
55108
121996
46137
29679
29606
122009
77975
29662
122003
61472
29655
77783
29520
29738
14715
62664
30791
129718
96348
30896
30881
96331
30880
121966
47494
96437
30958
14955
31012
122025
82407
33457
17442
33670
17452
33684
86060
33409
121651
31558
33873
70887
121156
33600
33705
50044
33579
33478
37315
86064
34054
33982
17824
116437
34123
83056
34192
121083
121122
33944
17710
50315
33987
98580
81948
32977
52763
13536
13531
91987
50059
132690
37473
86202
46061
13542
91998
94968
61394
13532
91878
41445
25260
124087
86160
13501
124120
164078
127826
94389
127806
127837
132560
52775
132538
132639
85738
52774
52779
13459
13447
141889
57340
127828
46145
13660
32941
159916
123896
25928
142145
142094
73763
141887
60783
45280
163977
75342
92307
92246
85942
53016
52893
69440
53007
13566
13549
133117
92299
99276
132837
46252
13790
48839
64267
97755
48846
44262
31536
48169
63088
15531
97098
63757
63726
163924
77048
60726
13948
128746
14017
46480
128823
17867
83026
81445
46420
128758
13984
128791
14001
128809
12834
163883
163827
163889
14054
128850
41209
89721
123861
17416
53031
95430
13972
53105
141668
25633
141784
124558
141788
53069
27512
92365
91643
98249
49261
123791
73127
123943
94553
29245
13219
12832
13204
12851
13200
13663
25159
123987
13659
93874
12706
124553
12784
124016
124540
17386
141834
124571
77765
13440
124029
123980
52619
29238
13212
26942
91757
69007
52607
14031
132416
101983
52603
53240
13707
85880
52930
45192
94094
12859
52950
91307
52323
13672
132972
163841
163899
12852
101834
52257
101772
52193
93947
12757
12714
131880
42283
90732
91101
26479
91271
128352
163985
60835
164022
163989
42075
141972
13664
77939
128395
128193
45444
127794
164049
60843
164028
164037
77194
164031
29051
164041
45580
29197
127912
59704
92884
53271
27857
92800
53224
27343
43601
92179
25134
123960
141956
92116
41325
123979
160043
41359
25183
124011
33815
142062
124043
142025
50159
132862
133397
92930
99535
133052
92855
133122
25851
142053
101420
31917
15818
63918
48733
59923
64140
80736
48585
101703
76158
97907
101675
52222
68533
19221
31626
15434
48194
51347
39533
31379
47802
63160
44636
60142
121692
15024
15072
100392
133960
66853
15882
67564
15568
92691
11656
67585
75920
27971
117969
63718
67756
47871
66989
18801
100850
37393
102310
86124
86087
27626
44531
101029
51497
11488
59320
45629
13203
76239
144907
44777
59532
27803
163896
76864
60574
79137
22927
54444
38690
121179
79104
47146
62840
30936
79328
13169
94489
116595
83119
83068
17890
83054
81064
97772
16395
64312
32252
97798
116603
83125
78527
46547
128896
128818
83113
49480
97821
45253
83192
91129
83137
66923
32885
64877
141646
25496
141615
83247
45012
163762
57129
141616
14432
129236
78914
30519
129290
44983
12665
12573
163661
78884
129254
78696
129052
66515
34581
83466
163705
60387
163683
83573
96051
129345
83642
86267
84039
100652
134252
86005
64738
84730
118069
157317
83979
134221
67096
134231
132390
131845
39007
33927
133003
157026
87591
121521
54696
157451
157448
157456
64704
83629
133815
156608
65840
133028
156542
83264
66274
133405
78742
129101
156615
134014
34874
133988
117979
117982
92922
84623
117980
67841
117978
83756
51020
133972
157089
54466
157170
157166
157153
156912
38488
156923
134018
134066
134153
134160
134166
41897
82418
132548
54399
38639
66746
50939
83658
92670
59481
75642
144271
92663
59475
13222
85900
66740
83653
15971
97555
72281
12649
97579
67496
51481
152557
83701
51431
97531
51437
97588
44130
59622
27251
46466
128815
14062
46513
46474
64772
40736
70454
22381
40704
38117
22363
156442
22345
123328
140511
40691
22354
79250
30818
79216
92050
58867
27239
27223
40669
86786
22324
11527
54375
70856
157048
70695
156825
157101
99248
82626
132814
70867
54386
157064
132804
134057
64523
83018
34194
116520
17475
95408
78326
95373
97528
15944
55821
155358
101519
135298
29992
95422
139715
139763
97536
139930
92323
59708
89403
59075
27426
27360
58960
27310
97693
55925
27347
43622
59022
143856
31966
55740
122757
48931
16299
32300
24418
16664
81610
16590
16645
16563
16375
64269
16215
122661
32290
24442
140300
122695
55668
122663
55761
122794
122700
53369
62167
14293
86052
53170
92345
92343
92403
59197
92368
51571
28072
93015
59442
92631
53394
53199
92992
59421
92612
59470
92658
100987
51467
92491
86031
53151
92431
60062
93300
92602
133535
43794
92411
141592
62230
14363
30427
14384
14490
78782
14337
140921
123690
30416
62254
14383
93150
53460
59979
59960
93169
118167
93174
93156
93601
53600
36422
68552
52236
93618
93612
60277
93586
21883
53608
14348
141486
163654
93718
163662
141436
123397
90151
73472
141583
141562
40970
123604
44925
163677
93600
28511
60267
163586
141343
141401
163587
141360
123435
40941
123583
123581
162930
132286
132275
65195
82206
132303
72635
123421
140598
11712
59557
84474
162892
40803
140630
40410
123064
140622
89267
140582
81271
97942
24577
123309
163549
40690
123327
62529
14608
93443
93283
14455
140899
123670
93272
22812
121096
14615
76437
60185
93480
47169
14641
41062
24858
123649
93404
60209
93517
14612
12296
93378
93112
60107
93359
100155
50820
133676
83732
133913
93641
93551
66693
18518
133803
93561
93264
93432
53731
123431
96071
14533
72729
123517
40697
123335
120891
14461
34726
133825
66892
134008
66772
133879
66767
133874
15269
15256
96558
31061
15009
123511
53762
53988
94017
123315
14453
14449
93007
59984
12078
16326
81245
131310
56572
123709
140898
41035
123629
123635
72855
41015
123655
159645
140865
159661
41020
72856
140875
64678
40934
140788
59939
93073
163229
162947
69764
86199
92730
162940
59536
162936
136886
86129
78332
95378
13928
22022
86528
49977
132578
86225
132221
86368
162871
53514
86365
86387
86334
27796
162853
162914
162787
132607
17171
33375
132429
33388
132450
67637
19407
75658
162859
86541
24567
140472
122965
140645
97969
72551
123331
140513
140658
140521
97994
40724
140546
40408
123062
55945
123024
123034
140453
140439
140475
15602
48126
15398
15435
24791
123570
140775
163205
132901
81133
131318
162623
99375
33836
132925
131308
53860
86672
40161
122817
31949
122725
122856
122888
123138
40241
122901
123146
72415
123132
59220
162656
86573
132723
140427
72503
40600
140409
40547
140351
16074
40253
122912
72520
24536
140428
140361
40552
140358
98303
41049
140917
162760
122805
48569
122812
24195
122829
16035
15955
122878
24157
72106
15931
15821
15827
80713
15924
64096
16002
40028
15835
122978
122976
134038
83810
27151
78354
46408
27207
134065
83839
27180
40800
40637
79055
17154
92006
58843
97429
15628
71918
99245
82622
18658
51002
129705
79324
30911
66037
133192
118020
44279
144627
59806
19670
118022
84691
118036
67924
118037
134037
51761
118046
101349
118044
118045
133930
83724
133936
70602
156690
117995
156707
66128
133271
117998
156742
133909
46635
62034
128971
156478
156473
67835
51700
117975
53996
156492
156653
38353
156747
19688
118039
101321
19650
118002
118027
85928
67876
118001
69354
85883
69350
85881
51751
118033
118031
46359
64614
69358
85887
85897
85844
85767
118006
59722
67827
101278
117968
67861
117989
67871
117997
64583
64552
64593
118012
133974
133929
156379
83824
18750
18684
66868
133979
156415
156359
46564
128912
53915
156367
53907
156354
133944
133928
133689
88382
122438
71904
86472
69766
155616
95216
55533
78027
95103
95076
94863
16157
16128
23357
54884
18754
83830
134058
134070
94232
134086
100644
134242
54054
67064
134200
54099
94292
94250
164035
29080
94313
134318
127836
94424
94503
48232
80265
15527
138288
54306
54236
15867
13232
94572
94510
94516
54360
54196
54322
45717
94620
97152
15587
16144
16056
54518
48661
16026
67826
117967
78961
120981
156868
47005
78967
14548
129392
79015
11425
72569
86718
156346
70320
156300
156373
156246
156274
53835
156262
64434
133534
27025
11276
59083
27411
67164
134309
37985
22107
156196
22238
86671
22196
59396
162817
59469
59472
40529
62168
14294
30324
30309
97313
97236
85018
37976
58569
134492
29295
94604
134533
19237
134596
94676
94725
64401
85678
134453
11395
96028
78941
156090
50620
133403
134467
134447
13999
37886
156136
22078
156166
156070
155996
13949
120213
156073
134640
100885
51386
134518
37849
156084
83711
66814
133920
66866
51024
59383
50144
82649
132993
162857
67597
134747
94730
128216
45959
94876
155798
101364
135115
67891
135050
134818
78059
13697
78042
39772
21189
96213
27325
58976
11178
26401
27652
100997
117786
162758
117793
67505
117799
50305
82849
133010
78088
74955
10897
58692
55451
122383
39820
96310
78325
46957
78911
129281
78904
91779
74845
26968
101200
117934
85573
59583
117929
30418
129178
78844
78830
59151
27475
11325
77982
46133
11357
12833
36701
85522
29630
46090
78753
86297
53452
46112
123080
64263
91649
26833
38303
14362
129121
78764
64279
85603
85520
31565
15471
80138
96992
86565
40452
56040
40465
140238
56016
40445
46419
120339
70247
22118
50056
82531
33565
17341
82502
66727
83643
15495
48166
97012
50923
133900
50971
97022
128921
46643
30209
13980
37931
86569
53783
37923
43085
58423
49970
82430
96946
15345
15364
96936
71508
96971
15352
96924
96941
59274
40427
122987
55962
40392
53696
37850
22016
96836
88066
71564
29951
78437
30031
50908
83599
18500
100232
50894
33326
132368
98900
82299
82346
61763
95387
29966
39544
96884
92347
59180
40345
97587
40285
24272
40287
59146
19127
27477
59154
128603
29829
29844
66571
50818
82158
40362
59325
10297
26454
11221
27351
134227
27362
11217
85300
117817
85182
67178
51254
92219
27376
11247
34502
91414
26624
91319
26531
64062
45890
29476
45908
99576
133092
133099
101087
117851
45988
45978
27400
43664
11267
91508
26695
64187
85344
85410
85425
34162
133190
83007
50410
133151
29560
13510
46020
50763
133607
26754
64222
64238
46052
85437
85475
36642
85463
84453
117885
43678
11278
23957
39856
27157
58776
92038
58852
86122
21476
86622
37945
78377
86578
78358
78349
78337
21434
53188
21406
96525
58914
58934
128904
46587
78567
78590
92027
78584
55619
39957
40053
58999
40085
128976
14212
78643
55748
40113
78663
78673
58941
22490
95769
78692
31189
15114
96698
71302
96811
40199
59095
27448
59116
78729
122834
122895
40236
78733
78721
38226
22468
78706
118008
11974
18378
50800
11863
27970
11973
78129
29790
96796
96802
26642
10669
47735
36373
36368
50991
133883
91798
133905
91826
160103
9372
67846
67825
117966
67823
101247
67792
143286
58483
26847
58467
91663
58534
91740
143306
91696
26989
91760
50529
83111
17954
17905
34223
17891
83055
83085
17928
91752
47622
10381
26552
84507
101178
67719
83610
31533
55299
76467
12398
36309
55294
43059
74685
95554
14081
78504
14065
61889
78489
88338
55450
39779
55454
55474
66151
17964
34267
6334
9370
17923
34229
133179
34211
17940
116578
34249
10060
99720
133212
34255
15281
78414
79990
15295
46395
78342
83033
34201
96489
47557
34421
26530
74244
42564
39965
24046
139773
55699
24119
91500
74623
91672
10671
91619
91573
68326
36277
34151
17852
91536
26732
74660
10599
91243
26455
47481
54722
30990
47530
67666
36170
96900
55213
55195
36136
75671
11618
67550
91223
26443
79372
47459
91484
91491
58265
91446
78301
39716
55397
34184
34130
55300
95286
78234
78204
50405
34115
46331
95311
78270
34099
78302
78306
13725
78074
151633
33975
53613
78120
95220
78167
15107
79713
15084
163803
60554
100158
90961
42508
90982
42526
67530
47409
42896
26616
74551
91404
91363
133089
50349
17748
88079
39502
55161
63456
15354
71584
55191
78018
33872
53502
77987
26744
10565
55196
80975
42503
60523
60531
81426
48874
81081
66190
116647
26176
42476
133708
83540
34635
18385
100143
24034
158518
55620
39958
24041
100133
55131
81073
151013
67833
101285
83989
100635
51184
143702
45421
94335
102062
59081
27433
59051
143889
30973
62898
143773
42498
26197
85808
102077
17917
26303
33812
60357
81053
60338
83173
116645
160922
42278
160910
42266
142157
25966
90706
42254
24024
42448
34075
42450
31368
15268
55109
74544
35992
10391
26572
26529
91318
66372
34468
26540
91329
42390
74104
35326
74091
35977
54579
74534
97758
81040
116634
116622
129602
129623
150980
80981
97753
81032
84264
67418
26321
47319
47341
62733
14773
47339
10534
47187
26235
77825
47307
47300
144079
59198
144040
125191
26317
43995
11625
144210
43897
144196
15132
63185
17949
133276
58017
26402
26508
116632
26435
133500
34473
26587
26553
26604
65114
49674
150713
59455
27743
144296
67694
162905
144335
63444
47930
63294
63517
116649
58062
26450
64035
122774
64039
10929
27107
83644
143378
26948
58660
91865
27047
26964
91782
27010
63951
48435
63845
83628
34717
74772
26888
26875
74638
26708
26721
119928
102398
144487
43228
26957
63997
79232
14698
129583
42169
42164
88183
23717
48789
80974
80907
64128
80850
116594
50549
83132
116611
129549
132279
150798
129510
99288
25799
42090
42069
134354
35245
99348
17542
99334
99323
35296
35319
51309
35226
90746
26019
90759
25974
90715
90721
17483
132805
17465
142151
90713
25973
73976
99285
99237
25830
142023
99243
57597
90709
42265
73979
90705
38674
54431
99296
99258
10467
26174
14582
79063
47093
42466
26169
10457
129478
80809
145127
41118
159760
41099
118056
59853
56555
41053
34114
116433
133143
128875
128961
128960
48159
80152
116487
163582
60316
145134
151816
83024
116490
129006
61931
128889
93045
28062
59849
48107
80079
55232
80043
69870
102409
144602
82085
150686
144781
144751
28212
144805
102542
29896
102558
32824
49403
150330
81853
150399
144879
145070
25735
42029
23622
38641
70881
54401
99214
25903
73923
33666
99208
99407
33866
57564
90670
57525
90637
84062
35168
90700
51219
35142
26109
42414
26120
14537
47039
57585
42242
25956
90692
28411
76381
93419
44653
60159
60168
93473
60178
150709
116565
151134
99082
82468
41962
15912
80650
116547
47108
30667
47096
129387
80668
80690
116549
116537
129350
14493
129318
16937
98671
150634
116550
73905
82595
99199
88004
39417
23575
98416
150323
78702
14267
129056
78837
129200
54075
38253
14310
129036
26310
116495
133223
116526
150467
30473
129235
73227
73183
41438
73257
64786
98361
73358
81922
98556
41120
23216
64782
41140
41217
25154
73164
78382
53798
89459
66021
72775
89444
50473
66069
16960
89283
40793
89289
66106
156333
53944
53889
156324
53935
98625
54010
73418
73428
98774
132258
57047
73409
53987
141484
41604
73382
98578
150720
73374
124042
98638
98637
89996
141418
98748
23261
23340
89778
41271
73118
41279
101430
135196
76131
59953
93103
44440
59964
28218
59977
41255
90174
141607
73495
73461
82136
98741
133129
65996
89320
32454
89300
89311
89735
17035
89792
89761
89771
25271
141349
89936
124102
17009
66284
152335
34614
90634
90346
41898
60132
60122
40046
80631
15853
80584
93350
28352
60113
151174
99111
99127
82542
99146
38584
54351
57452
73863
99062
55034
23501
141319
16910
150604
41503
80308
41337
25194
41374
73102
89769
41294
89800
41297
41371
64996
33014
16880
89863
41366
76191
60002
59996
160038
41352
80314
63630
80261
60072
15778
80544
25276
41469
31870
80569
12238
93310
60088
73244
141311
141375
124130
41495
41387
60035
41419
80505
121691
39211
23384
31128
23377
93339
60091
38190
70483
54016
54091
33188
98755
89831
89805
66306
17053
33222
82177
17054
34637
89874
98652
41432
89913
50845
34639
89886
83303
26581
34453
66353
89900
66375
18180
66354
66342
89884
89944
34742
133777
34740
17114
54060
70530
54074
17101
89945
83562
133736
66695
133806
34708
26818
91593
66629
34648
150668
41527
89988
83399
66441
66438
18223
66394
90003
89947
89997
141424
90001
100194
34646
65661
42158
90607
66835
25726
90448
25792
90519
90540
90565
151184
17355
35075
54340
25698
73754
132614
99079
90486
73800
124564
82485
99097
41883
141780
132576
33515
99066
98998
134104
34979
17311
17277
99118
25705
90430
90327
66976
18811
83892
34994
22780
54305
54313
54280
42080
73822
54139
54159
132446
73592
73618
98849
33256
49754
98817
73446
90121
132237
160278
90062
74859
26977
34789
34798
34811
41926
57287
141820
160599
124605
73746
33422
98972
73683
23465
98958
87901
55009
23485
33356
132400
90213
33432
17233
83740
34888
66929
34932
90244
83752
34855
25523
90211
17216
25802
90527
42150
90592
17414
90435
57738
37002
52734
36905
16628
123602
16618
16640
16655
16648
136365
52764
36943
36939
41468
89939
141355
89966
84092
134371
100789
41040
123675
41029
140891
16669
90015
90058
73443
90118
67771
54404
22888
70883
79303
96317
62482
129417
54384
133121
50416
100064
83410
83437
66523
18355
83475
34554
83435
26649
143024
18325
83438
135983
85473
36652
85488
68855
36665
50843
83521
83479
141988
57464
81060
16491
118822
36671
81102
13174
29202
81163
11716
141590
90157
25532
73541
141657
41837
98952
90251
17245
90240
33443
82395
90285
117993
67866
37089
29431
11787
157103
70926
86103
29499
34102
26185
90919
57797
40945
81530
26287
57901
34176
116506
125175
57911
34653
34631
83537
83154
116643
26422
58036
83601
42668
58005
26388
57983
16493
25886
42171
57504
48996
81203
151484
33845
52588
36780
36829
36846
49235
16567
45711
29301
81278
133860
152541
66785
100330
83688
160943
57630
36882
133903
83699
77546
29313
11770
81396
57763
36914
124543
90357
141806
41985
25672
90391
27979
59736
118004
67915
57369
25719
90440
41981
90420
141932
50109
68024
13224
85930
37134
90481
90574
53127
37255
69466
53037
37189
37245
65033
16912
67989
29758
92997
11947
34535
50746
50694
29699
29717
50735
79577
138921
39106
71215
73251
124075
82057
69743
102334
29567
26409
50573
96474
30997
26500
50628
50610
18165
50665
29591
13550
29588
50655
11813
11821
164000
36954
40969
123603
89507
16619
99265
82640
50133
62975
31032
16972
142128
90648
68142
17008
37354
25986
90727
17081
90742
69812
37542
10064
90754
50274
68397
155652
86291
21680
37583
90814
26093
57678
90798
68298
63012
31058
47653
31075
50233
58106
77350
94415
85859
37071
140792
81592
81662
16631
16601
81621
81596
81638
37729
74744
58473
84025
84054
37699
67009
83893
41111
64784
16689
49374
81765
41086
16672
81679
81744
16657
81706
27943
11843
64779
81747
81782
58558
84165
16769
16738
37111
11908
26434
34335
50590
26412
58028
58075
81909
41261
81856
81916
91228
58060
150413
81867
11883
133090
42447
90903
93653
68575
50449
44889
93696
101865
68611
83063
42576
91039
31201
79722
31193
80178
63569
15454
49244
81594
79721
31222
17226
68629
29457
61263
53690
37832
58567
84273
92499
84300
64875
32910
16805
86032
37260
83768
43377
27100
58693
46489
86663
37986
37937
58596
66800
74871
58598
58634
84317
100985
84312
84328
61364
29556
37409
69717
37413
82045
33143
98716
82109
82108
46623
53971
38111
58770
128828
53894
38026
34912
58735
70376
38054
58750
84404
84448
84342
86073
37331
50460
81758
96845
31371
116568
50547
141670
17264
91148
26387
91166
52345
163665
68680
66129
116581
91114
68634
64952
98576
81944
81908
81907
68784
68853
60538
68789
91241
91268
151034
25627
90328
17312
91296
91256
66268
91239
91230
26494
91285
31564
23781
97047
31570
31467
31535
17987
50558
50579
50582
133328
18038
50599
17995
83153
151952
50580
12774
68820
15830
64973
81959
15693
98591
81957
82017
15849
48504
97428
15845
31884
55643
122634
80633
15856
82037
82006
82032
82025
49682
98730
82127
17331
83325
26563
91351
68955
68868
163836
68933
68831
91303
50829
31575
18376
50799
91461
66520
83472
26749
83505
66556
34600
74637
91523
74635
91497
17388
33614
17395
17409
83551
34643
18399
83515
100156
58393
91582
69060
85529
68911
69029
26677
10500
91430
85626
69035
74586
58258
143013
91435
17362
33261
82212
141431
65129
132215
82155
98758
49716
82162
15787
141357
82094
31399
15804
82107
80557
15791
82121
82429
132570
74057
42347
61317
61375
42369
14516
78924
30545
14502
78951
46991
22749
26302
42588
42453
42435
42504
42566
61441
90994
42536
29645
13579
61436
29676
61494
29708
61517
102429
61527
17697
133036
42418
78159
46251
29807
46237
61601
57966
42639
95177
61582
78111
61590
42607
17965
116536
42626
83097
133239
142639
57967
42640
61559
42670
86434
37761
70195
37892
33333
82272
82226
98806
17073
120177
37817
37822
82304
49843
17158
82264
37705
83463
66511
133623
50817
10550
91547
58381
58404
37682
26845
91642
58442
92786
44096
27844
84489
91522
58332
37591
58310
49739
17063
82152
17084
82210
84565
27280
58913
44157
27905
84551
117915
67721
84509
134867
117926
84533
70525
38230
92012
58822
27289
27266
58897
58864
128952
86864
38160
101168
19473
84497
51664
84570
82184
132251
132287
82191
42658
52746
69156
43123
74732
26831
91645
69108
69137
50990
136404
69217
150738
98775
90059
31413
98932
33385
82330
24162
72119
98813
82203
82356
82171
16031
99148
82545
64067
16001
31674
72141
41842
73620
82390
50924
23978
39878
31758
63686
31670
82290
82309
99047
82435
82423
82432
82406
17314
55779
122819
80805
16005
122839
32029
16020
15965
83584
50877
91127
42673
46203
61561
61845
61980
74740
43138
23778
128874
61962
70922
22939
23745
15520
158252
23812
23816
23790
67195
51269
43662
43603
86679
128860
61892
43577
35122
43572
65423
17290
57227
90298
61856
63627
31607
39730
55411
23819
17207
82314
121124
156999
14575
129424
38660
27690
59378
80323
31689
158355
39801
38247
27338
11191
58991
156670
38363
156687
38301
27549
59231
38314
38324
121109
38628
38613
59284
138331
38566
59298
68213
84931
84871
90032
33240
17071
28170
59954
84818
59890
59137
14436
129241
38456
59877
84754
54226
38427
38424
84808
84889
78972
47008
38500
94348
53657
70063
117882
134797
94338
92415
17794
13813
86408
155894
70031
92348
134377
92276
100941
51421
86441
70035
94350
43841
14178
62029
43728
134311
62078
14219
62046
78629
46665
62064
59262
27578
59273
43828
67724
67689
28640
93770
67705
80387
23962
23948
76751
93821
35018
51130
91794
85815
69273
83663
91746
42172
73908
50182
17565
77478
29244
102139
69391
18680
91817
33715
17487
85838
69315
64259
81024
16200
80759
64090
32008
31912
31996
122729
48564
31951
32025
91837
51050
51003
69818
32135
83928
67035
67043
18865
51147
32107
77869
37522
69798
27141
91956
69786
43346
91884
62441
99646
65993
82987
97806
16265
62412
62464
81137
81185
16316
33717
42054
73799
141950
73839
57436
17451
82610
33691
17456
132794
30332
62178
82689
73921
151419
82681
16151
31831
92515
43874
43888
43879
30273
62110
62098
30297
62139
22496
70547
38251
30308
62152
132708
17461
82589
94376
63983
31920
122760
24152
59546
44061
12736
52400
68763
93858
67818
84600
67829
101234
67774
12766
12727
93900
67840
60527
45017
93868
67928
93916
93952
93969
85564
68943
94029
99366
82707
69880
29688
29668
61486
69879
69832
32247
62552
83138
62494
97878
49006
16356
66158
50548
66160
83131
32318
51397
46172
78036
29720
86351
69913
137194
69943
46173
69925
134350
92254
83180
83236
18111
66296
83257
32267
40744
49069
16410
16405
123124
32255
28934
94141
94152
59773
19671
67904
64064
24237
44253
62561
27486
92331
27534
11385
134473
84170
16812
94628
94702
78369
70232
101288
92893
70230
140779
16598
83727
51594
32687
87256
121130
70869
83630
11662
162819
101110
51555
101939
68882
52499
83613
98232
16581
26959
91772
83684
67652
51572
73364
41582
141461
132312
33267
85066
52085
156990
70857
44628
60135
101701
52113
14570
70800
52128
33007
16875
33286
33302
67458
84301
84311
16968
150674
17045
84200
51362
84177
27735
75663
59445
84394
49811
17125
33316
33343
64963
132028
16853
62753
62615
79196
14703
62649
47325
62719
18131
83271
13162
94481
24266
30521
78919
129297
30586
28122
93070
68035
163216
101442
68068
94557
44387
94623
85990
102227
94636
62631
24312
68467
16072
24297
94522
44300
38682
54436
14671
30748
30659
100537
49900
60013
84884
68164
68119
30365
133550
22642
38384
62296
30467
133738
100200
30382
26652
100026
91527
66561
34603
100117
84861
76182
76232
76272
93020
93040
28067
93051
76035
28132
68032
101413
84773
76072
32538
84298
51457
64397
97959
32401
51505
33413
70092
32521
52195
162717
51484
40774
64470
16433
123394
16465
26615
83334
83368
44449
83382
26571
83288
93231
60079
93320
44592
16515
59510
19402
84434
86035
94697
94677
52026
68286
150972
49936
84948
68230
60137
68314
86080
45868
94781
52800
45393
94304
77207
164042
85755
29087
77253
45411
94323
68758
20484
52397
52454
29302
94613
70998
138574
121336
54536
70981
94472
71024
71031
94571
94439
68764
52412
124578
151211
99144
33598
67736
84526
31142
63107
17042
67755
84539
136007
52474
101212
84545
135909
52405
101837
52260
68540
52225
157158
70919
94375
94358
67711
84500
64020
51598
84464
84445
82380
99008
33461
85254
52264
52316
29164
45526
93454
44663
15016
63034
80349
63699
63733
85701
45367
67217
84091
63751
63676
45009
45296
35209
100724
84076
63155
63139
84126
31751
55417
63631
95909
131904
16756
25048
13478
129098
14326
95841
86164
69740
69696
155739
69859
41185
25047
121137
129436
62520
96140
45248
95969
45305
81889
41305
25131
69760
25126
85280
101870
31697
63684
31669
101757
63618
101794
20364
101873
50625
133363
66269
50618
59474
134131
43509
53683
86498
78228
59364
78130
70000
78094
28549
60305
85206
101795
69744
69222
72793
24799
69200
60374
44921
68640
85301
52308
60392
44937
95242
52686
69096
123505
24789
95225
95199
101211
25880
160768
124766
142052
50185
15076
31130
13871
78251
95304
45478
69246
33940
90760
42311
74026
17683
65812
50272
50262
31217
77659
91621
26805
43089
67810
101261
13345
77653
26736
26714
58342
43017
92186
59002
59043
27382
77536
58893
92081
27284
58917
77529
101169
164273
77514
45762
29324
77558
58979
51208
43568
58955
101252
77230
45383
13591
53411
69816
69823
69608
14481
96015
78906
95999
14498
96032
41233
25076
15692
31753
83310
34477
18197
50686
34427
18146
50654
34432
50659
83297
66335
34440
50663
78317
37906
78319
78177
128595
78175
44950
91394
58213
68211
76251
91325
26538
58147
82559
73806
141957
42063
26354
57946
57961
42010
100675
60144
144982
101689
20135
68385
68719
50018
76651
58475
100571
100643
143302
58496
92313
100806
43152
58482
26905
58518
44975
76740
50941
58532
93870
76797
100751
58585
143400
58579
19064
100775
58783
100863
100780
28761
76838
58821
11034
58785
92317
84146
67284
100814
25788
57414
99227
132789
33685
50099
31008
94950
93867
68774
68922
45968
77781
94873
77941
29627
95015
59346
100979
67350
100877
94132
77065
20929
69167
94273
77216
75048
58806
69092
77123
23187
31035
52742
119108
69141
52479
68864
52568
68961
95189
24729
28533
44831
123393
24702
61502
95056
92711
101130
101376
51491
50206
15018
31077
99394
50236
45270
85643
69051
42121
42098
25751
141940
160732
42107
42129
34589
133637
100147
83508
90668
42220
66552
34597
100140
58396
47317
37711
86419
58030
26415
58056
26442
30914
129676
14844
91179
26399
14968
14868
26542
10446
58241
42912
26627
91426
26633
91411
26622
26619
26663
65803
82789
26048
42342
57615
42277
42491
57826
26171
42470
90927
42505
90711
42291
33918
14872
74480
26521
43048
26761
26536
46195
86378
46205
13734
86373
95121
86385
61571
69980
86406
86335
42552
26208
42511
26210
90965
42513
90860
17740
82895
26142
57771
42438
58670
91045
42578
142579
42587
26809
91596
26775
99567
34027
42403
133846
26992
42560
58766
77438
77461
92061
27245
58875
58870
42903
43390
27102
58716
26425
18037
42695
76983
26070
74075
42383
45121
64792
16728
64809
32816
25013
26660
42958
63778
80431
15713
31531
50525
78305
37695
78043
84289
92450
27658
39931
55586
15747
15522
15534
88377
18892
27262
23420
23381
39208
87800
86529
70154
86581
70217
79946
63345
96862
31387
15286
15213
15769
63823
48426
24023
39938
55600
70061
29882
70094
37799
70067
70074
120081
155943
86481
53663
53675
37803
70071
37853
70126
43498
138953
71243
15047
31103
138967
39148
54856
87730
138887
39077
87692
134078
83851
58787
27193
52259
68582
53058
69482
85976
37731
86433
86432
91975
27163
87585
14932
71070
47501
14898
85217
101751
68469
69471
85972
136689
53073
37190
85978
26840
34627
100172
69117
69103
157206
54487
30800
38761
138503
87375
69138
69164
52787
69199
22995
87412
62696
38770
87411
38530
87178
133817
18572
66749
91704
26939
143053
26668
42953
39261
23429
23444
39278
46945
30502
46951
14469
70676
38388
87082
23506
15173
27088
14936
54693
87587
71011
96352
30900
38843
87475
54221
69091
62876
14892
54667
85175
68495
28541
101787
68518
68489
94696
69574
156217
53858
95481
52437
85448
45072
39567
88133
80105
15399
31483
63410
32779
92049
27238
67008
75062
83902
35009
83870
51122
83875
38369
70637
70626
70628
40419
55989
55973
39961
63835
55613
59256
50505
69959
86391
37709
78060
46149
77990
12383
101647
101645
100924
59283
88264
55383
39702
23767
88233
31591
101696
101607
68288
68263
101591
63688
80336
48285
15592
31661
104345
88304
83769
100401
58706
43370
91920
43411
10999
58788
43439
55425
88290
39638
48151
88172
80312
23894
48284
55461
88324
88193
83866
45754
69504
53632
37762
70027
78771
46818
14349
86961
70588
86987
86991
123482
40901
69216
14879
54651
89363
40858
123492
40910
89439
40922
49452
55547
88441
34107
66017
50445
32765
16656
32747
39418
88005
47949
15231
96804
15275
63329
131854
80363
60246
98294
16663
69413
53957
61981
95626
88012
79961
31373
52428
45047
14184
62038
46617
95662
53774
70221
28744
76820
45036
78353
95395
24824
64615
16528
24759
40895
45029
15212
23584
39434
63316
42506
26207
57820
57866
66018
42540
95645
42531
54046
78683
70504
17738
151635
133041
82855
26110
42392
55923
123002
24374
55963
95563
26145
57776
42451
151756
133144
91016
26262
26239
57867
42542
17771
74133
42424
57306
41961
25793
42084
42100
82518
17402
73762
33611
25729
42020
67391
100918
43851
27609
27590
41901
132554
25673
41940
33558
50030
41968
17585
42216
70059
42160
42344
55799
40237
55825
92306
27497
25833
42123
142027
42177
65719
90686
42236
104434
88399
55512
48369
15678
88396
55496
15669
63765
55515
39809
158418
88427
39851
39842
55524
88371
55506
70042
57212
41823
141716
41892
73465
41727
55421
88362
55431
39817
80344
48312
55490
53035
85958
69453
69439
13712
29733
119983
69930
41994
69904
86379
46177
78047
69957
128547
13749
69968
63584
48188
97056
63597
31576
104328
23814
39714
53548
69961
55427
82366
83736
18699
43329
104287
88252
47970
15248
47976
15320
15273
96847
39503
88049
23644
55178
88065
96709
15184
67269
87483
26979
43248
133890
58636
43296
15549
92284
60050
28280
19152
27498
59179
60077
93317
101569
101559
73292
41483
41448
89923
16948
65065
15347
96883
79998
55185
88073
86950
70551
46744
80316
69171
49425
92653
27750
84865
84888
51936
101498
157815
23497
55030
87920
96770
31288
34048
42423
27331
84029
15067
67107
43583
27323
26837
58453
143261
74737
43131
83561
43122
43560
27305
27431
59079
28085
101440
43221
54081
70053
58927
27296
55102
157881
87987
69577
21379
13347
29418
69582
81263
55813
34858
47932
47943
31319
96753
79844
47935
15220
16438
81340
55832
55323
88201
6906
40250
55845
51650
88392
72304
123000
40402
64204
81425
15288
72289
40368
55939
40329
55956
31383
39441
88023
23555
47912
15222
81205
140444
81254
81104
26951
34771
24228
24220
40205
55797
80576
55676
81197
81038
91521
26705
66487
49304
34594
18338
83455
58336
91503
58359
26729
66542
49348
58418
66609
41150
32809
49386
140896
49330
41075
32751
16676
49333
48338
97087
80252
15499
48206
80226
30292
62122
30250
40868
44727
60212
93848
163749
85447
52436
163808
45055
39805
88342
48205
97106
63641
88283
55402
73207
56838
41398
54870
40787
81987
16881
41367
33020
98623
41429
25831
142024
57495
80600
31856
97394
70242
70276
159814
41147
91888
74950
18736
66889
83780
27049
58708
83790
100443
66903
25022
72982
49392
41157
27672
31449
96933
88136
80070
55251
55257
39597
55245
81814
41220
91929
58725
23162
121508
87602
66919
10937
74986
100497
18774
69853
69876
29677
55360
39693
88225
55361
54879
63080
54888
29252
52987
119351
85924
69410
23565
55090
88036
71531
88045
55139
140918
41107
15242
79925
55120
92344
43772
51379
84173
100849
27537
47990
55126
68959
87410
157224
38844
38834
54561
52517
68919
31283
96765
87958
79869
39390
55083
53424
69830
46084
77910
69822
96987
39653
55321
83731
133942
27091
83761
66878
41067
96711
86180
69747
39512
55180
88110
23526
39342
55037
41127
16864
73154
41340
163694
60478
68725
76948
45125
163835
68931
68832
69788
77882
46060
69791
97996
16391
97992
74233
89570
13546
53364
69780
46058
77880
37531
86247
53399
69807
69646
87868
69668
86098
86108
69680
69684
69056
128322
86251
53410
69815
163909
85639
69053
69397
85911
52962
37107
69380
53440
119887
29681
86316
69872
118747
68780
87011
86076
69653
68991
94071
68977
84475
40479
60232
40497
16623
56517
123634
56499
69015
56543
57006
25393
11719
67561
101056
84377
101066
84388
89949
25324
25370
59321
162755
84346
84277
13572
84160
63325
67371
100894
84213
88144
100212
58472
66689
34699
96877
23666
23997
39899
39866
88440
55567
158395
88405
158379
39819
55504
55482
55518
88461
88445
55551
88011
30072
53886
38012
30080
39562
48061
80025
14662
40974
55220
15412
55254
39571
88139
81571
46499
30059
40802
68347
85061
93460
60169
23617
88021
64882
85012
60125
84969
60101
85651
20852
52046
28361
60119
72949
49375
32800
20855
87921
46535
78510
61943
46551
40643
97929
86708
53917
38047
64910
40979
56472
123067
56032
40458
81494
140751
56414
57769
74141
48918
89056
24488
40548
40621
97848
96738
79838
78289
95340
53739
70176
29918
56068
90761
57664
74037
53794
102669
46467
27369
40821
38903
54646
59011
51253
27374
56383
40871
60139
28379
93417
93445
60158
58944
18971
27317
32414
27288
81329
40717
22922
38658
54419
27392
24613
40711
40840
64491
40834
68782
32503
40814
27270
32336
24550
48967
40627
72496
140399
24571
40664
40692
27244
92057
18830
134145
27285
40698
15004
47638
96535
15022
92100
27282
18866
83897
43477
58846
67023
43493
27249
18833
27255
39243
87839
84007
83847
34954
27153
67119
92171
27334
40632
54675
58647
91854
91893
27078
28703
68708
44995
12679
85330
68691
37469
13408
133826
66757
15144
79801
15179
134369
84090
37403
86089
13424
51319
84115
47922
63287
39371
87959
63203
47843
23542
23502
87925
23870
55459
91442
58285
87771
26720
26701
58326
121638
15043
80983
71427
23508
157773
87886
14463
13798
29803
83222
60473
44992
98060
49117
81394
49089
40532
39035
87617
43599
15123
30284
49047
32402
49035
50560
38840
87473
44422
59941
54795
14971
79525
40355
41346
16869
41055
81649
98287
64720
81635
32702
64691
27539
98331
32784
81720
64763
97734
56086
40263
128161
13397
77724
61316
13437
24516
56140
46360
87632
67196
134346
59094
55004
15191
55036
141994
99252
33757
23797
39706
55373
80909
80890
80928
40558
140353
24489
40549
54348
24506
24495
40556
34762
66732
133741
66679
54283
54326
38694
54437
48870
40505
83615
66690
138527
38753
87396
43192
34723
66712
97740
97768
32223
56043
73816
123456
81466
64564
134238
11227
75230
27359
97458
86412
46227
124548
73728
30406
14367
29710
79662
47710
39157
87755
30982
30950
14881
96417
79430
85384
93857
76782
20508
93442
28426
52100
83580
26868
83592
66663
96243
47263
14712
96210
79176
87355
93017
28055
59842
54078
143237
91641
66659
134177
75145
83970
54814
58901
35052
83944
100583
83943
77664
29463
13386
49318
41135
24986
89630
41103
41117
24970
80644
63963
40038
40092
24146
40083
15820
24097
40012
53115
13323
24848
77605
13307
91944
63897
40024
55901
73594
55882
64165
40347
55913
50006
25641
41900
90348
65439
73691
53391
69797
25623
73650
55571
88450
55556
39886
39945
55774
15968
97571
72217
55847
27295
97274
25619
41870
41848
73625
57198
73582
97348
97900
140408
64408
40804
24653
140584
64522
90057
73392
15593
49879
24827
39203
87769
54894
139097
23458
54964
87840
51221
27340
139048
39241
47565
121918
157900
39413
15246
79972
88046
96813
88033
55127
47576
14980
43488
58863
27236
14988
33623
132601
124613
41982
25708
132673
33577
141778
25659
73710
79747
31182
139049
23413
54939
29481
77695
48006
39470
55142
79983
23658
55200
80745
80780
10345
91293
26543
91081
34275
14964
26406
50577
34322
59743
81070
48868
14245
40326
55905
48724
40336
69801
21619
86240
29618
96307
40339
38579
54347
87225
85349
20440
64376
29671
46127
53415
69821
46093
40512
64295
132268
73417
17016
73310
97534
40160
55767
80638
63959
40087
15881
63975
55736
27058
91874
91919
27103
18670
83747
27074
45995
53028
85962
77524
29272
77517
45729
13263
85964
69462
73299
46001
31463
96915
27092
91907
91951
27131
96485
79394
96397
14911
34187
116572
34242
80682
40070
55713
80617
40142
55744
88655
48558
80681
55710
40100
63961
80641
96402
14916
33553
65461
132629
33543
41939
33535
54743
87638
14908
87956
55064
50359
82925
42431
90886
34088
26160
90870
34070
39353
55049
80687
62886
30965
38964
138760
38952
121511
54687
14910
99501
33996
26098
10427
61448
86288
69847
53451
77931
160509
90314
33505
33466
77670
45853
77649
42357
26062
90808
10066
26053
57673
26051
79575
54830
69784
33433
96506
79515
47598
87661
87681
54787
39081
54800
45749
94654
77577
86039
69571
37297
86038
77625
45810
77606
29405
29373
77612
80602
15786
39967
55618
40002
15773
80541
48454
97354
80559
97344
80538
63915
97395
97374
80581
55648
88552
80567
15834
80564
87387
138528
38754
54492
87380
33977
65902
34028
57775
50366
26147
74111
90858
34055
99484
33980
80500
129743
30917
23124
79376
14847
87462
54557
14801
90237
41796
33401
156800
30539
46975
14440
46926
26976
46920
45683
77516
26012
33857
25967
77902
128361
53456
90386
70597
156681
62261
14422
54177
46890
22647
46896
17326
132549
90344
54661
87540
138888
87693
38995
71119
39021
47569
14958
87553
90922
65973
26172
74163
42459
82991
17831
65964
87536
54637
71045
30921
62818
14876
87527
54448
97564
87186
62423
78982
29534
29549
53340
29555
84594
59684
82376
41852
77809
53349
29563
96052
78971
86028
29400
40183
80722
55756
40129
60281
85183
68513
20225
38032
46534
14117
78533
86735
59574
59588
78922
14479
54212
156818
87101
46630
40338
55916
48725
64168
128186
29474
45874
77688
45858
48583
80743
64054
45891
87319
62580
22905
54421
87315
55539
55572
39895
80439
54886
54556
23051
14783
151639
65859
99491
65825
87300
87434
38796
14763
86542
82711
57592
42252
33865
15116
79756
63158
79745
79726
63136
54942
70263
33970
14500
46958
96006
62353
54245
87123
74516
10388
46883
26519
91308
46856
14346
62220
14358
46845
46833
69275
37027
77301
10376
38662
54424
66640
15529
15603
39786
97128
80302
80332
96303
14774
62680
30803
14738
141498
73439
33310
18477
100214
43153
47192
14673
80278
129698
83608
34728
90043
38847
87477
54599
45618
77436
97037
15473
80200
33283
90079
74628
66510
10520
66471
133596
18359
66527
90218
90205
18388
66560
83507
100137
34610
66572
66580
160690
42076
25783
10285
66207
78695
46752
90352
22585
14347
62221
46846
66535
62342
78903
29375
78389
86600
101547
68201
84915
19956
69474
85968
136587
52968
85915
29253
53741
37880
13927
78795
48556
89870
73219
85832
29186
78829
22627
87026
14374
78817
39691
23783
88215
117815
84382
92597
92607
75636
92620
59430
122656
40013
80549
67545
101053
67556
15768
55599
55595
39929
97606
101488
84848
51932
19924
97563
48609
101469
68100
19851
40341
80879
32071
64143
64179
46512
78484
46527
86683
78815
22625
38328
87025
85920
69406
94549
77479
45647
82538
25761
65520
73349
33206
33209
14717
88245
48195
80210
79422
96423
87586
47540
14934
87614
38989
87607
54713
80231
33813
54833
25863
142066
33819
132681
17429
33654
48020
79984
29041
94263
77258
133385
66289
10365
45335
77175
89991
65142
33183
141898
25716
38797
54517
54501
87421
87347
38436
54233
87127
87125
99277
99301
65654
15698
28468
101706
93452
78768
88669
72125
24189
55771
40151
68025
118114
19843
19798
39865
55475
122414
14447
87093
38398
29028
46243
78148
66840
58642
78193
27066
58680
93534
28458
101688
78216
85994
162876
53999
156499
86901
14341
86956
94670
86021
69525
13314
19443
71774
15553
39740
23596
39526
15342
39432
88018
23615
55129
71548
47999
79963
33165
87994
87984
47938
79899
91676
58507
43178
66728
54488
47186
79172
157076
96185
30769
14690
25841
65589
77979
37640
155780
69885
17348
33562
142059
42146
86456
78161
38863
14824
34879
58664
68235
101558
41114
24967
45287
28997
41094
24961
98358
85642
28991
91856
43348
58674
27742
19375
39727
23827
39743
31640
88284
67598
19406
88280
15219
92359
27508
92352
51383
59206
15348
39532
53959
53956
128909
62003
46613
128880
53934
46582
71451
39398
23560
39376
55073
96761
79852
63464
80055
14563
79035
38602
54368
22853
14593
85973
98657
82031
82065
33094
62587
38688
54441
82052
16940
33081
62418
14545
53067
37205
85965
41457
33086
33482
41877
90326
25625
79091
14640
54391
77004
76936
87095
78083
86403
65565
33573
62755
47366
79307
138647
23082
54594
86712
76627
67982
76008
59843
76027
32995
89824
25191
86428
13781
46242
25157
73298
41493
56913
25294
46345
25293
37840
46322
156013
46343
66138
66132
25488
42465
26193
128814
30063
53851
128841
46498
29299
77508
25272
16908
141303
25231
73459
57098
49802
25487
160044
124012
25247
86726
70377
53923
46565
91252
10339
42787
58100
74479
10357
41859
73589
25603
46557
95595
46589
46603
65368
49939
26490
26502
10344
160441
25560
118842
68888
76913
73503
150857
90206
25521
17170
49857
25543
65265
90145
73468
73521
25548
29514
86121
77742
128227
45953
141637
25515
25525
41772
25539
25531
53921
78544
46560
87908
39268
31269
55031
96721
79808
139116
71398
23482
87899
100726
67200
27386
59048
79809
54383
43027
156956
54358
156936
121110
54342
32589
49194
12823
76919
150499
33034
16918
33058
30493
95982
14496
160037
41351
73187
89838
58372
18381
66551
82425
33517
49981
33494
74665
26738
121086
14584
47097
22828
14574
101513
54037
38218
46727
78674
92353
59185
158014
88087
80012
54507
157181
54531
54102
116621
58023
10283
59992
93211
14390
54134
70614
54124
87008
22541
86992
54107
54103
55889
76293
25242
55908
60100
12275
76320
163755
76833
76669
42764
42771
91273
10325
10327
41706
25467
54323
68902
36704
28812
76903
45002
76756
76681
42774
10328
60419
76705
49056
68712
12689
28706
60455
76746
85342
76744
76682
54869
15031
79622
54406
96549
31096
15038
79667
38633
157074
87330
138449
38669
79117
38444
22656
54204
14454
38268
86935
86856
88238
39709
65393
99019
65415
28946
101829
132367
47036
62435
14561
90131
73454
82234
33331
87400
54480
76060
76227
80718
76126
123601
89472
32695
76312
76804
28775
76803
32921
87197
54301
58119
10352
54178
76690
22729
54250
78908
79732
96669
79749
54381
137804
156427
53986
86839
51541
162799
67619
19393
11609
162765
67541
27709
59403
31504
39618
31494
48134
65445
73667
65386
101836
86919
95761
85265
101855
59251
29086
81122
48883
40522
101785
85191
68504
101777
52777
85722
101768
68492
40526
85218
52229
101780
60318
68592
101842
40536
12528
44854
22136
78376
46396
46411
78360
37858
156099
78339
37941
13955
78371
86492
156035
29935
53767
54745
38997
87619
14966
67027
58853
92064
27247
58889
70257
33960
14027
78410
54843
39132
79626
15034
71290
43558
58946
42225
50207
25947
65755
86500
70119
37847
120272
37881
150743
33260
90075
82194
41663
65186
33265
33275
46307
46296
61668
78887
95198
29796
61604
86431
91440
66460
22715
14491
73448
65235
15307
31401
48046
27610
96903
48056
88083
96914
63435
48066
65303
86586
46200
95154
86413
96695
160194
141393
90006
65139
39619
55282
117842
101073
27530
88041
47974
86356
86360
78797
46859
62259
46875
30436
14389
33228
33236
22641
14424
25274
141323
41471
89941
25317
65081
41542
90002
65133
23249
87629
47571
69867
69956
86388
44584
44557
93313
28339
28357
54861
47685
27700
100996
16062
80831
55871
28274
80869
84150
75386
100829
28659
60415
76702
44970
28662
12109
101426
84792
92978
118065
101380
56230
40706
44938
28630
14120
53838
86655
14071
32709
81661
32723
30128
53911
87268
54371
70854
22885
79074
30600
79005
78031
29741
13724
21796
53534
13787
155979
70049
13768
78719
129457
47115
30165
14160
78372
32379
123314
40676
140491
72573
32428
46554
14119
30111
46539
53905
41161
64817
32826
32817
98403
141066
41180
32842
70651
156763
129206
54213
14095
61922
137726
53906
159889
41219
89728
32905
54270
64870
32877
45299
163996
85710
85742
20949
32870
41199
21992
70088
78184
53665
78809
13857
30890
79300
33044
26483
62289
14420
78822
70622
54143
79382
54192
53634
42810
26526
10371
78873
79687
54314
129380
96074
14536
54289
62393
14506
14515
98524
32917
79434
23202
14883
96421
79411
16933
33072
30963
38927
87565
62846
79404
42844
129116
95914
14385
120957
54224
95922
30437
129133
14399
14865
54681
54709
62875
79433
47615
54779
39058
87673
47605
79521
66958
91962
43451
39001
14944
79522
136657
37174
29288
33122
22733
87166
54257
150474
41375
98614
81978
65000
61431
69826
77926
86278
69840
86272
53486
86313
14345
14225
86092
29521
13454
128179
77739
86125
91233
42734
26417
91200
58055
66237
26424
91161
14289
69723
86154
86163
94845
37425
86167
14339
86952
14270
28257
56196
32345
62425
47026
78966
102064
52837
37011
77284
77287
69264
85804
52874
77326
23692
55246
88131
67507
101007
45405
77227
67383
100910
55151
162654
92444
51408
100927
77377
78243
157003
22819
54337
38577
45659
85919
77471
136491
85830
45545
77408
85899
77448
32956
73159
25151
136520
85852
94455
29178
77392
77796
53012
77485
58047
77212
69277
77329
42795
42788
58109
78232
102078
13726
46169
21800
137792
53951
26189
42488
90911
65963
46445
128790
14060
41403
65002
85898
85949
32994
64956
38860
87492
47411
55980
64198
118806
68845
85485
68894
85519
53395
13562
53163
86040
76901
163837
52540
36718
85541
41225
64849
52781
69185
77237
64843
72943
24988
81739
32835
138508
54472
47248
86068
76939
85525
84233
67390
27494
55088
27567
100880
29012
77121
75401
59193
58010
58029
34313
57995
96756
47925
55077
75425
100867
67327
100858
45312
77155
84108
100759
27462
36027
28182
100781
144793
28195
59898
44382
28131
32864
41205
41263
81857
41231
89739
41242
49263
98238
16585
60407
76706
64431
32386
140465
40720
32413
85737
13881
13686
97830
32281
22038
13908
13669
13770
78097
45358
77200
60849
77189
79545
14974
31026
98986
49950
60770
77101
85648
40937
64627
53046
64684
94074
45206
20750
123667
64741
64752
85750
85780
59504
11691
67638
119373
136623
69434
41443
124085
16996
98518
89781
71617
80038
11529
144118
67463
67465
16240
64271
85658
85846
31678
80313
80338
67741
67524
48919
64346
23079
23049
70997
138589
87451
14756
14746
30816
58763
83819
58756
152422
18491
66667
58470
37951
18476
133754
83605
58512
26899
83632
100256
26916
58526
26880
58494
99474
50268
26015
74021
37883
46369
37876
18026
66222
91238
10296
26423
58037
91210
50609
58035
26431
91215
42714
86614
37921
30532
46969
85158
28517
57982
17963
66150
26370
42653
142668
57990
37310
77624
37296
37780
95232
37810
85623
77062
19032
27380
27965
27863
60188
145037
44772
28480
67651
11717
44065
59562
162944
84520
101180
39827
80357
67794
101232
101294
39955
101329
59782
92969
28001
62101
129027
46758
27793
46928
16573
72789
49220
64643
48797
97721
64246
14330
46812
58019
10280
46811
52240
85214
101793
64357
32302
64336
62183
46791
64525
51637
27873
82296
49833
22785
156966
129397
30678
17090
90090
41644
69621
25409
94750
53206
21432
29458
77669
141462
86014
17080
41626
31352
15254
100324
14625
129486
129564
14684
79163
48014
79980
15326
76837
81456
80945
68482
85164
101760
81101
92293
100822
51340
92332
27487
59141
23494
15161
52740
41525
40291
88807
41589
21865
81233
85751
60891
85238
76623
81206
90256
25572
41810
77201
60850
141491
57089
25460
132299
41718
25476
57217
41834
46332
62381
30541
54269
22730
47031
138299
22792
42801
22775
70752
156905
78998
54318
62408
38514
91279
98980
90282
26452
58044
141715
160531
41890
90307
26469
91211
54066
30328
54252
91255
22695
22629
95892
87028
133386
66290
78748
70598
22549
83211
18059
91186
99377
65731
42246
90051
30327
70557
22505
86016
94673
77585
90033
120240
70158
86532
70168
86545
91208
22707
90022
91178
66516
66790
38203
54035
62100
14237
22422
73945
42222
21889
29791
17507
42153
25867
25855
42144
41439
89889
69402
85917
85927
69414
79011
18334
66501
41513
89946
73347
90018
41562
89986
33220
90024
83246
66288
89717
41288
89760
64851
159863
89706
123985
33039
16900
89858
89698
22350
81653
89558
66410
66435
41904
128765
78419
53836
37975
38039
86659
22230
38000
53866
14076
53878
38007
91064
42619
17959
34295
57975
116523
66105
116589
17955
83166
10291
14022
37962
30048
78428
70301
37982
53802
46430
37938
37852
68557
85221
53746
95341
86538
81167
97849
89104
81170
72438
40557
32286
50458
17876
14188
30208
46633
42189
37789
99772
17942
85273
32301
101811
28585
85230
62071
46681
17934
44859
85211
163556
44837
28545
163595
76565
44797
76526
69612
77651
141367
98705
89979
33172
77597
26746
58352
86131
77746
86394
84757
32293
48914
30016
42406
90864
90779
17709
56146
24522
85236
101823
52255
85245
65972
17808
65941
17805
65968
90915
99529
99582
17754
37726
86429
57684
78630
46655
83034
42577
66089
17912
84704
19698
28018
59450
67559
84386
101065
55271
11612
67542
17745
82901
65918
99561
57765
26091
57753
26125
57734
76825
100431
83783
66905
83801
133993
58754
27134
83792
100438
42250
25954
57581
69347
85878
136534
102102
77420
29161
77366
85863
37074
70334
22228
90929
57809
101544
84912
38083
156341
70392
102747
101633
76359
17523
55272
88168
39603
158191
23759
55289
88190
39936
92982
28034
51750
84686
70876
22913
18464
30723
157517
23312
23291
39105
15011
80778
101553
68210
80835
60655
85569
32691
40987
89498
60658
60685
14549
62421
34551
91439
30520
40107
80648
60352
28618
48470
55696
97402
80598
75025
27162
43433
51080
27154
71112
39010
66922
18769
14924
52741
41204
86301
160568
57296
21653
13658
21755
15760
80481
80491
88483
72999
41151
92783
31618
63637
15570
39756
37223
21292
40996
60764
158196
88230
39600
23700
55248
39588
80119
88179
84553
55486
88375
42878
91382
100010
156555
46787
66240
67671
67683
69144
36910
29043
41174
81813
49426
48980
32338
85281
59496
67642
93667
28557
145187
28628
93704
72958
89607
49347
11627
84389
67563
56127
40570
93644
59140
43718
88058
96879
63395
39628
23722
74671
34624
43047
26760
58389
88127
67475
44424
28167
93162
23577
39419
39409
23569
39237
79762
96687
15159
87880
23500
96730
79820
31244
100834
84162
87170
121026
38531
54311
38533
47037
26674
66504
34539
133576
50773
66506
41831
90281
91715
26949
90296
50442
99418
82752
50253
25980
90720
55569
15716
97268
48383
26487
26478
42767
66263
156560
14331
30350
66258
19746
97445
48514
15863
40059
48501
40041
48486
24154
40103
48506
48551
28490
68459
29453
94840
77745
29471
21453
69664
86085
29487
69714
29493
15714
48400
39926
24004
55581
63813
48408
65290
33362
128202
77713
53250
29491
18280
100054
26682
66463
66708
91630
74703
66620
48041
55150
88056
84193
87990
86166
53336
69745
25544
21558
53320
98959
25575
90258
53292
21509
90246
83636
26932
25991
66645
82242
37383
53255
93123
76144
28177
55776
72144
24179
88683
86019
94594
45733
29321
31546
55316
48167
48181
88228
39670
23753
55327
55787
53075
37184
53045
29309
14591
62485
121128
38589
90102
66073
50920
100236
66012
133170
50467
66059
84191
87953
39364
87918
23537
29503
69688
90188
88260
23757
15453
63572
97043
48186
57648
90767
28477
30694
14623
54015
34311
91124
59714
75898
92892
93294
40259
55840
93275
92944
84653
19647
67907
101337
93286
101390
19749
59906
93083
93309
40288
93327
83638
66729
30719
96182
138476
38695
22931
54449
58499
58479
91677
18520
66697
97612
68289
36198
60086
28315
93329
31588
158242
23801
55575
48393
59745
92947
23421
26068
90768
68000
59887
93062
84167
100830
43040
84759
118103
84778
76065
93082
15059
79659
87773
51173
43539
65781
26023
151610
82833
57695
57674
90793
90945
97497
80692
42377
14016
53811
161099
26153
99556
26104
90853
80919
57907
42625
57941
91070
14052
53841
37973
36069
101490
84850
42413
22233
70311
17814
90894
31522
88169
162773
92582
55511
55489
88378
59638
101213
117938
92827
92849
27901
59609
92804
96948
15376
80030
100995
67483
92842
158077
55233
15351
80044
75563
92529
13898
58869
92030
47620
100595
39065
23272
58861
67048
100584
23262
10407
58211
42928
90825
26075
42371
74103
90847
121656
23353
90728
59823
93019
67955
84705
67931
28026
93002
48494
15833
80563
84727
93014
87949
23495
31134
27535
157882
71481
87948
121995
92881
92668
67259
92853
132788
99295
33751
25824
42152
25866
29811
37759
92990
37590
84529
71183
87723
23299
27312
96541
23323
15032
92149
67129
84020
23348
80162
39127
39162
23335
23491
55319
67622
84419
23174
79368
23155
121840
39283
54979
39242
54940
139070
23434
39139
87742
54802
23290
85293
70509
46746
156550
78700
62143
54089
156639
42794
78831
62257
101434
40073
14269
46708
62106
16015
32023
44521
93199
68149
51903
44461
89204
47061
14558
62434
26637
18241
66411
46889
14401
26588
68177
84896
51943
68186
118194
12212
60010
44498
78931
14532
22769
62446
91592
100162
43079
58417
43099
26817
66655
47148
22901
62546
98000
28664
60440
76735
52339
52384
85386
66462
32440
85382
66618
18440
43069
91620
83568
66638
38700
79148
79100
38653
26757
74674
18393
83510
34638
18437
47173
62566
16455
72624
36578
68742
85376
135974
85465
52465
76886
45084
85461
54468
14686
30758
14666
91714
66739
138570
38798
23023
64530
40837
138591
87455
62743
93677
60341
44863
54549
10769
26956
38815
40983
49289
77040
18574
47312
30824
79257
54545
62717
157147
62668
85231
12553
44882
85100
44728
55909
48728
22746
54282
62398
74655
47052
30614
14550
30625
79029
133631
83469
26735
43025
91520
66530
62474
74537
18265
156839
22793
129361
22818
54335
14589
62480
54352
38586
54343
62481
44743
12422
68403
60161
93448
44691
36316
44702
85074
28432
85139
93538
85079
60243
68461
44734
68456
40542
24470
89050
56096
66055
83042
26248
68474
44761
85052
44626
84956
28345
93337
52003
101583
76339
44607
10359
54184
22612
40626
24549
163593
28590
138715
87551
96372
62816
24643
40754
28678
60448
44976
52388
85367
44920
60385
28624
44909
83799
91959
27144
83807
93833
60469
123312
81287
85286
52295
12592
44922
54699
85394
123370
16446
49092
81360
60449
32429
68687
44978
32506
56316
123382
98034
49101
44974
85168
28529
97985
49052
44964
123358
44979
42320
99447
65791
65283
25927
78321
53758
42338
99473
65807
39977
80527
25978
57030
65170
33201
73345
25882
73903
33746
155903
29830
160849
42208
65692
39858
55493
122433
90498
25819
65566
84024
100657
67144
79652
79702
39221
23390
39210
47736
58868
47844
12191
93236
28238
68183
36098
84899
28224
60075
76271
28271
68442
28445
116587
57986
28399
68317
93338
60153
28407
68361
101644
40521
48890
36358
28473
53122
69552
82148
65146
12351
28390
49668
41502
73308
29264
67668
84462
71741
69436
29279
29312
26276
13201
29226
48085
52939
85868
52908
45585
29200
47795
79750
47779
65068
25291
89927
73267
56893
29167
48103
80014
48072
74905
91843
54540
38746
54484
101242
144457
67811
27867
41076
163904
163962
45259
49317
26971
47347
28038
22057
82820
99524
33978
90783
92999
84655
67877
28003
40062
84728
93060
28074
68140
135278
28283
84772
80609
55707
46519
156240
53881
14007
17731
42497
44575
84923
26985
32447
49049
81324
52304
44942
28634
24543
40616
163607
52280
76570
101850
28578
52211
163546
28536
81941
41358
98562
73171
45502
29144
87510
23095
41145
89668
28998
29008
29142
76815
28719
67402
75467
27564
75481
59254
23818
55391
48201
39701
19318
123957
85826
92140
58953
47682
18907
58932
79482
47600
23279
32967
100614
18901
121641
79594
138968
39149
134178
58924
87383
26902
58514
66692
100245
38713
45514
94426
29204
84004
100618
18908
58832
27234
75114
91988
18843
29217
87703
39120
23319
143245
10645
10633
26823
54413
87357
54453
87335
62573
54409
87284
98237
74670
18428
54393
38644
66672
62660
47261
50955
91739
100634
18926
26896
34709
157117
54477
66669
133778
26921
66714
70921
38733
87670
71198
39089
39131
96572
47654
15078
39198
77339
69257
85809
52856
77351
85824
30410
78774
26474
58086
70560
38264
156633
22596
18117
18087
26611
58197
99980
26612
66424
49398
129721
79338
54627
83771
91876
74881
58610
83864
83907
18828
47662
39141
66836
85774
83764
18690
41211
25068
85773
18664
83522
66597
42986
91516
26702
18341
32462
85400
14594
79085
14634
22902
74722
83569
66650
66586
50807
100120
18396
34608
18387
87149
34479
91339
83548
66649
34664
38676
38135
83549
34634
100181
91609
66673
18416
66592
83558
18454
62028
128964
95672
53991
38129
42936
58267
66445
34541
34512
66426
91406
27142
83837
34948
54737
62920
85646
96225
79160
30768
54465
38722
22959
58486
26871
40998
77028
52582
85599
30296
70515
38221
14228
70495
38194
38249
99791
38153
129037
30330
58018
14323
27007
74942
79334
14848
38891
134293
100702
43638
59040
28334
30206
53967
61997
85744
85866
87697
23232
14962
83903
67021
121858
39300
19046
58879
15003
39095
19044
92227
59042
19049
59109
19095
100692
67155
19019
15027
27290
39166
96636
138995
39182
79701
63116
58962
43588
39180
87654
62973
47588
96482
54770
47868
87571
14914
157404
39000
159963
41287
73145
89812
94401
85822
58769
62922
59052
19057
39314
87546
23128
62794
47359
59064
84094
67230
11292
84085
75290
59072
89710
41171
38931
26231
42529
42519
57849
89469
47059
129405
62536
14617
133658
79120
62558
45115
89467
26166
129716
47398
79315
30828
47315
70972
14771
157190
23048
42849
42889
84532
141810
82491
41987
87075
78859
133439
74504
22607
78879
87100
66848
76798
40862
40830
89332
66443
42945
42873
54655
18687
34049
133409
99930
42760
79363
38925
132025
32998
98605
13192
35054
18876
75076
39046
52898
85827
30102
95570
99691
133139
66016
57863
65969
99627
82966
42518
26214
26205
17838
133153
83065
15383
48112
47828
23529
47906
15196
54018
38192
62111
30274
57973
26361
86006
85049
86319
60127
93398
68378
77947
95021
13637
42011
73738
25715
37660
86364
60206
68413
36352
101650
85048
68346
93560
12438
85108
68420
58882
27273
92085
58922
65025
129620
38824
54551
70990
38817
66764
14802
38839
87446
70936
79231
14728
82005
73234
65026
16945
54589
38856
157284
87459
79205
156449
46694
95707
26322
57915
26307
57919
52138
93489
95744
57948
30218
30403
54122
18108
99926
21543
86178
94902
90259
34266
26350
65353
98992
41812
73585
49904
65344
58034
26473
54072
34244
133264
58020
15957
57792
93613
86982
58053
55309
88207
75644
75735
44064
75768
75794
80089
80905
97003
55343
59480
67613
48145
15417
96986
39664
75693
66047
57843
90991
26238
14133
17915
116531
34205
17900
72222
55852
122917
55891
34326
26411
91145
99808
35391
100911
42645
58024
99821
51349
87963
55068
59324
67460
15365
39586
80053
87947
39359
87914
87882
23461
43729
59160
27500
59148
75360
41095
38929
66967
51098
58757
91954
67181
74999
66971
18784
27117
91937
23578
91963
84842
93209
28208
44466
151812
99689
30091
12135
53799
46444
30017
49216
30104
162753
101015
84344
43913
59366
60179
93490
49272
66139
17952
34252
62089
62073
86850
85105
93492
118041
65935
99577
99611
17788
99563
93030
46346
29916
49088
91428
42919
18284
54303
30003
93438
132020
85894
45151
64668
98241
87339
54439
41012
87700
54804
47917
39378
87926
28755
76832
140651
40880
24728
89351
43072
91569
87438
23065
85746
87539
71007
96305
138665
23096
72703
40854
32592
89383
91599
66503
143103
43000
66595
118798
52453
93944
60578
91731
79070
14585
30683
62525
83968
14996
67067
66524
62452
30610
74614
26673
58419
18444
50850
66610
34592
100128
26770
58857
39074
75085
67031
54189
91270
50643
133438
66347
26482
10335
90892
65916
38467
54262
42944
91456
10330
42776
120883
14456
10486
26665
47320
22989
83616
133842
18553
54483
52629
26503
18124
10405
91332
133510
10439
74564
34533
18312
38552
34593
100130
91549
142693
91171
26640
42915
18391
32574
26471
42757
91257
91313
10362
42827
47062
54331
38567
18427
34632
91565
59245
143986
67346
19089
84141
19124
23553
87981
39428
59150
139157
39355
59225
19200
15235
19239
121944
71495
39621
48137
55240
88150
88180
39613
117828
92617
88104
55194
92420
67442
19224
16915
33055
41420
77401
13189
85902
69408
85921
52974
94555
77487
69424
85937
100970
27571
19215
41397
98596
94407
45496
29148
33028
27278
58925
32985
123948
41350
81984
41408
85926
31347
23592
163619
44918
48997
83428
91471
87653
87683
39066
134047
100498
83856
34988
67122
91840
83884
23209
55140
96834
19143
121912
55093
39407
124607
73748
41998
128377
29672
29665
21725
31686
53261
77725
53272
86109
27667
67501
134653
92579
92507
27632
55226
68046
84788
39981
39994
128371
33507
67419
51376
100873
19201
42019
25798
42079
39705
39703
55384
48210
82513
33606
13702
137172
53511
25734
42028
13733
86372
29624
53094
37228
29351
13290
38920
74970
83800
36978
91931
18781
83816
134050
83859
83849
66555
30638
57082
90130
53158
37293
90091
41682
73422
63938
55704
58274
143036
26733
10556
50795
18370
14616
22873
18390
39326
92388
51382
100881
45284
85645
69068
41072
72970
47505
14923
100489
18768
39168
23350
54871
96579
138688
54630
47418
138693
121444
54673
138768
23170
96382
143059
64612
24788
85524
32578
24770
58709
86009
37226
13287
138641
38857
87488
74888
83717
87973
86026
85974
53064
13279
15595
81543
98183
16526
40903
24768
69132
41101
123748
159834
25018
56639
52698
72978
65521
92703
117869
98158
24750
83603
143319
26898
24760
32949
136447
85798
37040
67114
96624
96741
51361
67285
100818
87913
39331
48016
63377
15355
55192
39460
23602
88039
121983
39473
96706
96724
47854
39271
96769
55118
96672
15105
19092
100756
59055
27418
59065
43670
27394
27385
43641
67253
96740
88295
63644
15545
55401
129255
129299
62363
40641
24555
81208
40660
32366
48979
64388
24570
75002
73059
74962
58698
27069
83797
91011
80851
68209
46525
84894
68176
55868
40280
80866
12164
62883
79443
38983
54717
96396
14864
38934
30992
143625
99549
65904
14048
93257
55877
60081
93322
51942
101531
68199
84555
51649
92792
67753
27890
39825
40371
48751
52039
133101
26199
51996
101392
48469
15748
40065
93170
12122
76098
48510
158590
40037
101344
118035
86575
53782
33483
69806
53405
71602
39535
63544
55311
26114
74088
57686
10065
86631
37952
53806
120911
54225
78880
66365
59071
79717
23441
85987
33124
25314
73317
150701
65107
77522
13238
73857
17467
25807
29782
53582
10424
42910
64494
23358
54885
52997
70744
156898
54261
45019
85379
101034
88077
55229
48094
162634
19238
39521
15312
48057
80020
39554
33794
90622
57507
53646
55216
80028
39504
43932
101000
23657
39534
48090
88152
15299
39561
67497
98935
90234
128220
53330
15297
39480
57424
29774
17496
53619
68836
85470
76873
85478
54364
50833
74676
58339
66568
158330
39785
13951
86547
42333
99441
53688
99349
57568
49464
91936
58738
85825
141155
41274
73116
23314
121539
23244
138906
23281
41270
73112
25129
16841
41312
79595
15008
41394
119335
85912
41331
72744
117946
84562
159953
41276
85816
73117
74587
133460
83324
50687
66373
68030
18874
67051
16775
41291
93711
44931
140381
30454
14423
49145
72713
66565
28620
52311
14414
29761
86380
25743
42037
65540
39735
55415
39726
132960
26049
44823
24623
101827
85234
40695
85323
52360
76760
85359
41929
41907
124551
25650
67682
20374
44956
76712
85322
42858
85305
85348
96976
48157
43997
101086
67586
81090
48896
36421
85226
17976
91501
85438
68805
85431
68701
24628
85495
85513
52494
83620
157080
62603
60591
24751
66429
34091
28247
22267
57790
26177
117795
67534
48120
33470
49952
57240
98608
41405
16966
89914
85925
59390
67526
88192
27717
59419
75627
25542
87601
34868
66852
23157
129739
96369
129659
96312
38871
136281
69101
85679
52702
61547
46198
17446
25790
69952
37696
53360
57222
50499
68282
84982
42548
26267
99748
55888
84961
26170
82594
99198
82556
57383
90449
73775
90438
42051
25759
57376
42041
81314
101868
28611
140463
85075
40416
26569
66382
87076
54194
94418
77364
85839
132938
74001
55673
40017
27165
40405
48780
46412
53769
133837
100300
26983
90850
161036
26102
39999
54111
40426
78836
138175
54219
70624
18071
54125
26192
65957
16023
40243
54077
85241
85170
72146
40185
122922
64147
40324
140302
56071
54052
38207
97698
40423
40301
133164
57888
14181
70411
53955
57884
90908
17826
66116
46642
54005
85063
40051
68041
51823
84771
25952
39989
99371
42274
25984
78320
26940
74854
40088
90899
42445
101467
84826
40097
72099
40124
42528
137777
53941
51933
26175
55955
80929
101580
68261
84976
15659
80485
31769
48390
92933
158463
39890
42556
66064
40299
84930
28320
85006
60114
76343
55690
40035
67996
84747
68005
45377
40340
59947
84819
68089
28180
40082
49281
94050
28902
41057
56537
72873
41021
87397
52600
18549
26925
55792
26844
10656
91606
66624
79045
39909
39897
23977
39876
92950
67957
84723
39983
40009
80623
17398
21739
86326
53500
55366
158239
23799
80209
54410
50688
26597
42116
99207
53530
95332
86534
99370
50209
29891
53736
63879
39987
54022
95690
38121
26236
85032
32078
97621
122928
48714
65983
26218
42530
26232
14624
66699
129569
38763
87405
70964
14706
96240
85464
36699
136036
52491
121116
30704
14631
62522
69498
41504
27363
43611
11162
75177
35149
18991
89932
82058
41497
26182
90975
66028
53937
85656
161032
42389
26131
65889
85875
64933
66873
18718
81864
127803
52593
85617
94138
77059
85627
63970
68069
49624
41455
42395
57746
65896
24175
40102
61858
133062
125053
57772
57671
26084
57710
42434
26384
91069
137746
53919
58758
42478
93323
68257
42563
91025
39259
98680
49662
81971
64993
56823
85872
77412
131982
150453
40208
125031
42415
26132
22174
61859
22194
53856
133104
99604
64654
136106
85562
20567
45063
85479
54237
14489
85500
14535
85604
100171
30572
75719
67631
99185
33644
25770
141967
57449
69055
85640
99158
67812
84592
67821
43055
56419
89421
72760
25693
17435
45123
136096
85553
98179
64634
40947
85560
124101
82077
61137
37206
141389
73344
41537
26658
15369
88098
39559
37925
22103
88573
55647
24050
55628
118018
67935
24820
72819
85577
67773
46156
29711
67776
85587
28096
68011
53489
15309
39517
29538
53314
29846
13841
53692
78291
53719
57575
21468
53236
29917
53710
17136
65277
53227
86088
53246
25553
77815
53329
88010
39424
77714
69507
51298
19053
53143
47775
31173
15106
39267
141405
73354
56886
63120
47745
79694
124112
41535
119459
53080
137820
86810
26244
53180
6331
67697
19410
40775
52447
44196
11842
67804
80459
92905
117970
45006
40798
93926
85458
47713
39193
56872
141325
56918
160147
41465
96666
79735
54960
59044
15142
79797
47837
37258
53128
31555
88202
48124
15396
53429
61649
78182
53661
44605
37202
29314
53112
54108
63231
87938
39351
97836
81141
69655
23536
39362
57857
26251
89090
85171
65113
39291
87998
84068
157689
54916
87790
39231
160223
73339
79699
45715
69468
73307
45685
87792
23374
39199
15644
42330
26037
57658
101343
118034
135065
101363
67959
84731
93021
15671
101639
85035
90953
26246
57957
92775
51636
55470
67700
19496
53133
73357
29332
141432
41620
132249
33271
98877
15263
15228
31320
96800
33245
37268
61171
29347
98924
29419
13317
86055
29384
54101
48853
33227
48848
39049
14961
47573
51138
58851
83900
74995
143584
51115
66977
29715
61524
86374
53527
99204
83571
26722
96178
74712
121133
74700
25649
124579
50103
99187
25794
99163
33933
23305
68548
85224
41296
73134
77312
45473
64892
47612
138858
87663
39080
67038
81230
32347
57443
33678
99219
99225
14439
51690
44202
92877
132832
151376
99292
101186
51618
39770
29702
97214
15637
67748
92830
27884
55466
122400
15653
55517
39832
46244
53616
17411
99210
46160
25931
73919
132795
25878
99346
29751
65668
53638
55136
57145
57104
54526
38794
23021
41092
94121
45242
91849
74910
18530
42161
57569
117963
84618
29854
91805
74885
37168
53015
26163
34072
26154
22215
37984
14046
40933
46267
70040
86453
141814
41919
66773
79314
47373
96298
24813
32639
16531
45111
40920
29714
16580
32650
14448
54199
13373
98838
25470
57101
93723
76674
37356
45886
26565
42852
92873
59663
158344
122409
122475
39839
82572
29754
158049
55207
26077
54919
39224
79674
134216
58969
67125
98736
68987
94103
85606
42113
73852
25836
57450
40016
55655
24068
39993
33956
99459
26740
54327
30643
14576
42202
42193
25911
26074
48387
97239
11799
59644
84602
99313
58710
46233
29789
38882
74972
50037
69891
141867
90442
99201
17430
99028
90334
57180
98236
41047
55346
55322
88216
31579
97016
39633
25634
57243
47559
62941
39037
54757
43455
83838
27179
58826
34996
66998
96282
99481
132622
45403
75096
82699
25961
156021
29925
17619
93147
25993
87660
14926
39013
45414
29090
37848
29898
51112
139811
24080
80531
19656
39940
163998
98375
41155
25979
99365
18460
66634
18483
52542
26867
162086
91835
87495
96284
85939
69426
25264
56884
73265
28417
96763
89980
65116
65989
22251
42547
57869
46506
14074
91068
14566
41992
26326
14192
14116
49297
69026
41045
86424
86362
13720
59639
67782
27877
92878
67832
95162
46220
78105
50093
63752
31729
63739
48340
63772
15675
55525
33587
160624
25717
44573
17717
84909
40091
48703
97638
60071
93311
47548
136488
69290
85829
86610
64771
72969
24978
41126
92989
11826
11818
27924
70076
53652
25778
68827
26785
54373
22876
72739
75787
144412
67754
84549
52452
59458
17222
140638
40870
85483
133541
26686
40783
24677
24723
40847
56348
68775
85427
52422
72783
24632
52483
98174
84069
67199
43449
19623
42317
90731
65751
82732
57605
66449
91451
74597
75641
85584
104437
39831
40864
52449
73246
41449
78143
57471
25917
87824
65805
46299
29869
78229
120199
53698
99318
25937
40894
85508
40883
76894
81508
64610
85507
66611
62539
68905
85518
67894
14105
66008
38062
53924
14047
86636
26103
39296
54600
44203
27957
25897
25905
34458
26568
74497
84305
67455
85208
14268
68416
85116
59299
27634
164094
37046
85802
52871
15090
87781
27294
39112
121666
47692
73194
75138
68163
51928
26162
65924
98539
79623
164048
94330
37004
30755
47205
101367
25887
55626
93000
30929
87518
89532
41043
89758
25121
98499
87725
85763
45458
73083
96385
79381
38937
98398
41176
25786
141976
39881
141936
156423
14226
70566
54083
72315
80950
40417
77562
70429
38109
24337
32118
68272
101597
68301
52038
85067
59628
117956
19630
72959
41139
77183
42159
57489
25876
85013
84914
68192
93328
76295
101600
68274
84975
90773
74039
26034
47631
41383
73213
133126
50421
33720
53592
46684
26333
85996
13306
77636
57949
91079
144916
85019
52670
86458
25767
41128
40025
84753
46313
39411
43463
42833
14381
91263
48122
88140
29529
86144
69716
53283
120965
87143
133497
66418
72572
66278
26504
77808
53348
14325
101773
48927
67464
90172
17206
160404
90201
51398
100905
124332
25540
13945
82825
57639
156103
68049
50959
87513
30869
14790
11671
75686
67605
155618
46080
78796
62224
45252
25752
55576
39919
101315
25815
32303
40595
48941
40115
42525
57844
55894
91898
27122
75209
121835
54975
96707
26127
80795
48013
96748
92222
100718
19062
53153
14213
88154
85629
30887
38852
54583
88199
39634
37159
85952
21207
45665
29255
82000
25256
13209
54989
59024
84084
19037
15194
96803
15020
67094
98665
164010
29019
92897
67853
85527
20630
85557
52571
52785
157402
76863
10413
26614
40762
140786
72781
36734
94002
47292
54506
95251
53686
90682
34168
41470
25241
99661
42571
41390
79824
19096
67252
75323
53471
155692
14200
56768
36214
68281
136531
69331
13181
87889
27443
73353
31208
63177
15127
139129
87911
86381
80476
55591
24007
39914
73033
25857
45699
29286
39363
87952
47694
87743
87795
143070
83477
66539
26753
121064
77156
85684
50787
67522
100479
34973
134088
83890
39026
74706
18449
66625
85551
54834
43615
87851
27332
75225
87831
19452
15561
71780
39748
55429
46081
29610
53402
140668
98112
81480
79870
15200
47962
151455
99360
13934
26029
58745
157377
91955
138700
121449
96387
38954
29044
79388
23168
85782
98496
73099
41200
41248
37788
117953
151355
65629
82645
124795
25884
15280
48008
82521
42025
86355
73730
26613
42893
83425
91466
15353
39579
88149
95369
128617
13888
22117
90774
26072
45014
76770
59313
27649
15414
39657
88218
25590
102360
69772
29098
150286
98415
55691
94200
77125
55513
84585
25894
91885
43401
18737
123905
64937
81954
18714
131922
150383
73107
85847
69314
81934
32959
98597
18287
46955
66361
18224
74493
14664
68021
51813
84756
67044
52938
67612
66413
78253
33900
53245
77705
141510
73486
49747
133354
54154
57138
29436
73415
41672
15198
67789
155689
14882
23156
96451
41119
93523
85132
40386
53962
91048
30094
26173
15257
39405
98875
87980
39426
13484
77767
51577
74631
74680
54275
26654
74595
56869
73291
65057
124048
156455
93467
52923
77384
73180
64938
41335
73174
29108
73274
78322
82638
99250
25554
24636
40735
84463
67680
162862
67654
80153
15433
78423
80806
37556
93498
44706
40403
33450
90304
25607
141136
41256
33939
10062
90751
26050
46418
70214
78954
100115
97951
26449
99105
75851
67809
84581
68356
80958
40377
94493
29233
46586
50424
95653
76996
85581
94372
41071
64731
41065
79459
83828
66947
75004
90717
102573
13907
30928
23142
79476
54747
14316
54148
90178
70995
38825
41063
41109
24963
75028
34575
82379
132462
25615
151542
33898
57613
97304
58885
35066
27276
39142
121483
73085
83868
22046
72133
80705
59955
38907
97517
15933
40134
66421
67519
15610
88325
84467
67684
28375
38636
40890
70101
25608
22717
87116
80669
63984
68073
84803
84579
14437
60412
139910
97510
40188
48576
80730
59974
84835
99162
63744
53118
124614
141879
25775
58627
27039
66826
30852
14957
36022
144709
93136
76110
131126
48782
64202
40400
52248
44867
52265
163952
94215
77144
57616
94647
86008
27594
84215
67382
39522
88064
53371
15251
48220
97068
15500
96960
55371
85457
39551
88092
23623
25497
85578
96255
25600
53497
99131
16517
72708
87722
58873
87454
85538
85360
52381
40771
85387
21623
39641
23731
54240
34484
91346
18230
26602
135887
52391
131301
24528
94119
60747
45240
84774
38877
12070
144655
37815
99306
25921
98780
57066
87862
40317
84660
72925
162943
144383
59605
55458
39781
86386
77509
119388
69444
56892
37007
69225
45424
55841
68191
88409
27880
26890
45193
17540
65767
84741
59718
27954
68071
26486
85471
99929
45900
77715
73427
33300
73475
18993
67123
27337
49516
73122
41267
29597
90827
17746
19964
51938
37060
69291
37038
45495
55435
97145
11745
92781
54418
85533
27356
96682
84367
65431
132592
72641
54210
36551
52363
26096
74152
21121
56812
66960
83857
47522
53998
85144
26857
14749
27985
39933
43427
25566
41806
128224
53332
38976
34513
66407
67491
96808
15278
35274
75335
141415
25255
17024
56943
43009
33411
141606
77763
55258
80116
55292
67567
55387
83984
66346
81964
41388
58982
40915
24689
72654
85435
70327
26133
136901
69712
53287
25506
52706
85641
45279
59617
11773
66398
37481
48936
140412
40673
13537
29592
86271
53407
85997
68147
51924
27328
31146
39212
73718
25692
97113
80286
15552
84612
84372
55244
88164
39596
48531
97450
24143
40078
40172
32964
43227
74833
57570
99182
25816
97584
32018
80774
47088
30672
14595
75013
66414
50716
58221
22636
54222
58181
42871
140356
24546
75691
57326
68113
76285
14024
69396
85914
68369
76853
37069
29183
54863
71236
39151
84849
97787
64318
80021
39506
44209
59713
44215
67848
54176
41646
77706
55711
18857
35039
100530
26025
100357
133821
34780
26965
66331
41491
49792
17138
73460
48138
31500
88151
84292
27661
93891
27104
52015
84981
138418
87297
83545
151493
33853
57572
38769
41133
92619
13149
141866
99132
25764
39201
27393
67186
54229
46219
86402
88420
88329
18512
66685
96366
87533
15117
157763
54986
39282
48590
70344
87639
51063
138913
39098
29093
39854
54911
73470
55791
80766
48555
132501
93940
59740
67865
84640
75124
14497
91481
29466
67452
133918
98666
98675
41522
163763
85441
16345
36506
85313
60334
52270
17051
30957
57320
59934
101433
29158
97886
24581
89501
52496
66784
38805
29048
63042
23351
140480
32420
12682
60445
15177
67851
79339
87507
60068
80772
40234
29214
134124
58876
38772
87413