13149
13162
13169
13174
13181
13189
13209
13238
13263
13279
13287
13290
13306
13307
13314
13317
13323
13345
13347
13373
13386
13397
13408
13424
13437
13443
13510
13537
13546
13562
13572
13697
13749
13888
13898
13907
13927
13934
13945
13948
13951
13955
14001
14024
14027
14046
14052
14062
14074
14076
14081
14095
14116
14119
14133
14178
14181
14184
14188
14192
14200
14212
14213
14225
14226
14228
14237
14245
14268
14269
14270
14289
14316
14325
14326
14330
14331
14339
14345
14347
14349
14358
14367
14374
14389
14414
14420
14422
14423
14424
14432
14439
14440
14447
14451
14454
14456
14463
14479
14480
14481
14489
14491
14493
14496
14497
14498
14502
14515
14535
14536
14537
14545
14548
14550
14561
14563
14566
14574
14576
14582
14584
14585
14589
14593
14594
14595
14617
14623
14624
14625
14634
14640
14662
14664
14666
14671
14673
14684
14686
14690
14698
14703
14706
14712
14715
14717
14728
14738
14746
14749
14756
14763
14771
14773
14774
14783
14790
14801
14802
14824
14844
14847
14848
14864
14865
14868
14872
14876
14879
14881
14882
14883
14892
14898
14908
14910
14911
14914
14916
14923
14924
14926
14932
14934
14936
14944
14955
14957
14958
14961
14962
14964
14966
14968
14971
14974
14980
14988
14996
15003
15004
15011
15016
15018
15020
15022
15024
15027
15031
15032
15034
15038
15043
15047
15059
15067
15078
15090
15105
15106
15114
15123
15132
15161
15173
15179
15184
15191
15194
15198
15200
15212
15213
15219
15228
15231
15248
15251
15254
15257
15273
15278
15286
15299
15309
15312
15326
15345
15348
15351
15353
15365
15369
15376
15396
15414
15417
15433
15434
15453
15454
15473
15500
15522
15529
15531
15534
15549
15553
15570
15592
15593
15628
15637
15644
15659
15669
15671
15675
15678
15692
15693
15698
15713
15714
15716
15747
15748
15760
15768
15769
15773
15778
15786
15787
15791
15804
15818
15830
15833
15849
15856
15863
15875
15881
15944
15957
15965
15971
16001
16005
16015
16020
16023
16031
16072
16151
16165
16200
16240
16265
16316
16318
16326
16345
16356
16395
16405
16410
16433
16455
16465
16515
16531
16573
16580
16581
16598
16601
16933
16945
16968
16996
17042
17125
17170
17222
17226
17264
17312
17331
17341
17362
17388
17395
17409
17442
17446
17451
17467
17487
17523
17540
17542
17565
17585
17619
17683
17709
17710
17717
17731
17746
17754
17771
17794
17824
17826
17831
17838
17876
17890
17891
17900
17912
17931
17934
17940
17942
17949
17955
17959
17963
17976
17987
17995
18037
18059
18071
18087
18108
18117
18124
18146
18223
18224
18230
18241
18265
18280
18284
18287
18294
18312
18325
18341
18370
18378
18387
18390
18391
18428
18437
18440
18444
18454
18464
18477
18483
18520
18530
18549
18553
18572
18574
18658
18664
18670
18684
18687
18690
18699
18714
18718
18736
18737
18754
18768
18769
18774
18781
18784
18811
18828
18833
18843
18865
18866
18876
18892
18901
18907
18908
18926
18971
18991
18993
19019
19032
19037
19044
19046
19049
19053
19057
19062
19064
19089
19092
19095
19124
19143
19152
19200
19201
19215
19221
19224
19237
19238
19239
19318
19375
19393
19402
19406
19407
19410
19443
19452
19473
19496
19623
19630
19647
19650
19656
19670
19671
19688
19698
19746
19749
19798
19843
19851
19924
19956
19964
20135
20225
20364
20374
20440
20484
20508
20567
20630
20750
20852
20855
20929
20949
21121
21292
21379
21432
21453
21468
21509
21543
21619
21623
21653
21680
21725
21755
21796
21800
21865
21889
21992
22022
22046
22057
22103
22117
22136
22174
22194
22215
22228
22233
22251
22267
22350
22422
22468
22496
22505
22541
22549
22596
22607
22612
22625
22636
22641
22642
22647
22656
22695
22707
22715
22729
22730
22733
22746
22749
22769
22775
22780
22785
22792
22793
22818
22819
22828
22853
22873
22876
22885
22888
22901
22902
22905
22913
22922
22927
22931
22939
22959
22989
22995
23021
23023
23048
23051
23065
23082
23095
23096
23124
23128
23142
23155
23156
23157
23162
23168
23170
23174
23202
23209
23232
23244
23262
23272
23279
23281
23290
23291
23299
23305
23312
23314
23319
23323
23335
23348
23350
23351
23353
23357
23358
23374
23381
23390
23413
23420
23421
23434
23441
23444
23461
23482
23491
23494
23495
23497
23500
23502
23506
23508
23526
23529
23537
23542
23553
23569
23577
23578
23584
23592
23596
23602
23615
23617
23623
23692
23700
23722
23731
23745
23753
23759
23767
23778
23783
23790
23799
23801
23812
23814
23816
23818
23819
23870
23894
23948
23962
23978
24004
24046
24080
24097
24146
24152
24157
24175
24189
24228
24237
24266
24272
24297
24312
24337
24374
24418
24489
24495
24506
24522
24528
24543
24546
24549
24550
24555
24567
24570
24577
24581
24623
24628
24632
24636
24643
24677
24702
24729
24750
24751
24759
24760
24768
24770
24788
24789
24791
24799
24813
24820
24824
24827
24848
24858
24961
24963
24967
24970
24986
24988
25013
25018
25022
25047
25048
25068
25076
25121
25126
25131
25134
25154
25159
25183
25194
25241
25255
25291
25317
25324
25370
25393
25409
25497
25506
25540
25542
25544
25554
25572
25575
25590
25600
25607
25608
25615
25623
25627
25649
25650
25659
25692
25693
25698
25705
25708
25715
25717
25719
25734
25743
25752
25759
25764
25767
25770
25775
25778
25788
25792
25798
25802
25807
25815
25816
25819
25824
25831
25836
25841
25851
25857
25863
25866
25867
25876
25880
25882
25884
25886
25887
25894
25905
25911
25917
25921
25928
25931
25937
25952
25954
25956
25961
25966
25974
25978
25979
25986
25991
25993
26015
26025
26029
26034
26041
26049
26050
26062
26068
26070
26072
26074
26075
26077
26091
26096
26103
26110
26127
26131
26132
26133
26142
26153
26154
26160
26162
26166
26170
26171
26172
26173
26175
26176
26177
26182
26189
26192
26199
26205
26208
26214
26218
26231
26232
26236
26238
26244
26246
26248
26251
26262
26267
26276
26287
26322
26326
26333
26350
26361
26370
26384
26387
26399
26406
26412
26415
26417
26422
26423
26425
26431
26442
26449
26474
26478
26483
26486
26490
26494
26502
26503
26504
26519
26521
26529
26536
26538
26540
26542
26543
26565
26568
26569
26588
26597
26602
26612
26613
26614
26616
26619
26622
26627
26633
26649
26654
26658
26663
26665
26668
26674
26682
26686
26701
26702
26705
26714
26722
26729
26732
26733
26735
26738
26740
26744
26746
26753
26760
26761
26770
26775
26785
26809
26817
26823
26831
26837
26840
26844
26847
26857
26867
26868
26871
26890
26896
26898
26899
26905
26916
26921
26925
26932
26939
26940
26949
26951
26956
26959
26965
26971
26979
26983
26985
26992
27007
27058
27066
27069
27074
27078
27088
27092
27103
27104
27117
27122
27131
27134
27142
27153
27154
27162
27163
27165
27179
27193
27234
27236
27238
27244
27245
27247
27249
27255
27262
27270
27273
27276
27278
27282
27285
27288
27290
27294
27295
27296
27305
27310
27317
27323
27325
27328
27331
27332
27334
27337
27338
27340
27343
27347
27356
27359
27360
27362
27363
27369
27374
27380
27386
27392
27394
27400
27418
27431
27443
27462
27475
27477
27487
27494
27497
27500
27508
27512
27530
27535
27537
27539
27549
27564
27567
27571
27578
27590
27594
27609
27610
27626
27632
27634
27649
27652
27658
27661
27667
27672
27690
27700
27742
27743
27750
27793
27853
27863
27867
27873
27877
27880
27884
27890
27901
27924
27954
27957
27965
27970
27979
27985
28001
28003
28018
28026
28038
28055
28062
28067
28074
28085
28131
28167
28177
28180
28182
28195
28208
28224
28238
28247
28257
28271
28274
28280
28283
28315
28320
28334
28339
28345
28352
28357
28361
28379
28390
28398
28399
28407
28417
28426
28432
28445
28458
28468
28473
28477
28480
28490
28511
28517
28529
28533
28536
28541
28545
28549
28557
28578
28585
28590
28611
28618
28620
28624
28628
28630
28634
28640
28659
28662
28664
28678
28703
28706
28719
28744
28755
28761
28775
28812
28902
28934
28946
28991
28997
28998
29008
29012
29019
29028
29041
29043
29044
29048
29051
29080
29086
29087
29090
29093
29098
29108
29142
29144
29148
29158
29161
29164
29167
29178
29183
29186
29197
29200
29204
29214
29217
29226
29233
29238
29245
29253
29255
29264
29272
29279
29286
29288
29295
29299
29302
29309
29312
29314
29321
29324
29332
29347
29351
29373
29375
29384
29400
29405
29418
29419
29436
29453
29457
29458
29463
29466
29471
29476
29481
29487
29491
29493
29503
29529
29534
29549
29555
29560
29563
29592
29597
29618
29627
29668
29671
29672
29676
29677
29702
29708
29710
29711
29714
29715
29733
29741
29751
29754
29774
29782
29789
29791
29796
29803
29811
29830
29854
29869
29891
29898
29916
29918
29925
29935
29992
30003
30016
30017
30059
30072
30080
30091
30094
30102
30104
30111
30218
30273
30296
30327
30332
30365
30382
30403
30406
30410
30418
30436
30467
30493
30521
30532
30539
30545
30586
30600
30610
30625
30659
30694
30748
30768
30800
30890
30917
30921
30950
30957
30973
30990
31008
31026
31032
31035
31058
31075
31077
31103
31130
31134
31146
31173
31182
31189
31193
31201
31217
31222
31244
31269
31283
31288
31319
31320
31347
31368
31371
31373
31383
31387
31399
31401
31413
31463
31467
31483
31494
31500
31522
31531
31535
31536
31546
31555
31564
31565
31570
31575
31576
31588
31591
31607
31626
31640
31661
31669
31670
31674
31678
31686
31689
31697
31729
31751
31753
31758
31769
31831
31856
31912
31951
31996
32008
32025
32107
32135
32141
32223
32247
32255
32267
32272
32302
32318
32336
32347
32401
32454
32521
32538
32574
32578
32959
32964
32967
32985
32994
33007
33014
33020
33034
33044
33055
33058
33072
33081
33086
33094
33122
33124
33143
33165
33172
33183
33206
33209
33220
33227
33228
33236
33240
33245
33260
33261
33265
33271
33275
33283
33300
33310
33326
33331
33333
33356
33362
33375
33385
33388
33401
33411
33413
33422
33432
33433
33443
33461
33466
33470
33482
33483
33494
33505
33507
33515
33517
33535
33543
33553
33558
33562
33565
33573
33577
33587
33598
33606
33611
33614
33623
33654
33666
33685
33691
33720
33746
33751
33813
33819
33865
33927
33960
33970
33977
33978
33980
33996
34028
34049
34055
34070
34072
34088
34107
34168
34187
34205
34242
34252
34266
34275
34311
34322
34335
34432
34440
34512
34533
34541
34554
34589
34597
34608
34610
34638
37004
37011
37040
37074
37107
37174
37205
37206
37228
37293
37296
37310
37481
37522
37556
37590
37660
37696
37709
37711
37726
37729
37731
37759
37762
37780
37788
37789
37799
37803
37810
37815
37832
37840
37847
37848
37849
37850
37852
37853
37858
37876
37880
37881
37906
37921
37925
37937
37938
37941
37951
37962
37973
37975
37982
37986
38000
38007
38012
38026
38032
38039
38047
38054
38062
38109
38111
38117
38122
38129
38135
38153
38160
38192
38194
38203
38207
38218
38221
38226
38230
38232
38247
38249
38264
38268
38301
38314
38324
38328
38363
38369
38384
38398
38424
38427
38444
38456
38467
38500
38514
38530
38533
38552
38566
38567
38577
38579
38584
38586
38589
38602
38613
38628
38633
38636
38641
38644
38653
38658
38660
38662
38674
38676
38682
38688
38694
38695
38700
38713
38722
38733
38746
38753
38754
38761
38769
38770
38796
38797
38805
38815
38817
38824
38825
38839
38840
38843
38844
38847
38856
38857
38860
38863
38871
38877
38882
38891
38903
38907
38920
38925
38929
38931
38934
38937
38954
38964
38976
38983
38989
38995
38997
39000
39001
39010
39013
39021
39026
39035
39046
39049
39058
39065
39066
39074
39077
39080
39081
39089
39095
39098
39105
39106
39112
39120
39127
39131
39132
39141
39142
39149
39151
39157
39162
39166
39168
39180
39182
39193
39198
39199
39201
39203
39208
39210
39212
39224
39231
39237
39241
39242
39243
39259
39261
39267
39271
39278
39282
39283
39291
39296
39300
39314
39326
39331
39342
39351
39355
39359
39362
39364
39371
39376
39378
39390
39398
39405
39407
39411
39413
39417
39418
39419
39424
39426
39428
39432
39434
39441
39473
39480
39503
39504
39506
39512
39517
39521
39526
39532
39534
39535
39554
39559
39561
39562
39567
39571
39579
39586
39588
39596
39597
39600
39603
39613
39618
39619
39621
39628
39633
39634
39638
39641
39653
39664
39670
39693
39701
39702
39703
39705
39706
39709
39714
39716
39726
39727
39730
39735
39740
39743
39748
39756
39770
39779
39781
39785
39805
39809
39819
39825
39831
39832
39839
39842
39851
39854
39865
39866
39876
39881
39886
39890
39895
39897
39907
39909
39914
39919
39926
39929
39933
39936
39938
39940
39945
39955
39958
39965
39967
39977
39981
39983
39987
39989
39993
39994
39999
40002
40009
40012
40013
40016
40017
40024
40025
40035
40037
40038
40041
40051
40059
40062
40065
40070
40073
40078
40082
40083
40087
40088
40090
40091
40092
40097
40100
40102
40103
40107
40115
40124
40129
40134
40142
40151
40161
40172
40183
40185
40205
40208
40234
40237
40243
40250
40259
40263
40280
40288
40291
40299
40301
40317
40324
40326
40329
40336
40339
40340
40341
40347
40355
40368
40377
40386
40400
40402
40403
40405
40408
40410
40416
40417
40419
40423
40426
40435
40458
40479
40497
40505
40512
40521
40522
40526
40532
40536
40542
40548
40549
40552
40556
40557
40558
40570
40600
40616
40626
40627
40632
40641
40643
40660
40664
40673
40676
40690
40692
40695
40697
40698
40706
40711
40717
40720
40724
40735
40754
40762
40771
40775
40787
40793
40798
40802
40803
40804
40814
40821
40834
40837
40840
40847
40854
40858
40862
40864
40868
40870
40871
40880
40883
40890
40894
40895
40901
40910
40915
40920
40922
40933
40941
40947
40969
40974
40983
40996
40998
41012
41020
41021
41029
41040
41043
41045
41047
41049
41063
41065
41067
41071
41072
41075
41076
41092
41094
41095
41103
41107
41109
41117
41119
41126
41127
41128
41133
41139
41145
41147
41150
41151
41155
41157
41161
41171
41174
41176
41180
41199
41200
41204
41205
41211
41219
41220
41225
41231
41233
41242
41248
41256
41267
41270
41274
41276
41287
41291
41296
41305
41312
41325
41331
41340
41350
41351
41358
41359
41367
41375
41383
41388
41390
41394
41397
41398
41403
41405
41408
41420
41429
41432
41438
41445
41448
41449
41455
41465
41470
41483
41491
41493
41497
41502
41504
41522
41525
41527
41535
41537
41542
41562
41582
41589
41604
41620
41626
41644
41646
41663
41672
41682
41706
41718
41727
41772
41796
41806
41810
41812
41823
41831
41834
41842
41848
41852
41859
41870
41877
41883
41892
41897
41900
41901
41904
41907
41926
41929
41939
41940
41961
41968
41981
41982
41987
41994
41998
42010
42011
42019
42020
42025
42028
42037
42041
42051
42054
42063
42075
42076
42079
42080
42084
42098
42100
42107
42116
42121
42129
42143
42144
42146
42150
42156
42158
42160
42171
42172
42177
42189
42202
42216
42220
42222
42236
42246
42250
42252
42265
42277
42283
42291
42311
42317
42320
42333
42338
42342
42344
42347
42369
42371
42377
42383
42389
42392
42395
42403
42406
42413
42415
42418
42423
42424
42431
42434
42435
42438
42445
42451
42453
42459
42465
42470
42478
42488
42491
42497
42498
42504
42505
42506
42511
42513
42518
42519
42525
42528
42529
42530
42531
42536
42540
42542
42547
42548
42552
42556
42560
42566
42571
42577
42578
42587
42588
42607
42619
42625
42626
42639
42640
42645
42653
42658
42668
42670
42673
42695
42714
42734
42757
42760
42764
42767
42771
42776
42787
42788
42794
42795
42801
42827
42833
42844
42849
42852
42858
42871
42873
42878
42889
42893
42896
42903
42910
42912
42915
42919
42928
42936
42944
42945
42953
42958
42986
43000
43009
43017
43025
43027
43040
43048
43055
43059
43069
43072
43079
43085
43089
43099
43122
43123
43131
43138
43152
43153
43178
43192
43221
43227
43248
43296
43329
43348
43370
43390
43401
43411
43427
43433
43439
43449
43451
43455
43463
43493
43498
43509
43539
43558
43560
43568
43572
43577
43583
43588
43599
43601
43603
43611
43615
43622
43638
43641
43662
43664
43670
43678
43718
43728
43772
43828
43841
43874
43879
43888
43932
43959
43997
44061
44065
44096
44130
44202
44215
44253
44262
44300
44382
44387
44422
44424
44440
44449
44461
44466
44498
44520
44521
44531
44557
44573
44575
44584
44592
44605
44607
44626
44653
44663
44691
44702
44706
44727
44728
44734
44743
44753
44761
44772
44777
44797
44823
44831
44837
44854
44859
44863
44867
44882
44889
44909
44918
44920
44921
44922
44925
44931
44937
44938
44942
44950
44956
44964
44970
44974
44975
44976
44978
44979
44983
44992
44995
45002
45012
45014
45017
45029
45036
45047
45055
45063
45084
45115
45121
45192
45193
45206
45240
45242
45248
45252
45253
45259
45270
45279
45280
45287
45296
45299
45305
45312
45367
45377
45383
45393
45403
45405
45411
45424
45458
45473
45478
45495
45496
45502
45526
45545
45585
45618
45629
45647
45659
45685
45715
45754
45853
45858
45886
45891
45953
45959
45995
46001
46060
46093
46127
46156
46198
46205
46227
46313
46360
46369
46396
46412
46444
46467
46534
46547
46551
46643
46665
46684
46694
46758
46859
46928
46969
47036
47037
47097
47186
47205
47248
47261
47263
47292
47320
47347
47359
47366
47411
47418
47419
47501
47522
47540
47548
47559
47565
47571
47573
47588
47600
47605
47612
47615
47620
47631
47653
47654
47682
47685
47692
47710
47728
47736
47779
47837
47843
47844
47854
47868
47871
47912
47917
47922
47925
47932
47962
47970
47974
47976
47990
48006
48008
48013
48014
48020
48041
48046
48056
48066
48072
48085
48090
48094
48103
48107
48112
48120
48122
48124
48126
48134
48137
48145
48151
48157
48159
48167
48169
48181
48186
48188
48194
48195
48201
48205
48206
48210
48220
48232
48284
48285
48312
48338
48340
48369
48383
48387
48390
48393
48400
48408
48426
48435
48454
48469
48470
48486
48494
48501
48504
48506
48510
48514
48531
48551
48555
48556
48558
48564
48569
48576
48583
48585
48590
48609
48661
48703
48714
48724
48725
48728
48733
48751
48780
48782
48789
48797
48839
48846
48848
48853
48868
48870
48874
48883
48890
48896
48914
48918
48919
48927
48931
48936
48941
48967
48979
48980
48996
48997
49003
49006
49035
49047
49049
49052
49056
49069
49088
49089
49092
49101
49117
49145
49194
49216
49220
49235
49244
49261
49263
49272
49317
49347
49374
49392
49398
49426
49464
49516
49624
49668
49674
49716
49792
49811
49843
49857
49900
49936
49952
49970
50006
50018
50030
50044
50093
50099
50103
50133
50144
50159
50182
50185
50206
50207
50233
50236
50262
50268
50272
50274
50305
50315
50349
50359
50366
50410
50421
50424
50445
50449
50460
50467
50499
50505
50525
50529
50547
50548
50549
50558
50560
50579
50580
50582
50599
50618
50620
50625
50643
50654
50659
50663
50686
50688
50787
50795
50799
50807
50817
50820
50829
50833
50850
50877
50920
50924
50941
50959
50990
51003
51020
51050
51080
51098
51115
51130
51147
51173
51253
51269
51319
51340
51349
51361
51379
51383
51386
51397
51421
51457
51484
51491
51505
51555
51903
51924
51928
51932
51933
51936
51938
51943
51996
52026
52038
52039
52046
52100
52195
52222
52225
52229
52255
52259
52260
52264
52265
52270
52280
52304
52311
52316
52339
52360
52363
52381
52384
52391
52397
52400
52405
52412
52422
52428
52436
52437
52447
52449
52452
52453
52454
52465
52474
52483
52491
52494
52496
52499
52540
52542
52571
52582
52588
52593
52600
52629
52670
52686
52698
52702
52706
52734
52746
52777
52781
52785
52787
52837
52856
52871
52874
52898
52908
52923
52939
52962
52968
52974
52987
52997
53012
53015
53028
53035
53045
53058
53064
53067
53073
53075
53080
53094
53112
53118
53122
53128
53133
53143
53153
53158
53163
53180
53206
53227
53236
53246
53250
53255
53283
53287
53292
53314
53320
53329
53330
53332
53336
53340
53348
53349
53360
53364
53371
53391
53395
53399
53402
53405
53407
53410
53411
53415
53424
53429
53451
53456
53489
53500
53511
53514
53527
53530
53582
53616
53619
53632
53638
53646
53652
53661
53686
53688
53692
53698
53710
53719
53736
53739
53741
53769
53774
53782
53799
53806
53811
53835
53836
53856
53858
53860
53866
53878
53881
53889
53907
53917
53919
53923
53924
53937
53941
53955
53957
53962
53967
53971
53986
53991
53996
53998
54005
54022
54037
54046
54052
54060
54072
54077
54078
54083
54089
54101
54108
54111
54125
54134
54148
54176
54184
54192
54194
54199
54204
54210
54212
54220
54221
54224
54233
54257
54261
54262
54283
54289
54303
54311
54314
54318
54326
54327
54343
54348
54352
54364
54371
54375
54381
54383
54386
54393
54399
54404
54406
54409
54410
54413
54418
54419
54421
54424
54437
54439
54441
54448
54449
54453
54465
54466
54468
54472
54477
54480
54483
54484
54488
54492
54501
54506
54507
54517
54531
54540
54545
54549
54551
54557
54561
54594
54599
54600
54627
54630
54637
54646
54651
54655
54661
54667
54673
54675
54681
54687
54696
54699
54713
54717
54743
54745
54747
54757
54770
54779
54787
54795
54800
54802
54804
54814
54830
54833
54834
54843
54856
54861
54863
54869
54870
54879
54885
54886
54888
54894
54911
54919
54927
54939
54940
54942
54960
54964
54975
54979
54986
54989
55009
55030
55031
55034
55037
55049
55064
55068
55073
55083
55088
55090
55093
55108
55118
55120
55126
55127
55129
55136
55139
55142
55150
55180
55185
55194
55200
55207
55220
55233
55240
55245
55251
55254
55271
55272
55282
55289
55292
55309
55311
55316
55319
55321
55322
55327
55343
55360
55361
55371
55373
55383
55387
55391
55401
55402
55415
55421
55427
55429
55431
55435
55459
55461
55470
55486
55489
55490
55496
55504
55506
55511
55512
55513
55515
55524
55525
55539
55547
55556
55569
55571
55572
55575
55576
55578
55581
55591
55599
55600
55613
55618
55626
55628
55643
55648
55655
55690
55691
55696
55699
55704
55707
55710
55711
55713
55736
55744
55748
55767
55774
55776
55779
55787
55791
55799
55825
55841
55847
55852
55871
55882
55889
55894
55901
55908
55909
55913
55916
55923
55925
55945
55955
55963
55973
55989
56016
56040
56043
56068
56071
56086
56096
56140
56196
56230
56316
56348
56383
56408
56414
56419
56472
56499
56517
56543
56555
56572
56639
56768
56812
56823
56838
56869
56872
56884
56886
56892
56893
56913
56918
56943
57006
57030
57047
57066
57082
57089
57098
57101
57104
57129
57138
57145
57180
57198
57212
57217
57222
57227
57240
57243
57287
57296
57306
57320
57326
57340
57376
57383
57443
57449
57450
57452
57471
57495
57507
57568
57569
57570
57572
57575
57581
57592
57597
57605
57613
57615
57616
57648
57658
57664
57671
57673
57674
57678
57684
57686
57695
57710
57734
57753
57765
57769
57771
57772
57775
57776
57792
57809
57820
57844
57849
57863
57867
57869
57884
57888
57907
57915
57919
57941
57946
57948
57961
57966
57967
57975
57982
57986
57990
57995
58010
58017
58019
58020
58023
58029
58030
58034
58035
58037
58044
58047
58053
58055
58056
58062
58100
58109
58119
58147
58197
58213
58221
58241
58258
58274
58285
58326
58339
58352
58359
58372
58393
58396
58417
58418
58467
58470
58472
58475
58479
58482
58486
58494
58496
58518
58526
58532
58567
58579
58585
58596
58598
58610
58627
58634
58642
58647
58660
58664
58670
58674
58680
58693
58698
58706
58708
58709
58716
58725
58735
58738
58745
58750
58754
58756
58757
58758
58763
58766
58769
58770
58783
58785
58787
58806
58821
58822
58826
58832
58846
58851
58853
58857
58861
58863
58864
58868
58870
58873
58875
58876
58879
58889
58893
58897
58913
58917
58922
58924
58925
58927
58932
58944
58946
58953
58955
58962
58969
58976
58979
58982
58991
59002
59022
59024
59040
59042
59043
59044
59048
59051
59052
59055
59064
59065
59071
59072
59079
59083
59094
59137
59140
59141
59148
59150
59151
59160
59179
59185
59193
59206
59220
59225
59231
59245
59251
59254
59256
59273
59283
59284
59298
59313
59320
59324
59359
59364
59390
59403
59419
59421
59430
59442
59450
59458
59470
59474
59496
59562
59574
59588
59605
59663
59684
59718
59743
59782
59842
59941
59960
60051
60101
60119
60125
60158
60169
60179
60209
60212
60232
60246
60341
60392
60407
60412
60415
60440
60445
60448
60449
60455
60469
60473
60478
60574
60578
60591
60655
60658
60685
60726
60747
60764
60770
60783
60835
60843
60849
60850
60891
61137
61171
61263
61316
61317
61364
61375
61394
61431
61436
61441
61448
61472
61486
61494
61502
61517
61524
61527
61547
61559
61561
61571
61582
61590
61601
61604
61649
61668
61845
61856
61858
61859
61879
61889
61892
61922
61931
61943
61962
61980
61997
62003
62029
62034
62038
62046
62064
62071
62073
62078
62089
62098
62106
62110
62122
62139
62143
62152
62178
62183
62220
62221
62224
62230
62254
62257
62261
62289
62342
62353
62363
62381
62393
62398
62408
62412
62418
62421
62425
62434
62435
62441
62446
62464
62474
62480
62481
62482
62485
62494
62520
62522
62525
62529
62536
62539
62546
62552
62558
62561
62566
62573
62580
62587
62603
62615
62631
62649
62660
62664
62668
62680
62696
62717
62719
62733
62743
62753
62755
62794
62816
62818
62840
62846
62876
62883
62886
62920
62922
62941
62973
62975
63034
63080
63088
63107
63120
63136
63139
63155
63158
63177
63231
63316
63325
63435
63456
63464
63569
63584
63597
63618
63630
63631
63641
63644
63684
63699
63718
63726
63744
63757
63765
63813
63823
63835
63897
63918
63938
63953
63961
63970
63984
64020
64054
64140
64143
64168
64179
64204
64267
64295
64357
64376
64397
64408
64522
64564
64610
64627
64643
64654
64668
64684
64691
64720
64741
64752
64763
64779
64784
64809
64843
64849
64877
64882
64910
64933
64937
64938
64952
64956
64963
64973
64993
64996
65000
65002
65025
65026
65033
65057
65065
65068
65081
65107
65113
65114
65116
65129
65133
65139
65142
65146
65170
65186
65195
65235
65265
65277
65283
65290
65303
65344
65353
65368
65386
65393
65415
65439
65445
65520
65521
65540
65565
65566
65589
65654
65661
65668
65692
65719
65731
65751
65755
65767
65781
65791
65803
65805
65807
65812
65825
65840
65859
65889
65896
65902
65904
65916
65918
65924
65935
65941
65957
65963
65964
65968
65969
65972
65973
65993
66008
66012
66016
66018
66028
66037
66047
66055
66059
66064
66073
66084
66089
66105
66116
66128
66129
66139
66150
66151
66158
66160
66168
66190
66207
66222
66237
66240
66258
66263
66269
66274
66288
66290
66331
66335
66346
66347
66365
66373
66382
66398
66407
66411
66413
66414
66418
66421
66424
66429
66435
66443
66449
66450
66462
66463
66501
66503
66504
66506
66511
66516
66520
66530
66539
66552
66555
66556
66560
66561
66565
66568
66571
66592
66597
66618
66620
66624
66629
66634
66645
66650
66655
66659
66660
66667
66673
66679
66685
66689
66690
66692
66697
66708
66712
66714
66727
66729
66732
66740
66746
66749
66757
66790
66826
66836
66848
66852
66868
66878
66889
66892
66903
66905
66919
66929
66967
66977
66989
66998
67008
67021
67023
67027
67031
67038
67043
67044
67048
67051
67064
67067
67094
67096
67107
67114
67119
67122
67123
67125
67129
67144
67155
67181
67186
67195
67196
67199
67200
67217
67230
67252
67253
67259
67269
67284
67285
67327
67346
67350
67382
67383
67391
67402
67419
67442
67452
67455
67458
67460
67464
67475
67483
67491
67497
67507
67519
67526
67534
67541
67542
67545
67559
67561
67563
67564
67567
67585
67586
67605
67612
67613
67631
67637
67642
67651
67654
67680
67682
67683
67684
67689
67705
67724
67736
67748
67756
67773
67774
67776
67794
67804
67810
67811
67818
67821
67826
67827
67829
67832
67833
67840
67848
67851
67853
67861
67876
67877
67891
67894
67904
67907
67928
67931
67935
67955
67957
67959
67982
67996
68000
68005
68011
68021
68025
68030
68035
68041
68049
68068
68069
68071
68073
68089
68113
68119
68147
68149
68164
68176
68186
68191
68192
68199
68201
68209
68210
68211
68213
68230
68235
68257
68261
68263
68274
68281
68282
68286
68288
68289
68298
68301
68314
68317
68320
68326
68346
68347
68356
68369
68378
68385
68397
68403
68413
68420
68442
68456
68459
68461
68467
68469
68474
68482
68489
68492
68495
68513
68518
68533
68540
68552
68557
68575
68582
68592
68611
68629
68634
68680
68687
68691
68701
68708
68712
68719
68725
68735
68742
68758
68763
68764
68774
68775
68780
68782
68784
68789
68805
68820
68827
68831
68832
68845
68853
68855
68864
68868
68882
68888
68905
68911
68919
68922
68931
68933
68943
68955
68959
68961
68977
68987
68991
69007
69015
69026
69029
69035
69051
69053
69055
69056
69060
69068
69091
69092
69096
69101
69103
69108
69117
69132
69137
69138
69141
69156
69164
69167
69171
69185
69199
69200
69216
69217
69222
69225
69246
69257
69273
69277
69290
69291
69314
69315
69331
69347
69354
69358
69380
69391
69397
69402
69406
69408
69410
69413
69414
69426
69434
69436
69439
69444
69453
69462
69468
69471
69474
69482
69498
69504
69507
69525
69552
69571
69574
69577
69582
69588
69608
69612
69621
69646
69653
69655
69664
69668
69680
69684
69688
69696
69714
69716
69717
69740
69744
69745
69747
69760
69764
69772
69780
69784
69786
69788
69791
69797
69798
69806
69807
69815
69816
69818
69821
69822
69823
69826
69830
69832
69840
69847
69853
69859
69867
69870
69872
69876
69879
69880
69885
69891
69904
69913
69925
69930
69943
69952
69956
69957
69959
69961
69968
69980
70000
70027
70031
70035
70040
70042
70049
70053
70059
70061
70063
70067
70071
70074
70076
70088
70092
70094
70101
70119
70126
70154
70168
70176
70214
70217
70242
70247
70263
70276
70301
70311
70320
70327
70344
70392
70504
70509
70525
70530
70547
70551
70566
70602
70614
70624
70626
70628
70637
70919
70932
70936
70964
70972
70981
70998
72551
72572
72573
72624
72628
72635
72641
72654
72703
72708
72713
72729
72739
72744
72760
72775
72781
72783
72789
72793
72819
72855
72873
72925
72943
72949
72958
72959
72970
72978
72982
72999
73033
73059
73083
73085
73099
73102
73107
73112
73116
73117
73118
73122
73127
73134
73145
73154
73159
73171
73174
73180
73187
73194
73207
73213
73219
73234
73244
73246
73251
73265
73267
73274
73291
73292
73298
73299
73307
73308
73310
73317
73339
73344
73345
73347
73349
73353
73354
73357
73364
73392
73415
73417
73422
73443
73446
73448
73460
73465
73468
73470
73472
73475
73486
73541
73582
73589
73594
73625
73650
73691
73728
73748
73763
73799
73806
73816
73857
73903
73919
74001
74021
74037
74057
74088
74103
74133
74141
74152
74163
74233
74244
74479
74480
74493
74497
74504
74516
74587
74595
74597
74614
74628
74638
74655
74665
74670
74676
74680
74700
74712
74737
74772
74833
74845
74854
74871
74881
74885
74888
74905
74910
74942
74950
74962
74970
74972
74986
74999
75002
75004
75013
75028
75062
75076
75085
75096
75114
75124
75138
75145
75177
75209
75225
75230
75290
75323
75335
75342
75360
75386
75401
75425
75467
75481
75563
75627
75636
75641
75642
75644
75658
75663
75671
75686
75691
75693
75719
75735
75768
75787
75794
75851
75898
75920
76015
76035
76072
76098
76158
76182
76232
76239
76251
76272
76295
76359
76381
76437
76467
76526
76565
76570
76651
76674
76740
76760
76770
76797
76798
76825
76838
76853
76894
76983
77028
77059
77062
77065
77101
77121
77123
77144
77155
77156
77183
77189
77194
77200
77201
77212
77216
77227
77230
77253
77258
77284
77287
77312
77326
77329
77339
77350
77351
77364
77366
77377
77392
77401
77408
77412
77436
77438
77448
77461
77471
77485
77487
77509
77514
77524
77529
77536
77558
77577
77585
77597
77605
77636
77651
77653
77659
77664
77670
77695
77713
77714
77715
77725
77739
77742
77746
77765
77767
77796
77815
77882
77902
77910
77931
77939
77982
77990
78031
78036
78043
78047
78060
78094
78105
78130
78143
78148
78161
78175
78177
78182
78193
78216
78228
78232
78243
78253
78289
78291
78305
78317
78319
78320
78321
78332
78339
78353
78360
78371
78376
78389
78410
78423
78533
78674
78683
78696
78700
78742
78768
78795
78817
78829
78859
78879
78884
78903
78914
78919
78971
78982
79148
79176
79303
79315
79363
79430
79459
79521
79522
79525
79545
79594
79622
79623
79626
79659
79662
79667
79674
79687
79694
79702
79713
79721
79726
79732
79735
79745
79749
79750
79756
79801
79808
79809
79824
79838
79844
79852
79869
79899
79925
79946
79961
79963
79972
79983
79984
79990
79998
80012
80021
80025
80030
80038
80044
80053
80055
80070
80116
80162
80178
80200
80210
80226
80231
80252
80265
80278
80286
80302
80313
80332
80338
80349
80431
80439
80459
80481
80485
80491
80500
80527
80531
80538
80541
80549
80557
80559
80563
80564
80567
80576
80581
80598
80602
80609
80617
80623
80633
80638
80641
80644
80648
80669
80681
80682
80687
80692
80705
80718
80722
80730
80736
80743
80753
80766
80774
80778
80780
80795
80806
80835
80851
80866
80869
80879
80890
80905
80909
80919
80928
80929
80945
80958
80983
81070
81101
81185
81206
81233
81324
81456
81480
81571
81594
81610
81747
81758
81814
81853
81864
81889
81907
81908
81922
81934
81941
81944
81948
81954
81957
81959
81964
81978
81984
81987
82000
82006
82017
82025
82032
82037
82052
82058
82065
82077
82094
82107
82121
82127
82136
82155
82162
82171
82177
82191
82203
82206
82212
82290
82296
82304
82309
82314
82330
82356
82366
82376
82380
82390
82406
82407
82423
82425
82429
82432
82435
82513
82542
82545
82559
82589
82594
82610
82626
82640
82681
82689
82707
82711
82732
82789
82855
82895
82901
82966
82987
83024
83034
83111
83131
83138
83154
83166
83180
83236
83257
83271
83288
83324
83334
83368
83382
83425
83428
83463
83477
83508
83515
83545
83548
83558
83561
83571
83584
83592
83603
83605
83608
83613
83620
83628
83629
83630
83684
83717
83724
83727
83736
83752
83756
83764
83769
83783
83797
83799
83800
83816
83824
83830
83837
83849
83859
83864
83868
83884
83890
83897
83900
83902
83903
83943
83944
83968
83970
83984
84004
84020
84024
84068
84090
84115
84146
84150
84162
84173
84191
84213
84233
84277
84289
84298
84301
84305
84311
84317
84342
84344
84346
84367
84372
84377
84382
84386
84388
84419
84434
84445
84448
84453
84462
84464
84467
84475
84500
84507
84509
84526
84532
84533
84539
84545
84549
84551
84553
84555
84562
84565
84579
84581
84585
84594
84602
84612
84618
84623
84640
84653
84655
84660
84686
84691
84704
84705
84723
84727
84728
84730
84731
84741
84747
84753
84754
84756
84757
84764
84771
84772
84774
84778
84788
84792
84803
84818
84819
84826
84835
84842
84848
84849
84850
84861
84865
84884
84888
84894
84896
84899
84909
84912
84914
84915
84923
84930
84948
84961
84969
84975
84976
84981
84982
85012
85013
85019
85024
85032
85035
85049
85052
85061
85063
85066
85067
85074
85075
85079
85100
85105
85108
85116
85132
85144
85164
85170
85171
85175
85183
85191
85206
85208
85211
85214
85217
85221
85224
85226
85230
85231
85234
85236
85241
85245
85254
85273
85280
85281
85286
85293
85301
85305
85313
85322
85323
85330
85342
85348
85349
85359
85367
85376
85379
85382
85384
85386
85387
85394
85400
85427
85431
85435
85438
85441
85447
85448
85457
85458
85461
85464
85465
85470
85471
85473
85478
85479
85483
85485
85488
85495
85500
85507
85508
85513
85518
85519
85524
85525
85527
85529
85533
85538
85541
85551
85553
85555
85557
85560
85562
85564
85569
85577
85578
85581
85584
85587
85599
85604
85606
85617
85623
85627
85629
85639
85640
85643
85645
85646
85651
85656
85679
85684
85738
85744
85746
85751
85773
85774
85802
85808
85809
85816
85822
85824
85825
85826
85827
85829
85830
85839
85863
85866
85868
85875
85880
85894
85899
85902
85912
85917
85919
85920
85924
85925
85926
85930
85937
85939
85949
85952
85964
85965
85968
85972
85973
85976
85978
85990
85994
85997
86006
86008
86009
86014
86019
86021
86032
86038
86040
86052
86055
86068
86076
86085
86092
86098
86109
86121
86125
86131
86144
86163
86167
86240
86247
86271
86272
86278
86288
86291
86297
86301
86313
86316
86319
86335
86351
86355
86356
86360
86364
86372
86373
86378
86380
86381
86385
86386
86388
86391
86394
86402
86403
86406
86412
86413
86419
86424
86428
86429
86431
86432
86433
86453
86458
86481
86492
86529
86532
86534
86538
86542
86545
86547
86575
86586
86600
86610
86614
86622
86636
86671
86683
86712
86718
86735
86786
86810
86839
86850
86855
86856
86864
86901
86919
86935
86950
86952
86956
86961
86982
86987
86991
86992
87008
87011
87025
87026
87028
87075
87076
87082
87093
87095
87100
87101
87116
87123
87125
87127
87143
87147
87149
87166
87170
87178
87186
87197
87225
87256
87268
87284
87297
87300
87315
87319
87330
87335
87339
87347
87355
87357
87363
87375
87380
87383
87387
87396
87397
87400
87405
87410
87411
87412
87413
87421
87434
87438
87446
87451
87454
87455
87459
87462
87473
87475
87477
87483
87488
87492
87495
87507
87510
87513
87518
87527
87533
87536
87539
87540
87546
87551
87553
87565
87571
87585
87586
87587
87591
87601
87602
87607
87614
87617
87619
87629
87632
87638
87639
87653
87654
87660
87661
87663
87670
87673
87681
87683
87692
87693
87697
87700
87703
87722
87725
87730
87742
87743
87745
87755
87769
87771
87773
87781
87790
87795
87796
87800
87824
87831
87839
87840
87851
87862
87868
87880
87882
87886
87889
87899
87901
87908
87911
87913
87914
87918
87920
87921
87925
87926
87938
87947
87948
87949
87952
87953
87958
87959
87973
87980
87981
87984
87987
87990
87994
87998
88004
88005
88011
88012
88018
88021
88023
88033
88036
88039
88041
88045
88046
88049
88056
88058
88064
88065
88066
88073
88077
88079
88083
88087
88092
88098
88104
88110
88127
88131
88133
88136
88140
88149
88150
88151
88152
88154
88164
88168
88172
88179
88180
88183
88190
88192
88193
88202
88207
88215
88216
88218
88228
88230
88233
88238
88252
88280
88283
88290
88295
88304
88324
88325
88338
88362
88371
88375
88377
88378
88399
88420
88483
88552
88573
88655
88669
88683
88807
89050
89056
89090
89104
89204
89267
89332
89351
89363
89383
89403
89421
89439
89467
89469
89472
89498
89501
89558
89570
89607
89630
89698
89706
89717
89760
89800
89858
89889
89914
89923
89927
89946
89986
90006
90018
90022
90024
90033
90043
90051
90102
90130
90145
90178
90188
90201
90246
90258
90259
90281
90282
90296
90304
90307
90314
90334
90348
90668
90682
90686
90706
90713
90720
90728
90731
90760
90767
90768
90773
90779
90783
90793
90798
90808
90847
90853
90858
90864
90870
90886
90892
90894
90903
90911
90915
90919
90922
90927
90945
90953
90961
90965
90975
90982
90994
91011
91025
91039
91045
91048
91064
91068
91069
91070
91079
91081
91114
91124
91145
91148
91161
91166
91171
91178
91179
91186
91200
91208
91211
91215
91223
91228
91230
91233
91238
91239
91241
91252
91255
91256
91263
91268
91273
91279
91285
91296
91303
91308
91313
91325
91332
91346
91351
91382
91394
91406
91411
91414
91426
91428
91430
91435
91439
91440
91451
91456
91461
91466
91471
91481
91497
91500
91503
91508
91516
91520
91521
91523
91547
91549
91565
91569
91582
91596
91599
91606
91609
91620
91630
91642
91645
91649
91672
91676
91704
91731
91739
91746
91794
91817
91835
91840
91843
91854
91856
91865
91876
91884
91888
91907
91919
91929
91937
91954
91956
91962
91963
91975
91988
92030
92049
92064
92085
92110
92149
92186
92222
92254
92276
92306
92313
92347
92348
92415
92420
92444
92507
92515
92529
92579
92582
92597
92607
92617
92619
92620
92645
92653
92657
92663
92668
92691
92711
92730
92781
92783
92786
92796
92804
92827
92830
92842
92853
92877
92881
92892
92933
92944
92947
92969
92978
92982
92989
92990
92999
93000
93002
93014
93017
93019
93021
93030
93045
93051
93060
93062
93073
93082
93083
93147
93162
93275
93286
93294
93309
93311
93313
93317
93322
93323
93327
93328
93329
93438
93452
93467
93489
93490
93492
93538
93560
93613
93644
93704
93718
93770
93821
93858
93868
93900
93916
93952
93969
94002
94029
94094
94103
94119
94141
94152
94263
94273
94304
94323
94330
94338
94348
94350
94358
94372
94375
94376
94389
94401
94418
94426
94439
94481
94489
94493
94522
94557
94623
94636
94647
94677
94697
94750
94781
94840
94873
94950
95015
95021
95056
95121
95154
95189
95199
95225
95232
95242
95251
95304
95341
95369
95378
95387
95395
95430
95481
95554
95563
95570
95595
95626
95645
95653
95662
95672
95690
95707
95744
95761
95769
95841
95892
95909
95914
95922
95969
95982
95999
96006
96015
96028
96032
96051
96052
96071
96074
96140
96178
96182
96185
96210
96240
96243
96255
96264
96282
96284
96298
96305
96307
96312
96369
96382
96402
96421
96451
96485
96535
96549
96572
96579
96624
96636
96666
96669
96670
96672
96682
96706
96707
96709
96721
96740
96741
96748
96753
96761
96763
96765
96769
96803
96804
96813
96834
96845
96879
96881
96915
96946
96960
97016
97047
97087
97106
97145
97239
97274
97348
97394
97395
97428
97458
97497
97534
97571
97606
97638
97734
97753
97758
97806
97848
97900
97929
97959
97992
97996
98000
98032
98158
98174
98183
98232
98237
98238
98241
98249
98287
98294
98303
98331
98358
98375
98387
98398
98403
98415
98496
98499
98539
98562
98576
98591
98596
98597
98605
98608
98614
98623
98657
98665
98675
98680
98736
98838
98875
98877
98924
98932
98980
98992
99047
99082
99105
99131
99144
99148
99158
99162
99163
99185
99187
99198
99204
99207
99210
99219
99225
99245
99248
99250
99265
99276
99277
99292
99295
99301
99313
99318
99346
99349
99360
99365
99370
99371
99377
99394
99441
99459
99473
99481
99491
99524
99529
99549
99556
99561
99563
99576
99577
99604
99627
99689
99691
99720
99748
99772
99791
99808
99821
99926
99929
99930
99980
100010
100026
100054
100064
100117
100120
100137
100155
100162
100171
100172
100200
100212
100236
100245
100256
100300
100324
100330
100357
100401
100438
100479
100489
100530
100537
100571
100583
100584
100595
100614
100634
100635
100643
100657
100675
100692
100702
100718
100724
100726
100751
100756
100759
100775
100780
100781
100806
100814
100818
100822
100829
100830
100834
100849
100858
100863
100867
100873
100877
100880
100881
100885
100894
100905
100910
100911
100918
100924
100927
100941
100970
100979
100985
100987
100996
101000
101007
101015
101029
101034
101053
101065
101066
101073
101086
101110
101130
101168
101169
101178
101180
101200
101211
101232
101242
101252
101261
101278
101288
101294
101315
101344
101364
101367
101376
101380
101390
101392
101396
101413
101420
101426
101430
101433
101434
101440
101442
101464
101488
101498
101513
101519
101531
101547
101558
101559
101569
101580
101583
101591
101597
101633
101644
101645
101647
101667
101675
101688
101689
101696
101703
101706
101751
101757
101760
101772
101773
101777
101780
101787
101793
101794
101795
101811
101823
101827
101829
101836
101837
101842
101850
101855
101868
101870
101873
