99720
99627
99604
99576
99561
99556
99529
99524
99473
99459
99441
99377
99370
99360
99349
99346
99313
99301
99292
99277
99265
99250
99225
99219
99210
99185
99162
99148
99131
99105
99082
98992
98980
98932
98924
98736
98680
98675
98657
98623
98608
98605
98597
98596
98591
98576
98562
98499
98403
98398
98387
98375
98358
98294
98241
98237
98232
98158
96881
96845
96834
96769
96765
96763
96761
96753
96748
96741
96740
96721
96709
96707
96682
96672
96670
96669
96666
96636
96624
96549
96535
96312
96305
96298
96264
96243
96240
96185
96182
96178
91963
91876
91843
91840
91835
91649
91630
91606
91565
91549
91521
91520
91500
91481
91456
91439
91426
91414
90102
89498
89469
89467
89421
89403
89363
89351
89267
89104
89090
89056
88152
88151
88087
88083
88066
88064
88058
88036
88012
87981
87953
87926
87911
87901
87851
87790
87773
87745
87683
87670
87663
87661
87614
87565
87546
87533
87518
87507
87495
87492
87455
87446
87397
87357
87347
87335
86402
86372
86288
85939
85937
85924
85809
85684
85679
85643
85640
85639
85629
85627
85617
85606
85604
85584
85569
85562
85560
85553
85529
85518
85508
85507
85488
85483
85479
85473
85471
85457
85431
85427
85348
85305
85301
85281
85241
85236
85234
85183
85175
85170
85132
85108
85105
85100
85075
85067
85063
85061
85052
85049
85035
85032
85019
85013
84976
84975
84948
84923
84914
84899
84894
84888
84849
84842
84835
84826
84819
84803
84756
84747
84741
84727
84704
84691
84660
84640
84623
84612
84602
84579
84562
84549
83629
83628
83608
83605
83603
83571
83561
83545
52746
28085
52593
52582
52270
52222
51933
75644
75401
75290
75225
75145
75124
99689
75096
75076
25876
75062
75028
75004
99563
74970
99549
25770
25719
74905
25708
74881
25692
25659
74845
99365
74772
25554
99295
74680
74676
74665
74597
74587
74504
74497
74493
74479
98496
24632
24577
98331
48996
73470
73465
48846
73364
73354
48751
73344
73339
73298
73291
73274
73246
73234
73207
73174
73159
73145
73127
73122
73112
73102
73099
73085
72959
72958
72789
72781
72775
72760
72703
72628
45473
45279
44995
67982
67959
67935
67931
67894
67891
67877
67853
67851
67848
67833
67821
67818
67811
67810
67682
67654
67651
67631
67559
67519
67464
67455
67452
67442
67402
67383
42757
67350
67346
67327
67230
67186
67181
67129
67094
67067
91642
91620
67027
67021
66989
91516
66848
66836
91428
66826
91406
66667
41987
66429
66424
66421
66418
66407
66346
66151
66150
66129
66059
66012
41403
65969
41075
40947
40793
52698
15768
89383
52400
39351
14566
39106
63641
63630
63597
63584
14331
87918
14095
38567
62973
62922
74712
24677
98303
73460
85623
73317
73059
85226
85171
85116
85066
60473
72708
85012
60407
72654
84909
84655
84581
84553
83584
57967
57867
57772
57771
57753
57695
57684
57678
57674
57671
57613
57605
57597
57575
57570
57507
57452
57449
57383
57376
57340
57326
57296
57243
57240
57222
57212
57180
57145
57138
57129
57104
57101
57098
56918
56913
56892
56884
56869
56838
56812
56768
19124
68025
68000
67996
55576
55556
67804
55513
55486
18549
55415
55371
67612
55319
55309
55271
67382
67253
67200
67122
66998
91569
66868
29891
29811
29782
29754
29668
29627
66413
66331
29405
29351
29295
29245
29148
66008
65902
53411
53405
53402
53399
53391
53371
53348
53283
28678
53255
28634
53180
53118
53133
53128
28529
53122
53112
40771
53075
53035
53028
52923
28315
52908
52874
52871
52856
52787
52785
52777
52686
52670
89501
52600
52540
52496
52491
52465
52453
52437
52452
52447
52436
52384
52360
52339
52311
52304
52259
51936
51932
51924
75735
75693
26417
75481
26214
75342
26171
26153
26142
62975
26070
26050
26025
25991
75177
25952
75138
25961
25956
25880
74999
74942
99491
25590
74737
25540
74638
99198
99163
99144
99047
98877
98415
24623
49092
24495
49088
98238
49052
98183
48997
48936
48927
48919
48896
48883
48874
48848
48839
48789
48780
48725
73292
73307
48714
48703
73194
73187
73154
73107
72982
48284
48232
48220
72793
72783
48205
48194
72744
60455
72729
60440
48137
48124
48112
48103
48085
72635
72641
72624
48020
48008
47990
72573
47970
47925
47912
23202
22995
96307
96282
96210
22194
22057
57844
57792
45502
57776
57710
45377
57658
57648
57616
45299
57569
57568
45259
45242
45240
57471
57450
57443
57306
45017
45002
44978
44983
44956
57227
57198
57066
57047
57030
56943
56886
56872
19238
19221
68011
67907
67876
55578
67861
67827
67794
67756
55429
18530
55401
67637
55289
55240
67419
42827
42795
42794
42787
42776
42771
42767
42760
67252
67155
67144
67125
67114
67119
67096
67064
91672
67048
67044
67043
67038
67031
91609
67008
91599
91596
66977
66967
91440
91411
91394
29733
42011
29677
66160
66105
29238
41527
41491
66064
41465
41455
66016
41432
41390
29093
29108
41397
65972
29090
41394
65968
29098
41359
41351
41325
65918
29051
41312
29019
29012
65889
41296
41291
41270
41256
41219
41211
53489
41200
41176
41161
41155
41103
53364
53336
41047
53332
41043
41029
41020
41012
40983
40974
40969
40941
40933
53153
53143
53094
53058
53073
40762
40735
52962
40673
15778
52629
52588
15659
15644
15453
15434
52265
15353
15348
89050
15231
39726
39618
51903
39579
39517
39506
39426
39441
39405
39413
39398
39296
26979
39283
39243
39231
39168
39151
63726
39142
39127
14481
14502
39080
63644
39065
14420
39013
14423
14347
38925
88098
14325
38903
14316
75719
88018
14269
38825
75691
38824
14237
38815
87980
75663
14188
87952
26474
87949
87889
26387
87862
14081
13907
26199
87653
26068
62846
25928
75114
62840
87413
38221
75085
38122
25743
74833
25649
25506
74670
99248
74655
74628
13181
74595
74480
24750
24751
49049
98249
49003
48941
48853
48797
85651
48733
85557
73134
85438
85359
73033
85323
85286
48285
60412
48072
84969
84930
84915
47962
84730
29204
41493
41483
22959
41150
41145
40775
52968
52706
15748
15760
52494
52449
15500
15473
39621
57849
39418
39411
45495
45458
39237
57572
45252
57495
38907
26588
38877
38860
57287
38839
57217
75636
38769
26406
57089
57082
56893
26132
87607
56823
38232
25693
19239
99187
19215
67955
55387
18520
67586
67458
73472
67285
67217
67199
85646
30017
30003
91332
29854
29830
85144
29796
29751
29715
29714
29702
29676
29672
29671
29560
29419
29384
29332
41626
41604
29299
29286
66139
90731
29264
41537
29226
29197
66073
29178
29167
29161
29158
29144
66037
29142
29080
65935
29048
41331
65924
29044
29041
65896
29008
28998
41274
41248
41128
53424
53407
53349
41063
41065
28761
41045
41021
28719
28706
28703
28664
28640
28624
28611
53163
28585
28578
28549
40847
28545
28541
28536
28533
53080
53067
53064
52898
52837
52781
52734
28055
52571
52381
15417
15396
15365
15345
15278
15273
15198
39735
39664
51938
51928
51943
39597
39512
39424
39419
39390
39376
39362
39364
57686
14666
39259
39203
14625
14640
14623
57615
39162
14535
39131
14498
39035
39049
39021
14440
39010
88140
38929
14330
26613
45012
38856
26565
38840
87984
14200
75658
14213
75627
14192
38770
75641
38754
26431
87913
26425
14119
26423
26412
87831
14052
14046
14024
26322
87795
14001
57006
26276
26238
26236
26251
87725
75425
26232
75386
26205
26218
26208
26192
26176
26172
26162
26160
75323
26154
26133
26131
26110
26096
26091
26062
26077
26075
26049
87539
75209
62920
99808
26029
75230
62886
26015
25986
25954
99748
38264
87438
38249
99691
25937
38226
25921
25917
25911
38194
25905
25887
25886
25884
25867
25863
75013
25857
87339
25851
25836
25816
75002
25831
74986
25824
74972
38117
25815
25807
74962
25792
25778
25767
74885
25717
25705
74854
25698
25650
25627
99394
25615
25608
25600
25572
74700
25544
99318
74516
98875
86412
55489
98539
24581
24567
24489
49069
98174
42801
48931
48918
42764
73486
73468
48890
73353
67196
73347
73308
73213
85538
67051
85464
73118
85322
39199
14589
29916
39026
48210
38983
60469
48157
48120
72713
48094
48107
26540
72572
66382
23232
26189
41562
84594
96879
26175
23096
75335
87654
26166
41535
41522
29233
23065
41504
23051
26127
23048
29164
23023
23021
22989
26074
41448
41358
65916
96572
41233
41109
74871
25715
96284
25575
28628
40803
40798
40720
22251
19143
22215
22117
22103
22046
95653
98665
52483
52422
52391
24628
52229
24555
15351
24522
15251
15257
39832
48980
39706
39703
85587
57769
73116
85435
39242
57673
57592
57320
14074
26177
75360
26034
25978
25882
25866
99577
25798
25788
25764
74950
74910
13174
99204
19237
19224
22174
22136
83620
83592
98838
68030
67957
52542
89439
67832
67826
55525
89332
15553
18572
18553
67684
15433
55327
55311
24528
67567
24549
15312
67564
24546
15309
67545
67561
67526
67534
67497
85899
42788
85577
73251
73244
39267
26965
91471
29992
14624
26932
29898
60449
88154
60445
26602
88077
84981
41926
26569
14212
38805
66398
47932
15671
84772
29373
38584
41646
29347
26267
26246
84585
26173
89204
26170
66089
29217
41497
29214
29183
55254
67483
96706
25979
87454
38268
25966
25931
41267
41242
25841
53456
53395
53410
25752
53415
41126
41119
53360
41071
85447
53158
99158
53045
22228
40660
75794
14349
75768
38920
52702
44979
67776
67773
15531
87742
41620
18574
66116
26182
15376
52255
18428
24570
55292
24550
25993
15200
48979
25894
41231
73475
39562
67123
91739
85581
67107
85524
40920
73083
39291
91466
39193
14584
39098
72873
14493
14439
14414
63569
38976
83548
60478
85074
88150
14339
29711
38937
38796
14181
14178
72551
14116
87796
15570
75467
26333
87769
38533
26244
13955
13951
26262
26231
13898
26072
26103
40676
52939
14550
67541
15299
14489
87462
25974
88127
25819
75686
25775
25759
99481
74888
91731
96255
85458
73117
99245
13189
99276
25497
99207
74614
13169
13162
13149
72739
45115
98614
26422
14133
85495
67023
38552
13948
52363
24543
14537
98287
49101
39638
14184
75642
26486
41094
73267
85599
47922
85191
85926
84728
73180
40890
85164
29789
88180
67391
60448
48159
41276
14268
48041
84896
75671
86381
89472
15669
47917
87882
14062
99371
25607
85470
26449
41445
67460
41180
48870
25802
53451
53429
38844
14226
41117
14585
14576
41502
29200
22233
25734
87938
26041
19152
28590
25623
85578
19200
29418
25542
29774
48201
67195
87947
38761
53340
83558
15678
