63203
63207
90439
38326
90453
122267
90365
90457
63266
90486
90422
90489
63304
38342
38380
90593
90627
18882
38849
18663
63608
63361
90515
63760
63453
63748
38858
38824
38828
63675
38614
38661
32255
14517
95677
95759
14523
32064
32078
32155
95658
32194
95567
95645
14464
95104
95170
95088
95132
31770
14274
95133
95066
14153
14148
56523
56487
14124
14134
14108
31289
94572
94430
94344
116199
116209
116164
85103
85519
115987
116021
85560
90053
121735
121727
90067
89946
110482
37584
62535
62481
62458
37540
37564
80549
89849
121690
98035
18239
98023
98028
37496
18150
37516
97925
18176
110262
80285
121403
38694
53749
110113
110228
110256
110156
80373
30551
53809
121448
53770
89101
121387
110283
121609
110422
30747
121602
121484
110398
80405
53904
30636
53833
85157
53908
110408
53843
53940
60537
60513
33127
95600
33098
87668
118070
87684
61917
38489
118109
118096
33057
33062
87762
62012
61992
61997
61970
38541
38576
38558
110192
85839
20265
110247
85846
110272
110253
110234
38590
20295
110250
20331
38672
20337
38695
53743
38688
85875
87801
121487
63767
118291
33193
60574
60617
89159
89218
62088
87883
87893
118380
118299
118411
121516
121604
121587
38714
20418
38745
38785
38814
67997
97927
89330
89327
60688
60694
118522
87938
62170
62206
118499
62155
97905
18855
68084
118581
62236
118596
18846
95747
68002
110447
85924
110325
110301
110327
110344
85949
85953
110379
110401
62960
63041
63050
62966
23797
23786
101186
101192
92041
92001
113291
45806
63204
45801
29826
63236
113296
113330
45868
29861
29848
113308
45849
63089
23814
23808
63216
81754
101300
101265
101264
101238
86019
118042
41112
110483
110493
63108
63150
119495
86065
81832
63241
23839
63270
101167
101163
18953
18896
20230
101136
18893
101221
71656
101216
101175
101227
71698
71699
101204
18956
99496
101142
99469
101209
101224
72091
72184
72174
101229
72144
72022
72106
72002
72025
72046
69889
72045
72153
38768
18939
31324
38796
18913
38520
38669
18804
18830
99398
99393
99365
99629
18904
99292
99248
18848
99376
18684
18692
99073
18471
18600
99127
18642
18611
18558
98908
98995
98641
98746
98664
98735
68905
98546
98115
98466
98495
40888
68644
40850
68647
68793
68821
40854
40897
95795
40161
68166
68191
40846
95848
18919
95858
40187
40701
95804
110576
45461
45754
92193
119509
45441
119530
60671
45887
29911
45888
69878
63162
47768
101356
101371
101402
47763
107884
41207
47779
34032
113397
113385
92103
113435
92135
20896
74986
52507
74718
25795
41027
18828
25822
52299
112869
112867
17850
94524
32227
32315
112852
77713
97739
97721
20908
34053
34055
68012
77779
77767
97790
77834
59868
77840
97819
59918
63558
63557
99031
59887
77915
77907
101665
97840
23191
112878
90789
34095
80325
34086
87163
11888
120511
97805
97848
13312
97832
53898
52316
32214
112826
53902
72159
72160
90781
90767
112737
112890
32254
32279
52402
17825
52322
98043
74864
74816
74746
74843
97997
97945
14328
29116
69554
96198
96284
96260
96383
96332
96370
62036
69652
69619
49989
108023
87187
15467
45864
68087
87249
107972
87197
15476
69928
47849
92515
119849
28403
28463
92560
119897
24557
47945
45772
92660
24615
99660
45802
45910
92759
24633
24670
120033
70014
34119
50017
9878
23189
37244
53855
53866
53862
37229
23199
34130
68142
50041
68133
50022
68108
34157
68162
68151
87460
50111
68170
10897
68184
10902
10903
50168
87291
108066
87342
47963
28524
108055
28492
108078
87333
28535
48058
28542
108151
28555
48007
28607
87402
41048
87404
108263
17870
90742
112902
90450
112711
112700
52370
87493
15574
28622
87522
28643
48150
15594
70318
92984
70168
70148
70139
97937
14317
92964
92972
92999
92816
120157
47985
120122
70059
92832
48018
92905
48088
70266
40139
70263
92941
70282
120228
52474
20955
49432
45939
46002
24773
46031
46008
24816
19438
96429
69866
96469
69887
69910
69905
72097
72089
72064
99618
69604
69926
69823
69852
17848
69899
69779
69893
108214
69759
88025
41611
69693
69660
110388
41638
69648
69680
62070
69687
69712
24578
69760
69405
69395
69417
41041
41110
95733
41177
19572
41145
41093
19578
118184
33310
41247
69576
69525
69452
41264
41386
41288
63758
41332
41346
41469
99227
72269
72314
72308
72299
72285
72340
70001
70047
70037
70017
72274
72245
72256
72198
72216
72265
72510
72567
72672
72668
72365
72394
70131
70125
72404
72248
72388
72444
72381
72467
72474
44801
44810
44831
72626
44787
72621
72656
72460
69929
69980
70043
69958
69999
41776
69962
41570
71662
41629
41642
110402
41646
72276
96640
96649
96710
19627
19685
19729
38281
46115
32185
70090
24865
24843
46123
24883
120570
14433
98036
120612
24891
24982
120565
120559
93014
120377
14326
14324
29152
25001
24997
24932
120625
25024
94605
101155
24959
46195
24945
120526
120535
46187
24815
24952
51121
28447
120503
51066
51114
51045
29194
51050
29163
120605
46062
72437
70143
44670
44683
42214
44588
98515
44593
44668
49372
72065
49350
44795
40909
48328
42274
42267
42270
42234
19781
19337
41585
19886
110413
41654
41687
42032
42041
34042
49345
42002
41865
41933
19972
97094
42224
19992
42249
20020
20049
41677
41670
20044
72413
20090
41871
41877
41774
42193
42187
72129
42059
41983
41896
42122
42144
20220
42248
42150
48193
48280
87123
48202
48178
42181
20173
20073
20114
97410
97357
20142
20209
20149
20140
23734
23760
31316
23816
72508
20164
23730
23563
20135
20192
20022
69976
69960
96735
94400
70030
19689
19747
97067
19768
96831
46250
46293
68632
46287
70140
70150
46344
70169
70331
97050
96997
97087
97023
50078
97187
97178
89120
96995
96958
70123
70233
70229
46361
70199
46400
101201
70250
46407
70267
70280
46442
46365
46414
70306
70322
75448
75468
75453
75461
75467
102159
102171
75483
70284
70205
70378
97209
97285
70370
97259
97198
97324
70391
70309
97221
102399
102442
102376
102358
102183
110206
102441
97225
70366
110131
41415
24183
24151
24135
49285
49230
41899
49224
49217
72138
49412
49414
49281
49459
24103
24081
48337
18650
48226
48365
50985
29133
29138
50968
51003
29143
75266
37251
75293
51089
75263
75192
75235
75202
102107
102224
102105
75517
102216
102208
121749
121725
90536
63919
36508
63481
34454
110238
63954
87900
63943
102455
63932
92904
92975
16296
16290
92981
64043
92994
64016
58654
38549
92965
92967
13233
34681
121952
36549
122055
36613
64941
122016
64968
36574
122028
34707
64033
122051
34755
49190
64277
64247
31457
93385
93405
93493
93392
16522
58953
34850
85646
64305
64330
96398
64326
93484
85468
93580
93561
34812
34882
94358
67072
67150
34911
93593
43899
22228
22229
113672
113695
113667
113684
113888
122146
89273
97140
65190
90902
122176
122222
90942
90973
64706
122234
121811
118321
41371
41429
21939
98105
88861
65640
65677
65626
65676
45098
113788
113912
22006
64732
90636
36482
64341
121807
64206
14251
97881
97889
90687
113789
67432
95053
75102
51029
14256
51035
110173
87845
63889
14250
21254
74560
74624
74589
119885
103931
74652
103910
103872
118405
63883
42379
42389
94557
104076
21280
42309
81829
97912
51061
14282
36550
28916
50527
14276
28947
98121
98141
14300
120453
14242
28905
50815
50775
74884
74858
74954
101530
101449
101490
74990
29058
44699
74723
121875
36491
102454
41491
18250
101397
121850
74767
101416
22921
46809
101336
74800
101514
101518
101519
74785
64778
20214
42464
104129
74850
104151
46882
46900
23060
67684
95505
95291
95289
95261
67642
67510
67511
95262
67694
42779
104658
42947
21336
104285
67446
97982
21365
21359
21411
42606
42669
104517
28617
21451
21440
72241
42173
97710
104527
67626
42739
67670
42758
21481
72737
42617
21490
104508
102282
102291
101982
23202
113800
75109
75138
75113
48068
101679
101746
101761
75360
75223
101923
101874
101842
101948
23173
101904
18711
101903
47013
23252
47025
101740
47018
46907
101656
47000
74998
104258
74946
74911
23287
23304
23109
23257
47096
23268
47036
47129
121376
75083
75093
75080
104454
75045
75169
104472
92580
23263
23182
23210
104578
67990
102303
23767
23770
68062
68098
68097
104646
105496
42982
21621
105407
43007
97327
43023
105594
43018
113354
105688
67950
104631
47162
75118
41354
102322
23430
23400
23440
23479
23491
23494
102309
23537
23530
102403
102261
110184
102426
23568
102253
23570
63699
102260
23534
23647
23651
23632
23501
101212
47637
23636
47588
23473
23450
47368
46982
47165
47689
47170
47681
75139
75742
75769
75844
105436
99583
75871
104587
75813
47839
101346
47758
75943
62497
47527
70268
47640
47820
47790
75899
60546
75914
75909
75957
22987
75928
75975
76031
105568
60669
122043
76057
105551
90791
29029
105468
22903
75820
75796
47650
106365
107713
76556
24161
77330
77263
68178
21906
75326
106267
106170
23484
76536
106206
106249
106278
106368
106248
106324
106302
106347
43252
43160
43268
43220
43141
43209
23185
68207
119966
43149
98914
15525
106034
105683
105648
105990
106000
21768
21782
21739
68125
49472
49564
49580
49609
24138
77306
48215
48209
47994
48342
18871
48491
48370
48499
18902
48536
48459
23913
23893
48452
18920
48560
48471
63182
48162
23921
48379
23784
23799
23597
23604
23741
23610
23840
48014
23787
38647
23664
48109
48022
18464
95230
48035
101198
47625
63153
48122
48006
48148
47657
48042
23847
48153
48799
48893
110227
48896
48805
48829
48864
48871
110210
63920
48883
48797
76456
76410
76344
38455
92875
76554
76390
46193
23425
76469
48904
48672
102229
48666
48706
76209
48167
87655
48697
48708
76261
47906
76163
87555
48602
48640
76167
23203
76179
76195
47661
77252
81705
85483
48686
58675
76310
72222
53948
42177
72244
72235
53973
85210
90794
63085
101654
23211
37283
18510
101694
13304
23229
13331
37336
40696
101736
52410
37308
23231
47842
32518
23238
48311
118666
118688
37303
63533
58555
14099
58557
81766
81711
101639
96301
96300
41120
63543
96293
19528
96286
76137
58512
19459
118654
32751
118876
118900
25811
43954
19740
118915
96448
20259
118818
85423
85462
32556
32670
101669
32745
48646
48609
48654
66397
66358
105110
66357
20261
25837
14267
25783
66344
119985
65583
115996
85501
25834
65580
88706
65560
114398
89129
87532
48585
48364
32636
98060
105040
66305
48390
120423
14213
25751
66268
104916
120462
43790
14199
85325
43813
90555
44245
65849
104869
25696
44235
26028
14188
26025
85654
90435
114184
72701
89063
65800
64904
41579
90710
36593
90712
90754
41557
114099
22117
88972
114066
44165
22024
114026
65750
65822
14333
105403
105456
44143
18952
25965
44127
26003
25867
44009
120514
51073
14298
88923
113967
113969
44079
41520
90528
64362
121715
36313
63511
41037
121647
121666
59000
90481
64525
92369
32630
33757
33732
32615
122009
23061
92290
18722
63333
15829
101941
63363
124049
121585
51127
14358
36209
64431
40996
64323
40923
90384
90448
64404
90391
121563
41842
64261
65405
88461
63528
25894
25622
44048
44050
105591
21877
74823
113476
34158
88582
44818
113488
18949
41169
41130
21852
65321
65396
113341
43577
88434
88449
21780
87446
41088
72128
88517
44749
113418
113403
25614
48175
25567
65268
65221
113170
113202
113389
113184
88354
25477
43521
43485
62901
62858
91379
35779
91308
121249
62878
91338
123986
91551
64245
91582
123995
121339
64240
121258
40863
43439
88344
90145
64128
40754
40750
90251
74943
121264
120485
90273
64192
65139
65155
65127
113027
49179
88266
21629
40818
87151
40808
64160
88305
21678
112963
48257
40837
64149
121149
121193
90078
64078
35408
35423
62723
62701
121000
121047
118667
88132
64974
88166
40679
64052
41619
64067
88047
40675
21573
112702
112691
64970
40589
64031
121104
64860
64844
112624
98006
120587
112583
40580
43264
35360
87996
14354
112532
64814
112762
21531
40553
64798
120791
120740
89795
70117
62457
120905
35340
35323
62532
70186
62530
48876
87872
48891
87889
63909
48840
63877
40497
63923
89927
120891
120966
21775
120946
120833
120814
120835
120838
62441
63844
35190
63640
81759
112401
63770
63830
112398
87793
40438
112415
63684
87714
63759
89653
89772
64714
64672
50755
112149
21319
112179
112217
40252
112271
112264
112231
112285
21413
21424
40355
65356
42962
64638
80479
64622
85797
40893
62783
38446
48784
110099
110046
20199
20208
110072
110019
85690
47746
62740
38427
96793
20139
85631
109926
120155
36411
59019
59004
58994
87409
115312
115254
31791
119575
65100
119580
120141
89171
119555
119528
120137
48418
87375
18822
87382
20373
65064
119544
86906
58745
58732
119573
87390
77257
31572
31757
69515
31773
119265
77885
51914
51912
29056
51943
106783
64845
119373
78223
89019
119427
29145
52129
52167
119491
62511
78249
52155
107348
101541
86828
86803
101318
86571
119262
86595
20203
88933
119358
72489
119298
119411
31544
114616
114455
58593
114586
58637
114528
37648
114430
99556
114518
31499
58535
114429
121619
60076
60110
114088
114207
114029
85309
114320
58481
58505
114242
31317
36844
85544
85490
85463
75337
59962
114226
117031
70126
86283
60656
60706
37219
22508
37291
60814
20122
61835
95709
109844
63576
109843
109833
87515
118075
109836
60435
75220
15690
37184
769
85901
92777
115142
108226
85896
108300
37115
69436
4341
61847
116485
108250
63720
19050
15571
37088
60308
31787
85679
37038
60185
84285
36908
54432
108012
18942
100575
107913
54391
107978
36891
40245
84143
7661
40199
117212
94903
124020
18879
41078
71100
18872
53891
85141
61435
70351
123944
87411
18852
61389
25079
123910
107813
84298
23163
36811
23774
100269
61359
83953
76092
23126
24989
40120
85167
37052
91414
59818
113842
36798
83905
7034
38675
61287
6671
83848
23106
67192
106022
91314
37044
59727
122007
114707
23058
93027
61221
61233
107717
36765
98925
59760
98938
59775
14824
36561
18592
121748
83750
17277
107654
83817
107613
121037
59386
36724
61147
83626
83641
32116
69989
47381
39836
39865
34477
13032
123711
39845
38813
100319
39421
23220
30648
60809
38385
107316
100021
83084
107280
78018
108395
39813
123582
122459
68600
23499
107320
52186
121377
83141
22621
15437
74981
6378
36989
82996
60632
39789
94423
17941
70051
123656
24764
69957
39807
60647
39820
60692
64511
72172
80382
72205
42134
80409
102958
80339
84461
122264
99923
6901
99943
45913
99779
52837
75824
22905
69923
86073
7497
123543
99895
123489
80132
38759
4164
61374
23890
38866
61461
60683
80277
80231
90278
28433
41978
110770
110724
28418
74623
3060
51764
51732
96685
88724
34295
18207
110387
110226
19427
110431
86605
62751
25151
18208
118686
110501
110853
110835
110832
41715
118672
110485
49391
110859
72180
110917
25062
117043
23172
19935
110963
110769
110778
49170
88255
88206
47696
117074
18652
37992
68114
23097
37995
93153
70382
117161
117123
38255
41962
64371
87576
87611
47621
25002
24966
2245
42877
60837
64552
83468
35338
13802
102858
72082
118956
64433
89167
42692
24844
42684
120009
13815
111179
64790
31378
115662
64856
4134
31219
75438
83516
24901
24909
24896
39962
24879
60790
42094
64506
111479
42769
64489
34868
42811
64516
72142
19855
64483
42112
103014
103152
76192
23216
84355
103024
23250
92564
21799
64402
115731
31236
63376
48351
18765
115799
115881
85614
93752
24396
93862
108068
93922
108085
673
93938
663
123213
93915
42588
64962
17325
38935
14504
74155
38921
28652
90437
74174
56162
105119
74206
67661
83648
83685
22769
83741
103049
103118
64984
31372
116235
47014
24235
116038
38835
31361
18853
63494
18866
100355
31415
53966
100362
31425
49954
20381
65073
52625
6620
83677
14642
74274
36430
74266
568
85570
93688
116054
52339
59911
118175
63660
71250
56217
41250
48674
19013
56229
54008
420
38946
71319
56301
56275
38982
36474
120800
74317
53984
23934
38919
32132
70010
39863
112524
74005
117640
73987
38492
55930
90952
21918
117788
74066
38601
84851
38591
38577
117982
40986
117910
117752
15597
52229
6443
83196
118868
41140
118068
48521
95665
71123
118032
109852
18946
118099
74796
36839
22007
91062
22015
38719
41083
118014
18894
71126
118035
118871
22251
19701
41942
118873
102840
41957
88389
118888
22238
107596
23738
4146
38712
23785
38752
22262
31337
93244
38749
48485
18867
52202
22309
113904
6487
22306
118841
33960
118856
405
53982
38914
2446
13859
75722
83813
83841
103249
103393
94163
94179
46938
116224
56383
56314
56398
74399
74396
38799
38826
38872
23838
31342
38822
56184
22386
22376
120234
122026
37975
23075
19831
64460
23129
122082
23134
23180
39294
68196
23175
23221
120767
23184
72657
103440
65202
111577
65262
83892
83854
83927
103279
85784
47064
116302
31478
94069
47151
62129
47164
31525
47186
31957
47180
65294
18950
84031
103316
70259
25016
92351
23103
84211
84196
65410
120450
100927
47252
116522
31568
31657
54716
24626
116517
61529
17331
122849
97249
35019
65324
48699
19031
47315
87666
19039
69575
85728
39382
108048
116153
31753
43343
111981
20829
13895
93781
31745
110074
19112
56452
56778
56737
56719
74408
62223
47238
94189
36606
120932
74482
39750
94269
74509
120150
116217
120168
121959
92216
68007
84081
45758
114569
22947
120181
22488
37845
22981
84050
67921
22930
39146
69074
38888
29060
74573
118809
19634
56856
17907
94357
39893
94410
94398
32141
94392
94374
94317
74536
23111
45907
16525
23117
47114
62075
94023
39504
26704
56862
39510
74596
41894
56878
118861
56919
74580
70061
94436
68139
3802
92372
23119
100604
39252
23092
23136
23128
74655
56923
74660
3072
74645
47526
94553
85655
39305
56570
39301
39234
120985
74572
116337
34402
119255
97405
13731
43112
89855
112019
104325
13923
61408
2244
65256
111602
34995
103789
50125
103787
25173
50342
65538
119646
103671
70080
47462
65207
103698
43119
16492
23077
16543
84255
25114
84307
69536
31789
51573
120901
23232
23219
120861
99937
23256
15155
29192
74708
112709
74186
94669
13958
104195
25418
31545
104089
65770
43404
85684
54440
39340
65789
73387
104120
25379
5790
13789
119989
65586
84334
120017
65627
65675
31843
31874
117039
117116
69730
31937
31946
25255
95007
41564
19308
47904
62922
95052
117155
78230
47520
35107
27726
103886
84561
89948
65829
13982
43347
2545
13977
13991
65812
19415
31896
63062
95211
41695
19451
95257
117305
21506
120701
90796
29036
120971
29100
51755
121073
117604
121145
23290
113407
36812
121143
40
23346
57071
69588
93906
116248
39396
74745
62498
94555
116878
69613
31849
39424
42222
57224
6332
74872
49631
57294
39687
74902
47249
32022
39676
6018
73967
69953
39800
877
39805
57533
34609
57530
64956
57554
61143
111278
20264
57510
6965
23509
73881
104105
76049
114748
23090
57009
76262
56904
96403
76238
96133
96339
49195
96350
72604
20240
20119
118528
56538
96124
63854
48817
70910
48253
48208
21712
120879
66512
107982
85652
36135
14292
70336
32398
48156
22506
48740
56337
48756
36800
117589
32820
66468
66101
48767
85577
41553
96078
19347
118563
20096
75961
110353
118583
75996
20300
19974
95526
20303
96019
118456
20023
110237
96038
47714
40231
32393
101357
32455
19559
56795
19571
117439
117455
91411
45150
59814
75143
7361
39417
108073
31780
65786
89790
65686
104232
39464
65885
38465
84729
40632
7825
117504
117498
62881
47872
32158
86785
47899
41973
118904
19732
95506
117822
47903
40920
25737
117847
19754
63163
40710
25523
14128
61363
85076
81797
120481
66129
70842
25576
120223
73658
14016
84893
84866
28353
66045
291
84968
40171
47664
7651
25053
32361
48080
34168
19906
118064
48051
95763
118151
111000
19873
47962
48015
95148
47972
95245
48049
62352
39850
94364
36109
66143
104316
80707
57490
37047
121351
94403
94740
47698
94780
24968
94621
121393
15529
67212
121363
46304
92933
68655
23549
23574
62837
94949
229
23615
62423
7558
39940
95004
89156
57644
121566
80843
65067
23630
95338
121597
70255
47632
123842
94571
40045
40032
40019
94528
40003
95085
69983
94342
55006
101150
55086
23357
38301
70299
55169
97952
73995
47599
55115
38392
76481
38388
38225
23379
38328
38300
38295
38299
55008
98093
74169
117273
55311
55293
55289
23618
38597
90476
74218
68860
38696
86876
70628
55542
55450
47644
82156
74259
112833
21581
74293
94858
38464
53586
107396
92877
23500
92894
115259
38477
117152
55192
38348
19058
95841
95487
117791
48614
95748
117687
87285
117849
75765
22781
6641
52686
75673
3504
75524
114198
75511
62853
25222
40399
95538
45444
22606
75540
56381
52501
75465
122299
38870
23892
23660
75419
987
32276
40075
75203
317
31261
115541
38729
57756
40080
113903
91471
22396
75198
47828
62824
40371
22788
121758
47959
95127
103079
122258
43075
58018
25876
95648
13892
24312
58318
67909
75845
57900
17216
38795
24457
24383
38627
101936
117830
15296
74335
95240
36529
74385
120866
74406
95198
7130
23932
31456
31449
23944
38234
122340
121006
7766
40469
95361
90719
74474
22828
67812
121789
1013
40122
121938
18583
95448
18668
48245
95446
118799
121953
95479
31647
35419
58190
22539
75386
94721
40166
46855
58192
57854
76217
122194
85148
23863
3135
74761
63344
55893
95503
113434
74787
62712
7678
40250
86061
24722
55583
23859
38832
117924
6347
52032
15363
56111
75119
15585
62104
24544
65985
62137
758
24570
24708
24702
770
24587
39026
23940
53995
69108
38931
39073
74514
38951
57952
93380
38938
55810
55880
105486
74561
25699
55877
74587
55799
95421
91007
74741
74701
95529
122083
75000
95569
56954
72014
33994
64365
92387
60713
122081
122156
68225
122152
24018
39025
48347
55925
15375
55923
95541
48360
55949
18796
55965
70907
55830
40912
55905
55967
48303
55885
41181
56156
56192
7835
95285
74681
117759
40848
17651
108056
7357
123218
24344
35743
58467
101611
40567
40587
101691
40646
76190
23214
122168
122130
40832
121236
40761
18710
40868
40839
63174
40727
122855
122704
104371
24304
120171
35637
104385
24315
42235
23305
20012
42242
45808
19981
42217
42228
59825
19930
42157
97949
28490
97976
14369
18243
70437
25186
32504
25203
71953
56892
45816
20108
72506
72527
79375
118043
59755
59789
51950
3173
74815
95549
52323
22431
56243
56234
36834
22004
15305
74844
87479
56088
118036
56082
19106
56339
53540
122484
122409
41691
56669
26510
56674
56858
96283
75443
96297
96212
26436
118604
121777
118578
96127
39770
75210
71767
56703
56713
75200
95968
100962
32058
71697
56630
71726
118640
56657
60271
56565
75082
37082
75100
37096
75114
76465
38371
122375
3332
75124
45094
75092
56296
95844
122367
95802
113748
75059
22267
75055
39755
56574
120442
39658
793
39646
39569
85999
108317
39697
75829
56707
41558
56528
56482
22244
75018
56140
95725
59822
41125
71140
56096
74984
56414
48809
56388
33490
56426
102302
95854
39516
6398
15478
75014
75224
72525
115313
53560
115308
45004
37007
13932
20872
83082
37042
45012
37014
68650
6978
115299
44687
29200
90977
91059
22033
91087
13974
20919
25089
80352
42069
42052
22300
6425
59770
29582
37055
76425
53409
53332
53304
95628
71087
6479
52273
121454
102120
71130
71137
25544
117619
91024
71358
75478
40877
91236
45483
83596
75523
15947
75485
41673
19429
96191
74963
52073
121278
74932
22141
91185
71327
42457
119361
111212
13072
71383
18235
25179
53652
87317
117881
74965
22179
91220
19150
71418
92884
38466
96839
13057
87656
19016
71266
36917
91153
2071
13064
92810
23439
53463
91127
15287
91092
38748
23779
122718
115551
70353
18183
40259
25117
71176
25131
92849
38430
84746
6954
53510
62748
47759
25124
118121
25971
18961
56158
71215
53821
38765
909
123615
39864
99242
121630
37411
64266
56824
53659
41858
56837
51445
21598
40264
112854
14680
44303
74351
14665
25210
115484
23698
117365
25223
38742
23755
62865
70487
25233
23608
21613
74328
98174
14638
93022
23626
20187
13048
53531
37284
23810
22596
37389
37227
52372
37265
122574
23616
23513
9877
122503
23545
121531
83385
37270
37272
99276
15995
120839
74375
6144
14695
25118
105112
14552
61194
53598
103651
70272
25029
24995
63662
95789
19002
15725
62631
25032
63749
87705
15730
29786
15745
91172
15284
74811
15271
95440
15222
22297
15551
100339
122807
4144
15496
74060
7551
101046
24838
39018
25245
25015
53609
23599
201
4073
7700
25160
23622
17037
4095
4104
35030
103821
24661
813
7619
120792
44248
14683
74306
101223
7645
94871
40312
117176
101245
7654
7669
2353
111760
103988
31430
23923
4228
18891
118033
75009
15471
58036
24013
61467
4214
24617
94932
86601
32438
70376
25147
1075
7683
17781
24603
7672
892
94880
7702
86018
831
94379
841
105371
74455
47778
25169
7703
24356
66520
123942
7675
39767
69903
24709
39972
70112
24888
61766
54258
39180
39247
32182
24855
24869
13838
104172
39136
39072
54122
24066
485
39090
38851
17827
24674
39086
28036
43377
39255
4347
15796
70177
24937
23294
59846
15646
51746
7776
84516
46067
23285
7785
7793
68177
23155
15700
44
23352
397
38883
4217
4234
75069
52171
15533
4243
24640
123562
24646
15438
69134
4245
23745
7763
39885
918
7687
86653
7711
70028
116732
913
107947
24301
24339
69324
24173
85592
4339
24274
7753
118205
56244
71276
47852
7713
105104
14547
48927
19271
96058
15953
62713
25111
40232
25095
52498
15924
3300
56294
3393
36878
6320
3184
3312
3382
59878
3372
121467
3374
3305
14530
6395
3276
106009
75026
91293
3287
3232
90974
3110
118079
95706
37090
3298
91240
3252
28773
74297
14597
3263
83032
3273
106311
15841
45414
15899
121605
114126
60045
6556
45410
67530
15893
56247
15712
3146
4360
74219
44072
36340
28634
14506
15864
106339
22559
15871
3125
3122
83417
30687
121216
74856
3136
83655
22694
23034
68044
30430
32200
70105
47480
74090
73991
56165
63613
63777
63820
21755
6212
6211
121013
15049
6250
36716
15062
6253
42079
30594
35276
2383
65550
7180
74752
7823
69464
600
7824
3100
70765
7841
30558
92271
23045
84618
30908
39227
116068
58165
77301
54187
7219
66489
43387
13931
58326
584
594
24190
7248
18955
118112
91413
67294
66796
86377
994
67823
23011
75952
70302
40178
101196
1021
6340
118403
80370
110896
64447
589
19252
75636
110310
71597
18808
63419
71546
443
889
78043
888
7772
62948
40370
62823
63109
63064
62767
87802
71420
70871
69961
881
41995
72052
32292
36397
74221
6285
72264
441
121595
3387
36972
6350
71314
71336
48191
117659
70852
18708
113543
6335
6266
98984
22352
121430
63482
22139
74930
6319
22104
91156
3211
3003
22111
3215
121225
91140
3202
36310
14454
63484
95631
52088
3251
40883
101156
63078
101151
116909
36303
74113
32264
101139
63090
108342
58655
81713
81619
90335
28509
101100
101092
39879
101070
113144
74540
120995
74585
113191
74504
113149
99427
45626
91932
54309
72354
44558
74574
36701
15043
113225
80532
20065
72383
36629
21781
29093
113217
14781
28884
112966
113134
94300
77916
17820
95296
63125
29712
828
17834
29669
94172
17795
22972
37834
45776
24660
17812
85407
24077
54130
42207
72321
54179
6876
84423
42163
19936
72228
95917
56363
91697
121650
91739
14798
112990
28995
113103
49203
56854
71917
67975
45780
53250
67066
36951
119256
57333
115187
87386
117950
15451
113674
67138
6373
36974
120109
104291
13905
13949
65765
591
2498
20847
23427
29170
66851
90945
53400
23387
121301
25731
95521
36921
6321
36911
92864
38443
23477
95578
3249
36980
23472
53193
12
23312
90402
66302
14466
34299
23322
22030
91082
44799
36862
74126
14460
28589
14448
76373
23355
23365
15306
36888
92379
53095
22076
36900
117398
90802
115088
20765
115113
6349
36938
113232
36685
90834
84541
115117
53070
22016
15256
48239
70899
70893
114978
22034
36865
74793
36836
19883
26901
42100
92606
114969
62942
70560
95076
90780
122025
3778
53045
53280
54233
63014
62628
63192
95369
40746
40737
70303
123890
62656
21977
22044
6318
91098
87076
40739
58972
74190
999
55105
24943
24978
62568
100942
48087
40654
7615
24954
62539
17559
39251
24273
559
39016
432
54028
7152
39087
69244
38422
68596
6326
105472
74543
39704
116566
73818
39548
47156
14094
120302
65951
120307
73763
20964
73647
72696
54148
50361
73337
122861
73114
73140
15559
52192
22302
75152
29689
75158
6439
75121
119596
72856
68962
68308
68402
7096
116077
31631
38825
7092
527
31390
69055
7102
65653
69389
39029
69189
44016
101393
70430
92924
84777
68645
13875
69483
69077
54317
24261
61869
549
108112
69647
115665
69048
84540
23368
46177
76446
53425
68485
38744
93181
7061
46781
495
73369
117599
15061
3063
53924
69051
93301
31387
3097
36743
44599
3058
106377
6567
29935
74127
14395
32235
40012
14414
3035
2976
48134
95333
48974
56568
121719
30082
3043
29147
3080
84083
60614
45838
121992
67977
52932
99653
22996
52979
21957
113378
36788
3113
114997
76187
23212
23244
92579
23262
23291
54298
31683
70888
70792
14040
120243
47010
24415
81546
32171
24849
101053
94441
24856
116783
101058
123974
86515
70326
62686
23600
66100
120446
13168
13177
7543
101041
56616
45627
32581
62951
36510
51498
112926
112928
47179
31955
17762
114890
80338
110867
26867
64464
114895
23146
114909
48728
91642
23253
23241
72504
80616
13023
23266
124053
92853
23482
43248
35386
81305
100787
64887
13120
122533
13042
92856
46245
23485
38472
68595
23495
40638
108029
69551
100694
24969
62559
69493
17601
39298
116225
39369
100702
39371
100704
62597
23452
100736
23463
53491
23470
47655
62639
85658
39264
100667
54332
100636
23353
116080
61833
100620
9880
53554
72582
13091
100631
69383
107893
61742
38702
23689
7032
68932
38758
23742
7049
543
24211
107879
116028
93505
475
25193
39068
107778
477
63520
18886
18901
33173
258
7026
38615
46393
7017
454
39014
449
83115
40984
18794
33059
84934
7029
104536
73699
87523
74686
75689
69132
31468
429
58522
120281
73728
100335
379
34597
13161
6980
75193
6485
75194
31442
38867
389
75216
100101
6982
6961
23512
23620
93015
61210
6987
68565
6946
53978
122836
4230
401
61472
396
75854
21949
74729
14295
32387
21466
14513
2803
15992
60142
1025
14571
2843
2844
33047
110950
23160
14244
32109
14260
69992
39841
120486
14263
76084
114787
23118
14257
60754
23135
14285
68199
45924
99789
23140
36682
74583
70609
36702
70632
62987
47958
7828
70742
52774
90797
74548
52697
70503
92436
23101
36636
40150
90534
36638
52727
67815
60338
114404
52733
70566
23089
74545
95119
78737
70539
40460
36625
90740
36614
36609
23081
21764
36611
114728
23072
36390
90470
14821
74434
70452
104243
35485
65695
43331
89806
20817
81390
105187
90529
112815
52005
22092
29390
29412
22736
114311
45574
74910
22121
29416
52640
22722
45562
69947
7511
873
112563
29463
29486
17747
48802
67540
45421
36816
6299
29263
22626
45462
62693
54262
81340
74853
29360
86584
62734
36367
14537
81382
113419
21994
36822
23057
114807
114801
114865
114843
124006
55300
66538
90660
2860
90600
56228
91576
32305
55118
14611
112773
72096
72102
36766
36774
107709
54026
36790
36673
67918
75859
45736
67982
114617
84111
114633
114767
105134
90479
75931
6752
52943
68053
114695
45145
3338
37212
91521
71982
112542
120572
74044
112600
49187
71896
53878
20536
36694
53797
91359
21315
36163
112498
92112
114549
90504
112778
24001
24030
54091
81190
70398
123996
6969
18324
40452
36620
114493
45335
52382
75330
45333
45272
75317
91541
6509
45295
45287
94486
7570
62449
14389
62485
81097
38957
103949
20624
81140
116076
85528
17509
100554
107335
72556
20205
96842
80658
23727
122672
100226
14690
7724
124045
59827
75078
52180
3313
121419
45147
45143
45165
36703
70068
62413
97974
28522
74026
62402
53960
119822
81080
13105
6968
76397
6915
31310
122749
100300
93086
269
6907
119593
103608
27474
115452
122616
255
293
85853
94057
116426
31932
100836
97727
73713
90031
81563
35739
34830
119619
65141
93173
23652
248
36002
112365
29855
114061
59980
45355
101732
25500
32812
55695
113317
15137
116481
58516
50818
14125
35888
112273
63805
45377
38850
42875
5696
119768
50145
20500
36583
68797
23663
38673
53727
112387
90348
90451
60320
45623
45670
67856
114453
6648
114381
36212
90371
37588
22782
71701
104674
120350
43638
81646
2578
112301
74989
52096
91248
80853
23655
17077
53685
20486
90325
51081
90332
97938
90306
114375
48405
71037
72166
34140
26796
110831
80301
19728
49315
34016
81728
36007
14186
84192
23031
24623
108274
24549
2584
2592
60643
23033
23040
70486
14820
120883
36558
76018
23064
41529
63976
19270
6629
52650
120857
70372
70390
14175
21809
36654
67972
22974
36542
14178
14768
36523
21632
112909
7520
6048
90349
28727
70349
52529
22915
22944
24653
14248
36075
112418
14165
70181
24950
70240
36472
70388
120809
36483
26127
52445
90069
120300
14093
69720
116397
746
35841
5941
14092
73680
60100
22623
52516
22591
22145
91188
95432
22059
91111
112215
29167
120294
81630
112234
23822
122757
20409
90577
36481
67605
52537
3501
71572
34797
5662
20421
37557
16125
114342
52670
71634
71576
52115
83321
113994
113858
39801
62322
70088
123707
70069
112547
36134
37311
45367
41123
79383
71139
15661
113891
75115
52216
45118
90184
38291
53335
23333
41054
56029
45064
45042
117448
29021
2407
43345
120100
111985
20755
35404
81269
111856
2404
111972
40515
55511
70617
90792
29030
7778
25335
64847
119374
34435
107374
115319
115331
100107
2468
13886
69522
77547
54400
61911
85660
61892
52110
44985
122810
80986
15440
52094
82986
44965
120470
36082
44182
14619
101248
25061
36437
112841
36454
40205
36439
36461
31720
39250
13868
112032
5899
112124
87775
26186
71392
116276
112107
71411
112038
40098
70216
14480
90414
36326
119498
34677
20326
20366
120719
36408
24925
90445
90404
36320
53401
103301
38346
7547
24830
62433
24875
70095
74987
91164
22112
6342
70945
18716
82941
15384
22158
52087
70968
120290
2600
90056
735
69793
69871
18619
51982
36854
51945
98710
22054
74837
3165
40822
113533
121223
51999
74717
29182
51840
90997
43315
111950
115968
35240
13735
50323
93475
17398
24139
100509
64830
20206
13070
6343
44894
62892
21737
90698
28946
44934
62023
689
54549
69639
74776
51913
24147
2379
35440
111923
53267
121489
52326
109950
71262
76145
23169
53180
85486
93597
39144
120029
89742
2441
5821
111919
25202
90739
120886
28925
104451
89938
55800
70896
18601
113566
111275
20172
29001
88920
64812
20193
15228
101125
40037
120659
74158
36311
116272
85761
89878
5867
13948
104336
5859
105577
51770
90879
21841
51730
74688
51806
50901
112765
98089
36346
47677
36424
29103
15035
51783
51776
53943
100351
125
34554
20287
111302
34496
13052
13043
93066
23668
80896
416
31451
119921
69184
100439
104132
69208
466
111884
74575
90817
32015
24644
81748
14226
90224
28315
14159
26663
88264
118777
121882
52860
71084
48592
71181
24074
54127
61650
39077
80983
72928
20442
105884
91169
44840
51534
36540
78649
90803
72677
20292
35463
112015
35396
13829
73438
35427
24197
39190
44559
21829
51715
38624
51784
20027
34303
34381
88800
88830
111120
39513
90073
86563
25115
62756
28829
44296
69172
35089
13602
23956
61582
965
24921
62472
24906
28570
42246
111037
28597
34371
80581
44306
90641
14780
44347
88776
49630
111084
38202
80474
23204
34204
80430
14498
28628
36337
28620
58891
90390
14443
112731
28598
103762
73026
17188
62537
24951
62578
58993
90475
14503
28632
74395
44354
70418
44292
103289
72488
111199
89174
72845
111447
115469
23585
16997
13256
65032
42658
80820
13326
72875
97103
89235
80904
80723
100314
53514
88981
57476
80715
38406
100031
111491
50020
31302
100294
31307
38762
23796
17190
57838
2264
89374
44572
44604
25081
70324
25093
123928
74251
47635
112829
40085
990
36391
24991
58974
28676
44408
36663
44546
120138
13928
61967
72496
80607
72583
119379
111231
111056
110510
85279
93401
38962
35154
73229
111768
38897
107669
31339
34956
20480
48346
101954
70994
113105
90727
23002
75982
68037
52990
23010
53001
697
35795
6720
52899
80545
6895
28989
120940
90744
52141
22255
3271
18811
71093
113293
69507
93812
93685
4323
35498
69479
81504
69571
113269
69801
54699
116496
50760
2574
112338
35866
5945
35899
121873
37744
19491
35698
14212
19515
116384
100810
104427
120193
13989
89956
35704
41884
49212
19643
108174
24537
85813
709
35814
50562
89837
104323
120134
89852
95746
118125
48610
71205
52276
75166
52256
121441
52253
29781
121503
75215
51712
32007
54719
50956
90171
82956
113617
113536
121226
52003
72533
88914
34490
34539
29127
74641
36726
18432
111218
72568
13079
111246
34552
63071
18461
70408
7821
55607
18430
122553
111317
36511
105272
14660
28768
5690
111549
38818
69003
85143
81028
2273
111618
93468
65482
13689
89555
36468
120754
28751
111453
17250
7641
1019
112772
28723
7517
21353
90339
14229
14246
36072
47834
62836
70473
70471
103377
111239
47810
25190
40353
70472
90353
97850
50982
58670
120444
97870
112400
90235
22268
52156
35258
43225
111876
112598
90356
90801
40430
112601
36254
90357
36531
111250
94509
112595
90369
90366
111233
88962
64886
111252
120990
117345
70553
104979
36263
51165
120547
6031
99037
37196
52331
7742
25305
95141
63001
70616
90416
90706
28953
111352
57545
111377
2159
34720
111405
52964
90359
18516
61242
34682
115419
13136
159
34604
18398
48057
18486
87052
70731
18492
38573
53608
20357
111402
74735
113376
36787
74742
44717
18527
115560
68785
7023
93037
241
34764
48119
101731
32811
18543
34938
74832
121204
51967
38728
93164
23761
111585
61430
34931
34861
90626
61444
122839
7073
103815
89408
34958
111644
73139
111659
2866
7660
70369
120870
21666
90632
98624
36789
7834
18530
29296
101832
70881
90605
62047
52574
45511
99305
52583
90618
38792
23818
31319
111630
52657
39333
73589
35599
73552
2483
28010
50553
35534
60488
52877
24176
35367
13803
35343
49944
70810
29870
52425
35233
90532
48197
70856
17610
13964
35633
121618
15922
101727
40685
70814
6150
90575
93482
39042
111833
61641
97345
81135
35152
40117
101182
47604
70232
112730
90466
3087
51818
48066
7826
40634
70767
73258
35191
56407
22604
52503
118355
52371
15772
52404
24152
35337
87691
71317
114098
35333
56323
87677
19049
85203
97246
65319
2297
111662
24465
69628
35674
41618
110364
35182
111748
21741
2968
120930
14887
18308
90786
29020
121014
47970
95146
113131
36641
14918
18328
64
34434
27127
34449
92609
88398
92332
88939
64833
92897
415
73264
23985
93496
38382
90638
36532
38447
68590
92867
100005
86
53438
49685
76398
107195
6916
92932
36603
70542
119437
92926
19464
118659
72537
107217
92762
77201
54098
50217
89481
56866
19603
42261
72347
42351
119266
72442
117677
91061
34766
42734
49979
50003
72878
264
46387
72788
103547
53615
93023
103723
72941
44979
85105
72981
34385
38395
92813
92846
61583
57981
93474
31646
24198
54252
54357
111506
72920
100280
46476
97162
111534
72909
115988
73343
22814
118695
7440
123419
65938
47082
699
5948
90086
118642
118790
39916
43870
6023
90364
69951
7513
112548
19568
122097
118957
71194
22347
80318
118972
42237
34281
119156
112653
6035
36253
21432
90394
60711
64422
80346
42064
118999
112779
44178
103205
119248
119055
118965
54018
23962
107765
93480
29054
34593
31097
68719
46363
34690
72756
93002
85342
39021
119929
73279
84901
93049
56209
37154
52271
6476
118248
118316
58580
35889
22902
37728
118761
62007
111837
73352
45509
87862
48865
19211
118538
118565
87465
52187
119943
50320
73322
23032
19666
23038
36286
74229
36372
44210
120757
120322
22998
47083
31883
39446
99645
52939
22986
13992
104558
120270
84124
118531
110230
56478
22644
48916
71545
84110
121926
37829
67968
22968
110699
80200
92187
22984
120078
116106
85589
93717
120095
43255
13831
35400
104271
120098
104302
73527
120121
85713
5844
20066
80533
72384
119947
85539
93655
13856
120050
72125
19841
110978
119093
35286
13774
24179
61744
116116
17531
54292
81371
42174
119091
120032
24146
115957
22649
74957
15411
95566
71030
113721
91304
52105
122875
23878
93296
17266
27365
111357
119490
24069
69230
5782
111830
121273
22170
69210
39050
35200
111843
119984
22172
119518
97229
111599
48089
32781
63106
18502
38774
111610
112253
56
13063
111206
62996
7789
95135
3047
113212
111308
111415
38611
111449
115389
111351
38638
251
68787
34778
111444
46333
53588
205
111448
111181
34476
34526
72622
34659
111348
49898
13227
49993
111462
115393
38574
92989
76775
49922
111454
111490
18638
40795
18535
113380
44712
82714
29224
18536
23678
111512
74753
121134
91021
23679
111515
61367
17143
18564
63320
70941
18594
18703
22133
52063
40830
18673
18777
18584
85612
13880
81445
35518
4325
35508
46913
116108
104254
15816
37300
45359
19053
52536
37429
87829
19174
52594
19173
19254
19081
6627
83694
118450
19235
50476
35447
48948
19258
19340
83709
6631
96158
71682
5929
97804
58613
90138
118696
75284
22460
109965
19018
63946
96034
71499
45447
83550
19101
52486
102339
19116
22472
37276
87736
63693
19029
19113
15792
14120
120317
19155
41149
109842
106059
67234
52185
6383
18788
121447
52259
59840
87556
88525
15695
63631
18977
87669
115000
96628
88651
96187
67805
120346
118585
99361
67706
23240
80494
119167
42219
88685
88670
119241
111109
74472
117337
70495
89000
111260
53999
23945
23003
41941
88372
111330
88377
88364
56925
88400
103492
89090
111355
88387
3699
88944
6931
119507
111376
90568
88705
75753
3626
52773
22825
71745
23456
57436
72589
80679
49765
88695
111024
68273
42172
88633
67667
37636
22840
67871
120805
68224
23200
110993
42109
88631
103056
88632
122487
80621
49737
19709
41952
68116
44667
90949
49871
45757
67943
34774
34719
49963
5687
27567
80951
50000
76027
68082
29136
17012
27392
80808
34697
34737
49943
86249
94463
54894
17914
68036
23030
6765
23096
68113
68102
38588
49900
34779
111523
65287
111595
49594
72345
88755
20009
72322
68387
88754
5764
35223
111850
84587
23347
27097
88825
2403
13800
111948
42252
72336
96699
88747
90629
21665
112948
70368
84569
111128
84535
88769
23325
68374
20089
88806
50417
81291
50447
111904
88868
68504
88955
119376
68553
84636
88840
90676
68454
121581
52435
35526
115109
68397
885
14304
36235
14379
90350
71974
60642
92304
94346
821
36057
73957
90284
72221
110957
68210
38107
68247
76240
38183
72271
72247
7614
105044
21444
2797
90491
42089
19871
72157
48775
95912
83397
22491
67492
24348
116163
69359
538
35353
13818
50422
2281
85296
438
69146
111636
5721
81127
34453
85416
61663
54131
100082
20180
34486
23488
20211
34520
43133
93590
54159
23497
34537
73215
50312
65527
39054
61655
35205
34940
50103
6670
67841
22098
79171
25713
70959
87273
18680
111703
89429
50176
75144
15609
83293
99060
121496
67414
67867
19517
118709
83834
37571
22779
37465
22668
88043
103971
35101
65416
73187
50224
40880
95490
38940
122850
50136
107787
54064
39005
81144
50267
370
23307
111521
100614
50556
120111
65534
35257
2375
50400
74803
15258
70901
53782
23752
31253
17162
89292
34890
50052
37328
22543
87814
71416
114193
52396
81400
35457
81420
35540
83969
22882
50974
112423
121728
22751
52660
6634
19328
35466
71382
118242
56279
81376
35483
22717
63991
110276
19284
65890
14054
54635
112205
35808
112375
19287
36100
104344
120143
39242
35486
64354
19699
19107
118515
52561
56427
41412
19147
22654
37444
110175
19192
62119
77772
47158
100841
666
54585
22637
15965
110181
19198
41539
118501
19169
19704
113877
6472
121450
75112
15578
22314
52210
18917
52142
6405
15497
18817
62074
19135
48447
63459
71075
67132
36996
71038
40927
25743
18757
121478
18880
41396
33439
118330
19123
25920
59847
52266
18870
111364
69828
43696
35952
73835
50156
20532
46641
46679
100406
73125
38995
23980
5834
89805
65710
104188
65657
13843
54381
38722
38700
17141
93312
51941
57796
93279
110207
118440
118422
118414
93956
50727
89960
121631
114175
15949
56468
118521
36941
1656
64008
52628
83679
22659
22682
35274
5777
111920
5753
77202
24041
69224
39065
89657
93545
77269
39102
58518
112209
106345
22567
34959
15986
22651
22565
22728
52668
22691
69814
39644
24622
35934
75727
22830
90106
47183
62154
22710
6687
118801
22892
88213
16110
45588
22726
118549
56556
52592
3529
22716
643
17633
22622
22783
6656
22815
69879
24686
6012
112449
51001
90180
35985
14192
39765
36051
74014
90361
36260
120586
120536
66197
120578
70134
116849
74047
28494
47451
98032
120607
901
70065
47455
74100
36289
120617
89440
2315
73172
119840
22875
36246
116418
17677
112220
62794
113036
112257
29028
113142
20156
88883
68579
124072
94961
112953
28875
20207
2074
88940
119403
34412
23516
92896
88968
36545
25189
44394
119259
34406
108236
94129
97760
73764
14056
104654
112291
52614
9867
68641
64972
68715
85879
94094
50791
52667
112298
58601
31970
120409
19249
99417
67770
108156
39506
7420
69726
110424
19419
96182
99487
45662
114443
71732
118646
50779
73632
50712
72694
80760
90865
34512
68967
31314
320
50161
119791
34922
25649
18719
40881
101912
70946
50085
2212
34916
54344
97338
111718
119899
50090
34948
36897
80994
34968
34988
73411
481
73389
34645
23674
38654
49964
89142
34723
113585
34747
115475
35765
112254
50720
94277
66072
50966
35006
111615
2195
57705
34813
22051
46417
7025
34693
53985
23935
31440
111738
107682
34974
34877
92526
112061
56181
6461
18959
85576
24186
35382
98980
75148
6456
18948
7603
38104
19833
22931
45740
19821
7602
69932
39785
108380
112322
14167
73926
120510
51009
85985
54746
49113
37736
94307
36012
36009
783
66094
112392
36042
45677
37683
112305
14147
90485
6110
19907
72323
49571
20010
112885
28815
7637
42148
72215
19925
72208
19921
94383
846
14259
120479
21269
36092
36018
36069
5964
5982
120428
36025
20717
24155
17476
13941
112035
71308
58282
112037
111
23455
28969
51607
20254
64895
88997
97972
120561
14307
73976
87337
22155
22479
118465
23930
93353
93603
35263
58121
35320
73400
6147
38357
92825
20191
119343
73432
3503
120372
90101
28289
73783
105495
14987
36668
36087
28497
90324
120541
108137
94001
24432
5876
93995
47104
721
73775
6975
119624
44663
74682
111500
119640
119651
23624
84940
93095
119637
68763
65111
59888
52310
71243
120114
69396
93709
110244
2504
93929
119671
108159
85836
89844
13918
5852
28096
120203
31784
46984
120529
66058
6632
3561
39272
13881
2453
22541
89881
2524
77737
7408
94037
20970
35724
73725
61913
39308
35567
2469
54664
14067
722
120362
120256
14053
35854
73761
14041
5912
54703
90355
6696
77757
31926
14145
120345
54641
114215
91755
75445
22588
54590
6607
26330
99576
121890
22848
43110
35231
50077
2237
35047
40911
18746
22178
38949
65430
35094
54039
35111
66403
44173
112771
886
6234
42650
68799
74595
36661
113119
6226
113257
92959
23533
119502
89029
112517
6051
120576
70885
65226
21308
14310
98017
58862
112592
89303
3739
7610
112777
122762
89298
51928
2251
89344
38761
53817
68934
32189
28545
51164
60621
23050
74115
51190
52366
112049
95691
17300
50154
2278
22225
35379
2393
24184
13814
35398
52427
5822
50514
35494
116897
78219
70135
32226
112695
112932
44120
14555
51339
36401
6822
112929
98127
74213
47576
24961
70247
88608
74999
91262
53886
23851
23874
46603
14478
78335
70239
57046
34048
120766
51410
36442
112822
112809
50119
89366
23911
69082
118229
56265
24215
13822
54302
35415
89397
2276
42927
31340
4189
93369
70099
39959
94546
90389
78225
7588
123729
54968
24829
62389
39895
51122
52085
85171
386
18903
5771
24117
85572
65652
97406
2363
35264
13755
35278
13766
69581
100721
108028
69548
26227
118488
46799
24172
69323
52189
22301
31621
54220
35284
92426
88405
118902
19730
31485
414
13629
119839
103883
5737
73300
43064
27779
43040
5749
35198
105904
3228
6361
74970
22185
48621
41197
56178
22382
118215
35329
73368
22272
37050
35220
121476
45249
87636
35280
23924
35075
85362
460
100529
13717
87274
22095
117084
120778
112838
70298
7592
123966
117138
6116
14605
90561
112896
22081
33279
109916
15596
83163
3325
35226
24104
69263
13704
38801
17221
53846
38791
70947
22069
15315
33145
71113
35138
85258
69118
22097
111966
92857
79
119404
111220
119547
80437
19806
92768
23409
2030
72500
80671
119414
23587
6989
13280
119559
43624
90083
69768
108223
73731
47053
39436
85720
646
54553
66186
112526
90331
28382
50991
36020
47095
47102
39490
54582
115788
23895
37711
112921
44307
14748
44340
7689
74326
51435
636
104379
73579
2534
89987
35618
120161
18951
56230
29759
22408
24170
93604
65342
89422
101258
70310
25070
112922
74203
82096
6100
22293
85535
93650
38864
23888
465
79564
71303
13744
73308
2370
24361
39318
35580
52277
59860
22350
25054
36431
74303
7831
48114
40686
37263
59944
121578
52364
111997
25085
40233
119658
34451
40409
22167
383
23916
68214
84328
110918
23227
122183
68197
64424
19783
38923
23922
2294
35072
36979
11889
95532
40931
45255
56239
87640
31565
13724
71216
102148
18923
13768
93589
43093
13719
69350
61710
89735
13983
112085
18912
6426
65477
85275
17345
7715
113122
98146
36413
25102
112968
89568
6374
18771
46704
23246
38177
14674
7664
112971
28708
94881
14675
112972
68171
38058
19785
2890
7714
90770
113117
31433
46642
89545
94250
39720
830
36070
53330
14845
113039
21795
74525
113130
7483
51091
120525
36093
37814
45751
22908
6692
45763
22957
22939
6713
36964
74967
52075
121931
22976
22992
37879
7118
66244
70109
122047
68117
72032
88440
24810
36173
37895
74144
112637
51217
39979
112589
36266
24903
86289
62422
39939
19799
95724
25959
60731
34040
62428
94457
7559
18737
6356
102003
87349
25725
32845
40748
21948
44703
15181
82058
3723
94415
865
74770
90964
15149
74854
51978
7851
48200
101811
63225
6292
51906
15218
26463
110407
26364
40708
15175
68129
60689
110845
68052
3760
6647
22797
99425
22799
65756
579
13935
73553
102905
72056
19770
3792
71734
22812
71688
49018
26456
6247
44603
15059
52399
87790
90695
47789
70416
90624
51510
85798
24318
2463
54450
112190
122418
46162
20031
110288
118512
85574
572
112048
2450
24291
112967
3675
69913
36001
822
14239
36058
71812
51047
882
54861
16112
6662
83822
1767
3661
3706
76251
38193
69372
24219
7601
14492
98075
112666
28624
14500
38086
85437
492
61763
65593
76121
23151
38039
60691
23113
38031
27682
93059
36637
14933
5922
14072
118747
123498
24588
35891
112296
50905
55520
21796
14945
22282
76223
38170
22369
3801
29808
67438
48636
95766
24156
120461
66057
120351
14151
73816
120404
50960
14189
56760
22941
817
36046
24713
69907
22837
104728
7429
6637
37614
45638
22771
87216
22043
27587
2226
42967
13573
121324
95543
36948
887
37965
7739
86826
40477
86806
70558
55390
38087
76148
74183
88509
23102
19737
37973
23506
69829
94191
39662
81722
73863
39617
73820
114462
83875
120252
5919
77800
62149
28227
109872
52230
115943
110536
118713
6652
3599
13284
119565
14898
54803
32065
3600
6091
6844
51423
50311
2290
112089
39215
73483
117070
90514
6341
74924
67059
6354
96360
3646
119043
85403
119970
87410
118907
41975
18851
113882
35209
73273
51252
462
39038
119979
38967
65459
38913
54003
23918
23900
40248
19763
88445
39746
121723
3484
96287
64173
22867
121905
37691
22843
6667
19442
93237
7802
70739
64960
119461
34631
181
20298
119458
13723
1885
69574
93889
54940
45828
88497
41802
64229
88222
23015
64363
88386
6658
43186
5773
724
47108
24470
90050
112218
85672
54423
2471
615
121813
88058
71942
118834
88287
75074
15539
6418
37979
121182
6310
113795
24015
59833
102128
41119
2018
6401
65569
73445
120090
121480
93043
92925
174
13247
89119
44601
18403
115487
13713
75168
7657
36512
27095
42411
88895
14926
2057
19659
118835
3667
115012
42197
88664
5673
5674
38756
23789
34853
5677
119866
13281
119561
2177
48289
101905
70940
5663
2405
54293
58174
118518
81528
614
53979
31435
122837
50112
24355
54408
616
87582
75183
52272
88027
37506
3538
75597
77671
69643
93966
623
71345
46247
103461
72658
89028
28582
36302
40547
36700
51745
38560
111408
64983
2443
122689
89199
18387
14996
22733
39520
14039
112074
17580
7591
3279
22263
28653
36356
22839
50944
37646
99458
83820
22831
14630
112824
120768
36443
14657
6168
112952
32244
90438
58905
36315
51082
112490
14311
891
28531
36227
14421
62517
36298
36288
90017
14061
712
91995
5938
96206
41694
656
121031
51774
74721
7813
41601
118575
19353
22787
676
19315
47091
7389
108235
94125
14052
81657
120326
108126
7386
13973
35678
20897
13956
36402
35989
62274
67862
37681
13740
24185
46825
59013
36409
112284
114414
90410
14474
38027
50952
90209
65817
13990
53430
20075
37395
87952
19291
45587
100795
43442
13976
115320
198
50043
89285
46983
598
2489
22698
83736
942
112694
94558
62501
7568
38375
61
75537
22660
50737
43462
13987
65781
2532
13962
5894
73673
35744
61714
24031
13688
39070
97415
50330
52226
75207
52291
2344
32584
78783
104296
2497
35539
81419
93669
16014
83705
52596
75499
22633
73701
61939
61924
54412
13870
45388
121552
75347
6527
91790
41465
48859
38659
31187
89245
56223
48657
2321
21885
48099
87009
6230
94055
114373
83766
67743
48990
22665
31852
39430
35760
116491
69774
94115
41555
96081
75531
22656
35636
13924
113824
59803
104046
2320
52108
83022
38736
22113
103983
89566
73261
122864
38961
20572
46678
112673
90413
28453
872
47466
14327
28499
47902
95048
32561
7747
70515
14760
6725
37855
41891
19647
68071
32215
86282
2409
5799
85565
54294
18503
55642
6256
38665
44426
13907
7685
40334
86697
46021
84396
68221
19742
81917
115399
34583
7751
36642
42687
84967
90805
6236
32793
36778
23521
122478
70389
18213
7691
51533
28907
23
40145
40175
70301
6775
87084
2214
89266
84634
880
28511
78186
64774
111160
64664
53393
38369
35425
89758
6728
62476
70136
53848
46557
27568
5810
2423
719
47101
5897
14032
35752
81704
50953
740
97372
111750
85323
74906
91165
23062
45717
67919
114367
3586
101719
40678
113815
74977
6377
74240
36384
39101
2277
13848
51392
81065
87679
45822
6748
3713
1002
70304
36403
80480
413
81171
35144
120522
73985
857
22290
18823
6400
54083
24886
112671
118882
22956
3697
121507
75278
83355
53005
36166
31788
81510
69138
38890
2232
68031
23023
6016
31691
61886
93779
89868
112031
90297
51072
863
6743
65860
5905
14024
677
37720
52001
121235
36918
90630
74365
120436
36041
5969
75558
56807
118828
116658
69876
825
39714
86068
54786
62222
39712
88057
96156
6618
3540
14080
69733
694
74672
7796
82544
6245
89295
5868
72716
34606
101620
70664
67882
37318
15834
6832
93829
4331
35515
24391
54451
4362
67435
15755
75322
37275
104035
58070
104005
35224
21644
90611
22768
13847
39230
35464
77485
6474
77701
6845
920
120451
774
85936
788
35979
6654
7260
4320
24243
105348
14111
69883
62262
38261
68269
117129
62676
78323
15619
45142
6448
39174
18782
76323
73663
47713
40247
96367
71925
22962
49245
88342
37860
36047
7453
45839
23044
14413
62523
78266
5879
61962
640
7442
36095
20170
111183
6864
32017
808
22864
34824
38711
116688
14201
81743
36031
7797
9881
182
38307
36505
14771
86721
76279
23280
6882
72865
37022
117554
50973
14203
24774
120533
14334
81880
47573
123781
112445
36107
86077
7500
6691
62267
7481
36518
6164
28893
153
123839
78299
36268
123607
44692
6278
48147
40722
48187
55768
79040
61628
111820
35073
83165
52084
905
6025
122434
20077
67716
19257
60624
6778
81914
120563
43925
6041
51381
26870
86322
6040
84550
23318
74016
70074
86230
121979
37905
112792
82089
68520
34346
53890
7840
31527
107797
23997
97353
35161
52913
19540
80206
80552
64713
34392
82416
99833
23150
53122
72234
110968
72177
88570
6037
70176
101133
7555
38118
70070
39927
24839
6624
6635
22753
60374
28502
70111
86268
14058
35966
62228
47244
28299
14136
72813
65074
34712
119709
95292
32723
15064
101040
112525
97910
43842
51063
24515
690
85904
772
58864
28553
6583
38289
34058
84264
38047
98
119810
48082
40649
7832
23853
85137
27811
32335
7629
1011
23207
76184
38130
24765
69918
858
6611
803
120418
36014
19462
108353
819
69869
6626
14038
69610
667
118792
89118
57616
32127
70015
24809
39868
51098
90417
33818
49134
56603
85794
81553
632
36781
40730
79004
42190
92665
14495
6075
62041
121722
83706
2432
470
97419
424
19592
77830
69787
85910
6913
62888
47864
106355
29917
87851
91826
53899
107702
31382
5732
89451
23621
34741
72806
23619
115395
139
668
70478
14721
49831
117268
47848
5900
47123
6217
14089
112341
81584
35767
5885
49953
83795
6622
2930
90670
36554
47878
117302
35645
69810
789
100992
5977
800
22450
69925
80091
41862
118797
19507
92019
6679
46263
72023
88422
113255
36720
9869
46294
36762
23705
80929
28288
50886
38794
65270
63332
40884
87241
28419
90264
94219
5942
25235
7736
6273
32712
7809
61839
35932
112367
14019
100762
7372
120363
47047
39428
39271
65743
35516
38570
107408
115369
89046
37314
23371
38335
13883
14005
111263
70429
116261
39323
54173
31497
72429
72420
64715
120154
45881
16501
37988
74551
7744
112249
121463
59872
102194
71212
89578
43087
2328
35837
65942
42238
36429
2293
64663
88239
37688
72678
64944
144
121110
82699
45774
3236
23035
118939
7482
85128
89351
38771
105267
114057
121558
47216
41669
6514
14905
46311
38530
64953
37399
106369
22592
2487
4069
32675
18410
7794
75361
37297
67469
6468
48789
92873
122455
26750
99258
52535
15874
19127
70980
95169
32678
86885
6224
107757
4221
69154
69752
759
121616
41327
14234
36079
7639
82836
121168
75253
45177
6463
73823
85973
22252
56022
6399
15486
118006
71056
22213
72425
40270
52600
36942
728
101857
40828
42902
2565
752
81986
7854
38592
122570
111341
74480
21708
90666
14808
121127
36737
46327
80098
39415
100476
70813
3089
35413
7222
5783
36440
38339
56960
118952
88390
14245
36807
48104
7843
39399
100786
7342
83621
1573
121115
40599
101690
86978
48038
28182
897
42984
73157
74566
75431
52385
6522
45380
627
42547
111285
50881
1107
93366
90059
35768
39602
43712
90167
112342
14741
75135
15600
59807
35324
87726
79607
112675
14510
47752
19857
93554
494
35349
66322
14491
112775
69934
5951
103207
19991
36507
46165
23398
99985
47744
55253
7784
108312
50895
7507
73898
14249
21299
66161
89238
68612
46200
94
38498
5865
36379
121835
7416
14359
22861
16240
22629
86463
66423
95694
18914
67284
6447
56605
6673
96752
80551
53747
296
747
28393
1391
48684
79529
18616
112839
119629
84051
14223
86578
47737
50874
65458
7855
46927
39274
35522
5815
99971
107837
93454
450
51828
22784
43609
7355
35946
101728
117569
35232
81192
39248
35490
524
18175
47710
7673
13139
113171
6198
41446
19176
13965
22123
69142
55883
48296
112412
41798
118739
55540
90799
14968
2070
22734
15499
6408
87480
14875
62211
22767
123652
17860
7491
74840
3185
22089
34144
26903
46959
31797
116210
69546
85697
14144
90244
104804
35981
67893
47699
7668
118598
39363
22610
65801
24379
120135
5857
56198
52315
81455
49418
19826
61822
35312
87134
58452
35700
7474
22173
101983
25776
40970
42097
119035
96478
19760
14477
81220
35189
64928
88114
110419
96178
64111
111655
50061
28506
118895
56885
3703
25028
70271
72204
71298
61815
67443
13784
62567
7624
120817
14735
51639
58534
112228
2931
70490
7679
28767
53440
77709
716
72840
74663
105547
15032
93944
104403
50666
105520
29071
101548
7775
73158
36214
39282
89861
73549
104974
28541
32177
63863
87816
7617
14243
36064
81222
55366
36612
113081
6872
95280
7833
105645
3092
91058
28301
38623
72771
34704
112799
6663
49841
2304
17838
69884
833
2313
105420
36615
14874
82586
74499
36590
89017
87942
20672
106072
6427
22211
41012
105337
36547
63799
19119
15856
51112
50624
92841
20016
85850
63971
19265
36224
114246
2426
44360
70482
6477
69698
31908
39523
62153
94107
85778
619
48335
55912
48315
25717
40899
45773
88394
43763
86096
111993
61713
65049
111410
86915
6191
13961
35653
105512
74578
70606
90717
65303
434
17377
13659
122606
68718
82622
90893
6195
61936
622
7712