12
23
40
44
56
61
64
79
86
94
98
111
125
139
144
153
159
174
181
182
198
201
205
229
241
248
251
255
258
264
269
291
293
296
317
320
370
379
383
386
389
396
397
401
405
413
414
415
416
420
424
429
432
434
438
441
443
449
450
454
460
462
465
466
470
475
477
481
485
492
494
495
524
527
538
543
549
559
568
572
579
584
589
591
594
598
600
614
615
616
619
622
623
627
632
636
640
643
646
656
663
666
667
668
673
676
677
689
690
694
697
699
709
712
716
719
721
722
724
728
735
740
746
747
752
758
759
769
770
772
774
783
788
789
793
800
803
808
813
817
819
821
822
825
828
830
831
833
841
846
857
858
863
865
872
873
877
880
881
882
885
886
887
888
889
891
892
897
901
905
909
913
918
920
942
965
987
990
994
999
1002
1011
1013
1019
1021
1025
1075
1107
1391
1573
1656
1767
1885
2018
2030
2057
2070
2071
2074
2159
2177
2195
2212
2214
2226
2232
2237
2244
2245
2251
2264
2273
2276
2277
2278
2281
2290
2293
2294
2297
2304
2313
2315
2320
2321
2328
2344
2353
2363
2370
2375
2379
2383
2393
2403
2404
2405
2407
2409
2423
2426
2432
2441
2443
2446
2450
2453
2463
2468
2469
2471
2483
2487
2489
2497
2498
2504
2524
2532
2534
2545
2565
2574
2578
2584
2592
2600
2797
2803
2843
2844
2860
2866
2890
2930
2931
2968
2976
3003
3035
3043
3047
3058
3060
3063
3072
3080
3087
3089
3092
3097
3100
3110
3113
3122
3125
3135
3136
3146
3165
3173
3184
3185
3202
3211
3215
3228
3232
3236
3249
3251
3252
3263
3271
3273
3276
3279
3287
3298
3300
3305
3312
3313
3325
3332
3338
3372
3374
3382
3387
3393
3484
3501
3503
3504
3529
3538
3540
3561
3586
3599
3600
3626
3646
3661
3667
3675
3697
3699
3703
3706
3713
3723
3739
3760
3778
3792
3801
3802
4069
4073
4095
4104
4134
4144
4146
4164
4189
4214
4217
4221
4228
4230
4234
4243
4245
4320
4323
4325
4331
4339
4341
4347
4360
4362
5662
5663
5673
5674
5677
5687
5690
5696
5721
5732
5737
5749
5753
5764
5771
5773
5777
5782
5783
5790
5799
5810
5815
5821
5822
5834
5844
5852
5857
5859
5865
5867
5868
5876
5879
5885
5894
5897
5899
5900
5905
5912
5919
5922
5929
5938
5941
5942
5945
5948
5951
5964
5969
5977
5982
6012
6016
6018
6023
6025
6031
6035
6037
6040
6041
6048
6051
6075
6091
6100
6110
6116
6144
6147
6150
6164
6168
6191
6195
6198
6211
6212
6217
6224
6226
6230
6234
6236
6245
6247
6250
6253
6256
6266
6273
6278
6285
6292
6299
6310
6318
6319
6320
6321
6326
6332
6335
6340
6341
6342
6343
6347
6349
6350
6354
6356
6361
6373
6374
6377
6378
6383
6395
6398
6399
6400
6401
6405
6408
6418
6425
6426
6427
6439
6443
6447
6448
6456
6461
6463
6468
6472
6474
6476
6477
6479
6485
6487
6509
6514
6522
6527
6556
6567
6583
6607
6611
6618
6620
6622
6624
6626
6627
6629
6631
6632
6634
6635
6637
6641
6647
6648
6652
6654
6656
6658
6662
6663
6667
6670
6671
6673
6679
6687
6691
6692
6696
6713
6720
6725
6728
6743
6748
6752
6765
6775
6778
6822
6832
6844
6845
6864
6872
6876
6882
6895
6901
6907
6913
6915
6916
6931
6946
6954
6961
6965
6968
6969
6975
6978
6980
6982
6987
6989
7017
7023
7025
7026
7029
7032
7034
7049
7061
7073
7092
7096
7102
7118
7130
7152
7180
7219
7222
7248
7260
7342
7355
7357
7361
7372
7386
7389
7408
7416
7420
7429
7440
7442
7453
7474
7481
7482
7483
7491
7497
7500
7507
7511
7513
7517
7520
7543
7547
7551
7555
7558
7559
7568
7570
7588
7591
7592
7601
7602
7603
7610
7614
7615
7617
7619
7624
7629
7637
7639
7641
7645
7651
7654
7657
7660
7661
7664
7668
7669
7672
7673
7675
7678
7679
7683
7685
7687
7689
7691
7700
7702
7703
7711
7712
7713
7714
7715
7724
7736
7739
7742
7744
7747
7751
7753
7763
7766
7772
7775
7776
7778
7784
7785
7789
7793
7794
7796
7797
7802
7809
7813
7821
7823
7824
7825
7826
7828
7831
7832
7833
7834
7835
7840
7841
7843
7851
7854
7855
13023
13032
13043
13052
13070
13079
13091
13105
13120
13136
13139
13573
13602
13629
13659
13688
13689
13704
13713
13717
13719
13723
13724
13731
13735
13740
13744
13755
13766
13768
13774
13784
13789
13800
13814
13818
13822
13829
13831
13843
13847
13848
13856
13859
13868
13870
13875
13880
13881
13883
13886
13892
13895
13905
13907
13918
13923
13924
13928
13931
13932
13935
13941
13948
13949
13956
13958
13961
13962
13964
13965
13973
13974
13976
13977
13982
13983
13987
13989
13990
13991
13992
14005
14019
14032
14038
14039
14040
14041
14052
14053
14054
14056
14058
14061
14067
14072
14080
14092
14093
14094
14111
14125
14136
14144
14147
14159
14165
14167
14175
14178
14186
14189
14192
14201
14203
14212
14223
14226
14229
14234
14244
14245
14248
14249
14257
14260
14263
14285
14295
14304
14310
14327
14359
14379
14389
14395
14413
14414
14421
14443
14448
14454
14460
14466
14474
14477
14478
14491
14495
14500
14506
14510
14513
14530
14537
14547
14552
14555
14571
14597
14605
14611
14619
14630
14638
14642
14657
14660
14665
14674
14675
14680
14683
14690
14695
14721
14735
14741
14748
14760
14768
14771
14780
14781
14798
14808
14820
14821
14824
14845
14874
14875
14887
14898
14905
14918
14926
14933
14945
14968
14987
14996
15032
15035
15043
15049
15059
15061
15062
15064
15137
15149
15155
15175
15181
15218
15222
15228
15256
15258
15271
15284
15287
15296
15305
15306
15315
15363
15375
15384
15411
15438
15471
15478
15486
15496
15497
15499
15533
15539
15551
15571
15578
15585
15596
15600
15609
15619
15646
15661
15690
15695
15700
15712
15725
15730
15745
15755
15772
15792
15796
15834
15841
15856
15864
15871
15874
15893
15899
15922
15924
15947
15949
15953
15965
15986
15992
15995
16014
16110
16112
16125
16240
16850
16853
16997
17012
17037
17077
17141
17143
17162
17188
17190
17216
17221
17250
17266
17277
17300
17325
17331
17345
17377
17398
17476
17509
17531
17559
17580
17601
17610
17633
17651
17677
17747
17762
17781
17795
17812
17820
17840
17843
17844
17857
17859
17865
17867
17868
17872
17879
17914
18100
18105
18109
18112
18114
18117
18123
18127
18136
18140
18143
18144
18153
18158
18160
18162
18183
18202
18207
18208
18213
18235
18243
18308
18324
18328
18387
18398
18403
18410
18430
18432
18461
18486
18492
18502
18503
18516
18527
18530
18535
18536
18543
18564
18584
18594
18601
18616
18638
18673
18680
18703
18708
18710
18716
18737
18746
18757
18765
18771
18777
18782
18788
18794
18811
18817
18823
18851
18853
18866
18867
18870
18872
18879
18880
18886
18901
18903
18912
18914
18917
18923
18942
18948
18950
18951
18959
18961
18977
19002
19013
19016
19018
19029
19031
19039
19049
19053
19058
19081
19101
19106
19107
19112
19113
19116
19119
19123
19127
19135
19147
19150
19155
19169
19173
19174
19176
19192
19198
19211
19235
19249
19252
19254
19257
19258
19265
19270
19271
19284
19287
19291
19308
19315
19328
19340
19347
19353
19415
19419
19429
19442
19451
19462
19464
19491
19507
19515
19540
19559
19568
19571
19592
19603
19634
19643
19647
19666
19699
19704
19709
19728
19730
19732
19737
19742
19754
19760
19770
19783
19785
19799
19806
19821
19826
19831
19833
19841
19855
19857
19873
19906
19907
19921
19925
19935
19936
19974
19981
19991
20009
20010
20016
20023
20031
20065
20066
20075
20077
20089
20172
20193
20206
20264
20292
20298
20300
20303
20326
20366
20381
20409
20421
20442
20480
20486
20500
20532
20536
20572
20624
20672
20717
20755
20765
20817
21449
21450
21452
21458
21463
21464
21468
21472
21477
21485
21498
21500
21510
21518
21522
21526
21529
21530
21532
21550
21556
21558
21559
21561
21562
21581
21589
21598
21646
21649
21653
21661
21663
21672
21676
21703
21709
21711
21718
21721
21722
21781
21799
21885
21918
21949
21977
22004
22007
22015
22033
22043
22051
22054
22059
22076
22081
22089
22092
22095
22097
22098
22112
22113
22121
22123
22133
22139
22141
22145
22155
22158
22167
22170
22172
22173
22178
22179
22185
22211
22213
22225
22238
22244
22251
22252
22255
22262
22263
22267
22268
22272
22282
22290
22293
22297
22300
22301
22302
22306
22309
22314
22347
22350
22352
22369
22376
22382
22386
22396
22408
22431
22450
22460
22472
22479
22488
22491
22506
22508
22539
22541
22543
22559
22565
22567
22588
22591
22592
22596
22604
22610
22621
22622
22623
22626
22629
22633
22637
22644
22649
22651
22654
22656
22659
22660
22665
22668
22682
22691
22694
22698
22710
22716
22717
22722
22726
22728
22733
22734
22736
22751
22753
22767
22768
22769
22771
22779
22781
22782
22783
22784
22787
22788
22797
22799
22812
22814
22815
22825
22828
22830
22831
22837
22839
22840
22843
22848
22861
22864
22867
22875
22882
22892
22902
22908
22915
22930
22931
22939
22941
22944
22947
22957
22962
22968
22972
22974
22976
22981
22984
22986
22992
22996
22998
23002
23003
23010
23011
23015
23023
23030
23031
23032
23033
23034
23035
23038
23040
23044
23045
23050
23057
23058
23062
23064
23072
23075
23077
23081
23089
23090
23092
23096
23097
23101
23102
23103
23106
23111
23113
23117
23118
23119
23126
23128
23129
23134
23135
23136
23140
23146
23151
23155
23160
23163
23169
23172
23175
23180
23184
23200
23204
23212
23214
23219
23221
23232
23240
23241
23244
23250
23253
23256
23262
23266
23280
23285
23290
23291
23294
23305
23307
23312
23318
23322
23325
23333
23346
23347
23352
23353
23355
23357
23365
23368
23371
23379
23387
23409
23427
23439
23452
23455
23456
23463
23470
23472
23477
23482
23485
23488
23495
23497
23499
23500
23506
23509
23512
23513
23516
23533
23545
23549
23574
23599
23608
23615
23616
23621
23626
23630
23660
23678
23679
23698
23742
23745
23755
23761
23774
23779
23785
23789
23796
23810
23851
23859
23863
23878
23888
23892
23895
23900
23911
23916
23918
23922
23923
23924
23930
23932
23934
23935
23940
23944
23945
23956
23962
23980
23985
23997
24001
24013
24015
24018
24030
24031
24041
24066
24077
24104
24117
24139
24147
24152
24156
24172
24173
24176
24179
24184
24186
24190
24198
24211
24215
24219
24243
24261
24274
24291
24301
24312
24339
24344
24348
24355
24356
24361
24379
24383
24391
24396
24415
24432
24457
24465
24470
24515
24537
24544
24549
24570
24587
24588
24603
24617
24622
24623
24626
24640
24644
24646
24653
24660
24661
24674
24686
24702
24708
24709
24722
24765
24774
24809
24830
24838
24839
24855
24856
24869
24888
24906
24925
24937
24943
24950
24951
24954
24961
24966
24991
24995
25002
25015
25016
25029
25032
25053
25054
25061
25062
25070
25079
25081
25085
25093
25095
25102
25111
25114
25115
25118
25151
25160
25173
25193
25202
25210
25222
25223
25233
25235
25245
25255
25305
25335
25379
25418
25649
25713
25725
25737
25920
25959
26127
26186
26227
26330
26364
26436
26456
26463
26510
26663
26704
26750
26796
26867
26870
26901
26903
27095
27097
27127
27365
27392
27474
27567
27568
27587
27682
27726
27779
27811
28010
28036
28096
28182
28227
28288
28289
28299
28301
28315
28353
28385
28393
28418
28433
28453
28499
28506
28522
28541
28553
28570
28582
28589
28597
28598
28620
28624
28632
28634
28652
28653
28676
28708
28723
28727
28751
28767
28768
28773
28815
28829
28875
28884
28893
28907
28925
28946
28953
28969
28989
29001
29020
29021
29030
29054
29060
29071
29093
29103
29136
29167
29182
29192
29224
29263
29296
29360
29390
29412
29416
29463
29486
29582
29786
29917
29935
30082
30430
30558
30594
30648
30687
30908
31219
31236
31253
31261
31302
31307
31314
31319
31339
31342
31361
31372
31382
31387
31415
31425
31440
31442
31451
31456
31468
31478
31485
31497
31525
31527
31545
31565
31568
31631
31647
31657
31683
31691
31720
31745
31753
31780
31788
31789
31843
31849
31874
31883
31896
31908
31926
31932
31937
31946
31955
31957
31970
32007
32022
32058
32065
32109
32127
32141
32158
32177
32182
32189
32226
32244
32276
32292
32305
32335
32361
32387
32393
32504
32584
32723
32781
32793
32811
32812
32845
33047
33059
33173
33439
33490
33794
33801
33808
33809
33818
33832
33838
33840
33843
33896
33898
33905
33917
33960
33994
34016
34040
34048
34058
34140
34176
34190
34195
34201
34213
34224
34226
34232
34236
34281
34292
34295
34299
34303
34346
34371
34381
34385
34392
34406
34412
34434
34435
34449
34451
34453
34476
34486
34490
34496
34512
34520
34526
34537
34539
34552
34554
34583
34593
34597
34604
34606
34609
34631
34645
34659
34677
34682
34690
34693
34697
34704
34712
34719
34720
34723
34737
34747
34764
34766
34774
34779
34797
34813
34824
34853
34861
34868
34877
34916
34922
34931
34938
34940
34948
34956
34958
34959
34968
34974
34988
34995
35006
35019
35030
35047
35072
35073
35075
35089
35094
35101
35107
35111
35138
35144
35152
35154
35161
35182
35189
35191
35198
35200
35205
35209
35220
35223
35224
35226
35231
35233
35257
35258
35263
35274
35280
35284
35312
35320
35324
35329
35333
35337
35343
35349
35353
35367
35379
35382
35386
35396
35398
35400
35404
35413
35415
35419
35425
35427
35440
35447
35457
35463
35464
35466
35483
35485
35486
35490
35494
35498
35508
35515
35516
35518
35522
35526
35534
35539
35540
35567
35580
35599
35618
35633
35636
35645
35653
35674
35678
35698
35700
35704
35724
35739
35743
35744
35752
35760
35765
35767
35768
35795
35808
35814
35866
35888
35889
35891
35899
35932
35934
35946
35952
35966
35979
35981
35985
35989
36001
36002
36007
36009
36012
36014
36018
36020
36025
36031
36041
36042
36046
36047
36051
36057
36058
36064
36069
36070
36072
36075
36079
36082
36087
36092
36093
36095
36100
36107
36109
36134
36135
36163
36166
36173
36212
36214
36224
36227
36246
36253
36254
36260
36263
36266
36268
36286
36288
36289
36298
36302
36310
36311
36315
36320
36326
36337
36340
36346
36356
36367
36372
36379
36384
36390
36391
36397
36401
36402
36403
36408
36409
36413
36424
36429
36430
36431
36437
36439
36440
36442
36443
36454
36461
36468
36472
36481
36483
36505
36507
36511
36512
36523
36529
36531
36532
36540
36542
36545
36554
36558
36583
36590
36603
36606
36609
36611
36614
36615
36620
36625
36629
36636
36637
36638
36641
36642
36654
36661
36663
36668
36673
36682
36685
36694
36701
36702
36716
36720
36726
36737
36762
36766
36774
36778
36787
36788
36789
36790
36807
36812
36816
36822
36834
36836
36839
36862
36865
36878
36888
36897
36900
36911
36917
36921
36938
36941
36942
36948
36951
36964
36980
36989
37055
37090
37154
37212
37227
37265
37270
37272
37275
37276
37284
37300
37311
37314
37389
37395
37399
37411
37429
37444
37465
37506
37571
37588
37636
37646
37681
37683
37688
37691
37711
37720
37728
37736
37744
37795
37800
37809
37813
37814
37824
37828
37829
37834
37842
37845
37855
37860
37879
37895
37905
37912
37913
37916
37921
37923
37924
37938
37947
37965
37969
37973
37975
37979
37988
37992
37995
38014
38020
38024
38025
38027
38031
38039
38042
38047
38054
38057
38058
38066
38070
38083
38086
38087
38089
38095
38100
38102
38104
38107
38113
38118
38130
38170
38172
38177
38183
38193
38198
38202
38209
38225
38229
38234
38255
38261
38289
38291
38295
38299
38300
38301
38307
38328
38335
38339
38346
38348
38357
38369
38371
38375
38382
38388
38392
38422
38430
38443
38464
38466
38472
38477
38492
38498
38530
38560
38573
38574
38577
38588
38591
38597
38601
38611
38623
38624
38627
38654
38659
38665
38673
38675
38696
38702
38711
38712
38719
38722
38729
38736
38742
38748
38749
38752
38758
38759
38765
38771
38774
38791
38794
38795
38799
38813
38818
38822
38826
38832
38850
38851
38866
38870
38872
38883
38888
38890
38897
38913
38914
38919
38921
38923
38931
38935
38938
38940
38946
38949
38951
38957
38961
38962
38967
38982
38995
39005
39014
39016
39018
39021
39025
39026
39029
39038
39042
39050
39054
39065
39068
39070
39072
39073
39077
39086
39087
39090
39101
39102
39136
39144
39146
39174
39180
39190
39215
39227
39230
39234
39242
39247
39248
39250
39251
39252
39255
39264
39271
39272
39274
39282
39294
39298
39301
39305
39318
39323
39333
39363
39369
39371
39382
39396
39399
39415
39417
39424
39428
39430
39436
39446
39464
39490
39504
39506
39510
39513
39516
39520
39523
39548
39569
39602
39617
39644
39646
39658
39662
39676
39687
39697
39704
39712
39714
39720
39746
39750
39755
39765
39770
39785
39800
39805
39813
39836
39841
39845
39850
39863
39864
39865
39868
39879
39885
39893
39895
39916
39927
39939
39940
39959
39962
39972
39979
40003
40012
40019
40032
40037
40045
40075
40080
40098
40120
40122
40145
40150
40166
40178
40199
40205
40232
40233
40245
40247
40248
40250
40259
40264
40270
40312
40334
40353
40370
40371
40399
40409
40430
40452
40460
40469
40515
40547
40567
40587
40599
40632
40634
40638
40646
40678
40686
40710
40748
40848
40899
40931
40970
41012
41119
41123
41181
41327
41558
41669
41694
41952
41975
42927
42962
42984
43040
43087
43112
43119
43133
43186
43225
43248
43264
43315
43347
43377
43404
43609
44016
44072
44120
44178
44182
44248
44292
44296
44303
44306
44307
44340
44347
44354
44360
44394
44408
44426
44546
44558
44572
44601
44604
44667
44703
44717
44799
44840
44894
44934
44965
44979
44985
45004
45012
45042
45064
45094
45118
45143
45147
45150
45165
45249
45255
45272
45287
45295
45333
45335
45355
45359
45367
45377
45380
45388
45410
45421
45447
45462
45483
45509
45511
45562
45574
45587
45588
45623
45626
45627
45638
45662
45670
45677
45717
45740
45773
45774
46162
46247
46263
46294
46327
46363
46387
46476
46557
46603
46641
46642
46678
46679
46704
46799
46825
46938
46959
46983
46984
47010
47014
47053
47064
47082
47083
47095
47101
47108
47123
47151
47156
47164
47180
47186
47216
47238
47244
47249
47252
47315
47451
47455
47462
47466
47480
47520
47599
47604
47621
47635
47644
47677
47696
47698
47714
47737
47752
47759
47778
47848
47852
47864
47872
47899
47903
47958
47962
47972
48015
48038
48049
48051
48080
48099
48156
48296
48657
48674
48789
48859
48948
48974
48990
49018
49113
49134
49418
49515
49525
49529
49618
49622
49626
49629
49650
49656
49685
49737
49765
49831
49841
49871
49898
49900
49922
49943
49944
49953
49963
49964
49979
50000
50003
50020
50052
50061
50077
50085
50103
50112
50136
50145
50156
50176
50217
50224
50267
50311
50312
50320
50323
50330
50342
50361
50400
50417
50422
50562
50624
50666
50712
50720
50727
50737
50760
50779
50791
50818
50874
50881
50886
50895
50901
50905
50944
50952
50953
50966
50974
51001
51009
51047
51063
51072
51081
51098
51112
51122
51164
51165
51190
51217
51252
51339
51381
51392
51410
51423
51435
51445
51498
51510
51533
51534
51573
51577
51587
51607
51608
51611
51614
51618
51622
51627
51639
51655
51661
51669
51677
51680
51682
51685
51687
51690
51696
51704
51711
51712
51714
51715
51717
51730
51732
51741
51745
51746
51752
51755
51764
51770
51774
51776
51783
51784
51806
51818
51828
51840
51913
51928
51941
51945
51950
51967
51978
51982
51999
52001
52003
52005
52032
52063
52073
52075
52084
52085
52087
52088
52094
52096
52105
52110
52115
52141
52142
52156
52171
52180
52185
52187
52192
52202
52210
52216
52226
52230
52253
52256
52259
52266
52271
52272
52273
52276
52277
52291
52310
52315
52326
52331
52339
52364
52366
52371
52372
52385
52396
52399
52404
52425
52427
52435
52445
52486
52498
52501
52503
52516
52529
52535
52536
52537
52561
52574
52583
52592
52594
52596
52600
52614
52625
52628
52640
52650
52657
52660
52667
52668
52670
52686
52697
52727
52733
52773
52774
52837
52860
52877
52899
52913
52932
52939
52943
52964
52979
52990
53001
53005
53045
53070
53095
53122
53180
53193
53250
53267
53280
53304
53330
53332
53335
53393
53400
53401
53409
53425
53430
53438
53440
53463
53491
53510
53514
53531
53554
53560
53586
53588
53608
53609
53685
53727
53792
53797
53878
53890
53899
53924
53960
53982
53995
54003
54008
54018
54026
54028
54039
54064
54083
54091
54098
54122
54127
54130
54131
54148
54159
54173
54179
54187
54220
54233
54252
54258
54293
54294
54298
54302
54317
54344
54357
54381
54391
54400
54412
54423
54549
54553
54582
54585
54590
54635
54641
54664
54699
54703
54716
54719
54746
54786
54803
54861
54894
54940
54968
55006
55008
55086
55105
55115
55118
55169
55192
55253
55289
55293
55300
55308
55311
55320
55331
55334
55339
55348
55362
55366
55390
55395
55399
55406
55412
55450
55461
55511
55520
55539
55540
55542
55543
55550
55583
55585
55607
55642
55695
55768
55799
55800
55810
55830
55877
55880
55883
55885
55893
55905
55912
55923
55925
55930
55949
55965
55967
56022
56029
56082
56088
56096
56111
56140
56156
56158
56162
56165
56178
56181
56184
56192
56198
56209
56217
56223
56228
56229
56230
56234
56239
56243
56244
56247
56265
56275
56279
56294
56296
56301
56314
56323
56337
56339
56363
56381
56383
56388
56398
56407
56414
56426
56427
56452
56468
56478
56482
56528
56538
56556
56565
56568
56570
56574
56603
56605
56616
56630
56657
56669
56674
56703
56707
56713
56719
56737
56760
56778
56795
56807
56824
56837
56854
56856
56858
56862
56866
56878
56892
56904
56919
56923
56925
56954
56960
57009
57046
57071
57224
57294
57333
57436
57476
57490
57510
57530
57533
57545
57554
57616
57644
57705
57756
57796
57838
57854
57900
57952
57981
58018
58036
58070
58165
58174
58190
58192
58282
58318
58326
58452
58467
58601
61143
61147
61194
61210
61221
61233
61242
61287
61359
61363
61389
61408
61430
61435
61444
61467
61529
61582
61583
61628
61641
61650
61655
61663
61710
61713
61714
61742
61744
61763
61766
61815
61822
61833
61839
61892
61911
61939
61967
62007
62041
62047
62074
62075
62104
62149
62154
62211
62222
62228
62262
62274
62322
62352
62402
62413
62433
62449
62485
62501
62517
62559
62578
62597
62631
62639
62676
62693
62734
62756
62767
62794
62823
62824
62836
62888
62892
62922
62948
62951
63064
63109
63174
63225
63419
63459
63482
63613
63777
63805
63820
64008
64111
64173
64363
64663
64664
64672
64714
64715
64774
64812
64814
64830
64844
64860
64886
64928
64953
64956
64962
64970
64972
64974
64983
64984
65032
65049
65067
65073
65074
65111
65141
65202
65226
65256
65262
65270
65294
65303
65319
65324
65410
65430
65458
65459
65477
65527
65538
65550
65569
65586
65593
65627
65652
65653
65675
65686
65695
65710
65743
65756
65765
65770
65786
65789
65801
65812
65829
65885
65890
65938
65942
65951
65985
66045
66057
66058
66072
66094
66129
66143
66161
66489
66538
66645
66763
66766
66772
66784
66792
66796
66805
66836
66837
66845
66846
66851
66857
66884
66888
66905
66917
66918
66925
66931
66933
66936
66947
66957
66966
66976
66983
66993
67033
67038
67042
67048
67064
67067
67073
67074
67079
67081
67093
67097
67138
67169
67174
67186
67200
67204
67231
67234
67261
67265
67270
67286
67294
67296
67301
67303
67311
67312
67316
67330
67334
67341
67349
67355
67363
67367
67414
67438
67443
67469
67492
67530
67661
67667
67706
67716
67743
67770
67805
67812
67815
67823
67841
67856
67862
67867
67871
67882
67893
67919
67921
67943
67968
67975
68007
68037
68044
68053
68071
68082
68102
68113
68116
68117
68139
68177
68197
68199
68214
68221
68247
68269
68273
68308
68374
68387
68397
68402
68454
68485
68504
68520
68553
68579
68596
68600
68612
68641
68645
68650
68655
68715
68718
68719
68763
68785
68787
68797
68799
68860
68932
68934
68962
68967
69003
69048
69051
69055
69077
69082
69108
69118
69134
69138
69142
69146
69154
69172
69189
69224
69230
69244
69263
69323
69324
69350
69383
69389
69396
69464
69479
69483
69548
69551
69571
69628
69639
69647
69726
69733
69793
69828
69869
69871
69901
69906
69907
69913
69917
69925
69934
69945
69947
69952
69955
69961
69968
69973
70068
70069
70071
70076
70088
70095
70096
70105
70109
70112
70134
70136
70177
70181
70216
70232
70239
70240
70247
70259
70271
70272
70298
70301
70302
70304
70310
70324
70326
70336
70349
70351
70353
70368
70369
70372
70376
70382
70388
70390
70408
70416
70418
70429
70430
70437
70452
70471
70472
70473
70478
70482
70486
70487
70490
70495
70503
70515
70539
70542
70553
70558
70560
70566
70606
70609
70616
70617
70628
70632
70664
70731
70739
70742
70765
70767
70792
70810
70813
70814
70842
70852
70856
70871
70881
70885
70888
70893
70896
70899
70901
70907
70910
70940
70941
70945
70946
70947
70959
70968
70980
70994
71030
71037
71038
71056
71075
71084
71087
71093
71100
71113
71123
71126
71137
71140
71181
71194
71212
71216
71243
71262
71298
71303
71308
71314
71317
71319
71336
71345
71382
71392
71411
71416
71420
71499
71545
71546
71572
71576
71597
71634
71682
71697
71701
71718
71720
71728
71732
71733
71734
71737
71738
71745
71767
71777
71793
71805
71812
71813
71818
71822
71830
71835
71849
71862
71870
71877
71883
71890
71892
71896
71917
71925
71942
71947
71953
71973
71974
71981
71982
71994
71998
71999
72001
72003
72014
72023
72026
72032
72049
72052
72056
72063
72073
72081
72096
72102
72157
72172
72180
72204
72228
72247
72264
72271
72321
72322
72347
72384
72425
72442
72500
72537
72604
72622
72677
72696
72716
72756
72788
72806
72813
72840
72845
72856
72865
72875
72878
72909
72920
72928
72941
72981
73026
73114
73125
73139
73140
73157
73158
73172
73187
73215
73229
73258
73261
73264
73273
73279
73300
73308
73322
73337
73343
73352
73368
73369
73387
73389
73400
73411
73432
73438
73445
73483
73527
73546
73549
73552
73553
73555
73564
73579
73589
73632
73647
73658
73663
73665
73673
73680
73694
73699
73701
73713
73725
73728
73731
73746
73750
73755
73761
73763
73764
73766
73775
73783
73791
73816
73818
73820
73823
73835
73863
73881
73898
73926
73957
73967
73976
73985
73987
73991
73995
74005
74014
74016
74026
74044
74047
74060
74066
74090
74100
74113
74115
74126
74127
74144
74155
74158
74169
74174
74183
74186
74190
74203
74206
74213
74218
74219
74221
74229
74240
74251
74259
74266
74274
74293
74297
74303
74306
74317
74326
74328
74335
74351
74365
74375
74385
74395
74396
74399
74406
74408
74434
74455
74472
74474
74480
74482
74499
74504
74509
74514
74525
74536
74540
74543
74545
74548
74551
74561
74566
74572
74573
74574
74578
74580
74583
74585
74587
74595
74596
74623
74645
74655
74660
74663
74672
74681
74682
74686
74688
74701
74708
74717
74721
74729
74741
74745
74752
74761
74770
74787
74793
74815
74837
74844
74856
74872
74902
74930
74932
74963
74970
74981
74984
74987
75000
75014
75018
75026
75055
75059
75074
75082
75092
75100
75114
75119
75121
75124
75143
75144
75152
75158
75168
75193
75194
75198
75200
75203
75210
75215
75216
75220
75224
75253
75278
75317
75361
75386
75419
75431
75438
75443
75465
75511
75524
75540
75558
75597
75636
75673
75689
75765
75824
75829
75845
75854
75952
75961
75996
76092
76148
76190
76323
76397
76425
76775
77485
77547
77701
77916
78018
78043
78186
78219
78230
78266
78299
78323
78649
78737
78783
79004
79040
79171
79375
79383
79529
79564
79607
80091
80098
80206
80277
80301
80318
80339
80352
80370
80382
80409
80430
80437
80474
80480
80494
80533
80545
80551
80581
80607
80616
80621
80658
80671
80679
80707
80715
80723
80760
80808
80820
80843
80853
80896
80904
80929
80951
80983
80986
80994
81028
81065
81080
81097
81127
81135
81140
81144
81171
81190
81192
81220
81222
81269
81291
81305
81340
81371
81376
81382
81390
81400
81419
81420
81445
81455
81510
81563
81646
81880
81917
81986
82058
82089
82096
82156
82416
82544
82586
82622
82699
82714
82836
82941
82956
82986
83022
83082
83163
83165
83293
83321
83355
83385
83397
83621
83641
83648
83655
83677
83679
83685
83694
83705
83706
83709
83736
83741
83750
83766
83795
83813
83817
83820
83822
83834
83841
83848
83854
83875
83892
83905
83927
83953
83969
84031
84050
84051
84081
84083
84110
84111
84124
84143
84192
84196
84211
84255
84264
84285
84298
84307
84328
84334
84355
84396
84423
84535
84540
84550
84561
84569
84618
84634
84636
84729
84746
84777
84851
84866
84893
84901
84934
84940
84967
84968
85137
85143
85323
85416
85574
85697
85720
85761
85798
85836
85850
85904
85973
86068
86073
86096
86230
86249
86268
86282
86377
86431
86437
86444
86449
86451
86454
86463
86515
86526
86528
86561
86570
86575
86583
86584
86600
86605
86653
86697
86721
86806
86826
86876
86885
86915
86924
86929
86933
86936
86942
86978
86990
86992
86998
87003
87009
87013
87052
87076
87084
87094
87096
87099
87111
87113
87117
87134
87138
87148
87152
87168
87170
87174
87179
87185
87186
87216
87241
87265
87273
87274
87295
87301
87304
87313
87324
87330
87337
87344
87349
87354
87356
87379
87388
87391
87396
87397
87399
87410
87465
87480
87515
87556
87636
87640
87669
87679
87682
87693
87701
87708
87715
87717
87723
87736
87743
87746
87752
87757
87769
87773
87776
87779
87783
87787
87790
87796
87803
87808
87814
87816
87821
87829
87831
87833
87839
87851
87853
87860
87863
87875
87903
87909
87911
87921
87924
87925
87932
87934
87940
87942
87947
87958
88027
88043
88058
88114
88206
88213
88222
88239
88255
88264
88287
88342
88372
88377
88386
88387
88390
88394
88398
88400
88422
88440
88445
88497
88509
88525
88570
88608
88631
88632
88633
88651
88664
88670
88685
88695
88705
88747
88754
88755
88769
88800
88806
88825
88830
88840
88868
88883
88895
88914
88939
88940
88944
88955
88962
88968
88981
88997
89017
89028
89029
89046
89119
89156
89167
89174
89199
89235
89238
89245
89266
89285
89295
89298
89303
89344
89351
89366
89374
89408
89422
89429
89440
89451
89481
89545
89555
89566
89568
89578
89657
89735
89742
89758
89790
89805
89806
89837
89852
89934
89938
89943
89945
89948
89950
89958
89960
89963
89987
90001
90008
90009
90022
90031
90056
90059
90073
90075
90080
90083
90086
90089
90106
90138
90171
90184
90209
90224
90235
90264
90278
90284
90297
90306
90325
90331
90332
90335
90339
90348
90349
90350
90353
90355
90356
90357
90359
90361
90364
90366
90369
90371
90389
90390
90394
90410
90413
90414
90416
90417
90437
90438
90445
90451
90466
90470
90475
90476
90479
90485
90491
90514
90529
90532
90534
90561
90568
90575
90577
90600
90605
90611
90618
90624
90626
90630
90632
90638
90641
90660
90666
90676
90695
90698
90717
90727
90739
90744
90780
90801
90802
90803
90817
90834
90865
90879
90893
90945
90949
90974
90977
90997
91021
91058
91061
91062
91082
91111
91156
91165
91188
91248
91262
91293
91304
91314
91359
91413
91414
91521
91576
91602
91608
91617
91642
91697
91732
91738
91739
91752
91755
91771
91773
91775
91779
91788
91790
91801
91826
91846
91848
91862
91883
91886
91890
91891
91898
91911
91941
91982
91989
91992
91999
92003
92010
92020
92024
92037
92065
92071
92079
92086
92114
92117
92122
92129
92132
92139
92147
92161
92173
92176
92178
92216
92271
92304
92332
92372
92387
92426
92436
92454
92458
92470
92526
92564
92579
92609
92665
92762
92768
92777
92813
92825
92841
92846
92849
92853
92857
92864
92867
92884
92894
92896
92897
92926
92932
92959
92989
93002
93015
93023
93026
93031
93037
93043
93049
93059
93066
93086
93095
93129
93130
93144
93153
93161
93164
93173
93181
93237
93244
93279
93296
93301
93312
93353
93366
93369
93380
93401
93468
93474
93475
93480
93496
93505
93589
93590
93603
93604
93650
93655
93669
93685
93688
93709
93717
93752
93779
93781
93812
93829
93862
93889
93906
93915
93922
93929
93938
93944
93956
93966
93995
94001
94023
94037
94055
94057
94069
94094
94107
94115
94125
94129
94163
94172
94179
94189
94191
94219
94250
94269
94277
94300
94307
94317
94342
94346
94357
94364
94374
94379
94383
94392
94398
94403
94410
94415
94436
94441
94457
94463
94509
94546
94553
94555
94621
94669
94721
94740
94780
94858
94871
94880
94881
94903
94932
94949
94961
95004
95007
95048
95052
95076
95085
95119
95127
95135
95146
95148
95198
95211
95240
95245
95257
95285
95292
95333
95338
95361
95369
95421
95432
95440
95446
95448
95479
95490
95503
95521
95526
95529
95538
95543
95549
95569
95578
95631
95648
95691
95706
95725
95748
95763
95766
95802
95841
95844
95854
95912
95917
95968
96019
96034
96038
96058
96078
96081
96124
96182
99895
99923
99937
99943
99971
99985
100005
100021
100031
100082
100101
100107
100226
100269
100280
100294
100300
100314
100319
100335
100339
100351
100355
100362
100406
100439
100476
100509
100529
100554
100575
100604
100614
100620
100631
100636
100667
100694
100702
100704
100721
100736
100762
100786
100787
100795
100810
100836
100841
100927
100942
100962
103049
103079
103118
103205
103207
103249
103279
103289
103301
103316
103377
103393
103440
103461
103492
103547
103608
103651
103671
103698
103723
103762
103787
103789
103815
103821
103886
103971
103988
104046
104089
104105
104120
104132
104172
104195
104232
104254
104316
104325
104371
104385
104451
107682
107702
107717
107765
107778
107787
107797
107813
107837
107879
107893
107913
107978
107982
108012
108029
108048
108068
108217
108224
108271
108996
108998
109011
109020
109033
109041
109064
109076
109099
109106
109119
109133
109139
109142
109152
109159
109167
109187
109251
109351
109355
109358
109368
109377
109385
109386
109834
109839
109846
109847
109856
109857
109863
109877
109879
109908
109933
109943
109963
109971
109977
109988
110018
110023
110038
110041
110059
110071
110078
110084
110123
110124
110133
110139
110142
110148
110153
110165
110168
110169
110178
110180
110226
110244
110276
110310
110364
110387
110403
110407
110431
110457
110464
110484
110485
110501
110510
110538
110544
110554
110566
110569
110582
110589
110591
110595
110601
110606
110609
110615
110618
110627
110647
110655
110658
110660
110661
110669
110673
110676
110680
110686
110687
110689
110691
110694
110699
110707
110717
110721
110724
110725
110729
110732
110736
110755
110757
110761
110764
110767
110769
110770
110778
110788
110790
110828
110831
110832
110835
110845
110853
110859
110867
110896
110917
110918
110950
110957
110963
110968
110978
110993
111000
111024
111037
111056
111084
111109
111120
111128
111160
111179
111181
111183
111199
111206
111212
111218
111220
111231
111233
111239
111246
111250
111252
111260
111263
111275
111278
111285
111302
111308
111317
111330
111341
111348
111351
111352
111355
111357
111364
111376
111377
111402
111405
111408
111410
111415
111444
111447
111448
111449
111453
111454
111462
111479
111490
111491
111500
111506
111512
111515
111521
111523
111534
111549
111577
111585
111595
111599
111602
111610
111615
111618
111630
111636
111644
111655
111659
111662
111703
111718
111738
111748
111750
111760
111768
111820
111830
111833
111837
111843
111850
111856
111876
111884
111904
111919
111920
111923
111948
111950
111966
111972
111981
111985
111993
111997
112015
112019
112031
112032
112035
112037
112038
112048
112049
112061
112074
112085
112089
112107
112124
112190
112209
112215
112218
112220
112228
112234
112249
112253
112254
112257
112273
112284
112291
112298
112301
112322
112338
112341
112342
112365
112367
112375
112387
112392
112412
112418
112423
112449
112498
112517
112524
112525
112542
112547
112548
112563
112592
112595
112598
112600
112601
112653
112666
112671
112673
112675
112694
112695
112709
112731
112765
112771
112773
112775
112777
112778
112792
112799
112809
112815
112822
112829
112838
112839
112841
112885
112896
112909
112922
112926
112928
112929
112932
112948
112952
112953
112966
112967
112968
112971
112972
112990
113036
113039
113081
113103
113105
113117
113122
113130
113131
113142
113212
113255
113257
113269
113293
113376
113378
113407
113543
113566
113585
113617
113674
113721
113748
113795
113815
113858
113882
113891
113994
114098
114193
114246
114311
114342
114373
114375
114381
114414
114443
114453
114493
114520
114549
114569
114607
114617
114631
114633
114695
114707
114728
114748
114767
114787
114801
114807
114843
114865
114890
114895
114909
114969
114978
114997
115000
115012
115088
115109
115113
115117
115187
115259
115299
115560
115662
115665
115731
115788
115799
115881
115943
115957
115968
115988
116028
116038
116054
116068
116076
116077
116106
116108
116116
116163
116217
116224
116235
116248
116261
116272
116276
116302
116337
116384
116397
116418
116426
116481
116485
116491
116496
116517
116522
116566
116569
116658
116683
116688
116696
116697
116724
116732
116734
116735
116736
116744
116755
116763
116768
116772
116775
116783
116789
116793
116794
116797
116803
116820
116832
116833
116838
116847
116849
116878
116885
116893
116897
116909
116911
116913
116921
116927
116928
116935
116942
116946
116959
116976
116979
117000
117001
117003
117005
117014
117023
117031
117039
117043
117070
117074
117084
117100
117116
117123
117129
117138
117152
117155
117161
117176
117212
117268
117273
117302
117305
117334
117336
117337
117341
117345
117348
117352
117355
117365
117370
117374
117377
117379
117383
117391
117392
117398
117407
117414
117423
117424
117427
117439
117448
117455
117498
117504
117554
117569
117589
117599
117604
117619
117640
117659
117677
117687
117752
117759
117788
117791
117822
117830
117847
117849
117881
117910
117924
117950
117982
118006
118014
118032
118033
118035
118036
118043
118064
118068
118075
118099
118112
118151
118215
118229
118248
118316
118355
118403
118414
118422
118440
118456
118465
118488
118501
118512
118515
118518
118521
118528
118531
118538
118563
118565
118575
118578
118585
118598
118642
118646
118659
118672
118695
118696
118709
118713
118739
118747
118761
118777
118790
118792
118801
118809
118828
118841
118856
118868
118871
118873
118882
118888
118895
118902
118907
118939
118952
118957
118965
118972
118999
119035
119043
119055
119091
119093
119156
119167
119248
119255
119266
119343
119361
119374
119376
119379
119403
119404
119414
119437
119458
119490
119502
119518
119547
119559
119565
119593
119596
119619
119624
119629
119637
119640
119646
119651
119658
119671
119709
119768
119791
119810
119822
119840
119866
119899
119921
119929
119947
119970
119979
119984
119989
120009
120017
120029
120032
120050
120078
120090
120095
120098
120100
120111
120114
120121
120134
120143
120150
120154
120161
120168
120181
120193
120203
120223
120234
120243
120252
120256
120270
120281
120300
120302
120307
120317
120322
120326
120345
120346
120350
120351
120362
120363
120372
120404
120409
120436
120442
120446
120450
120451
120461
120481
120510
120525
120529
120536
120541
120561
120572
120576
120578
120586
120607
120617
120659
120701
120719
120754
120757
120767
120800
120805
120809
120839
120857
120861
120866
120870
120879
120883
120886
120901
120932
120940
120971
120985
120990
121006
121014
121073
121115
121127
121143
121145
121168
121182
121223
121236
121273
121278
121301
121324
121351
121363
121377
121393
121430
121450
121454
121478
121480
121503
121558
121566
121578
121595
121597
121616
121723
121758
121777
121789
121813
121835
121890
121905
121938
121953
121992
122025
122047
122081
122082
122083
122097
122130
122152
122156
122168
122183
122194
122258
122264
122299
122340
122367
122375
122409
122418
122434
122455
122459
122478
122484
122487
122503
122533
122553
122570
122574
122606
122616
122672
122689
122837
122849
122875
123607
123615
123652
123656
123707
123711
123729
123781
123839
123842
123890
123910
123928
123944
123966
123974
123996
124020
124045
124053
