120536
120529
120510
119822
119709
119651
119640
119624
119619
119593
119559
119414
119403
119379
119376
119374
119361
118598
118585
118565
118538
118528
118515
118512
118488
118465
118414
118229
118215
65270
15600
15062
14968
14820
14808
113122
113117
113081
113039
14721
112971
112968
112952
112948
112841
112809
112777
112775
112771
112765
112675
14359
14245
14061
13973
13883
13818
13784
112048
13719
111985
7685
7610
7491
7483
6656
6527
5938
5929
5885
5674
5673
54699
54590
54553
54412
3703
3667
3661
52291
52276
2426
2383
2278
51435
2245
2237
2232
2226
2212
51190
51112
51001
50905
50886
1573
666
432
181
48948
48859
45587
45447
94001
93995
93929
93688
93655
93603
93369
93366
93353
93164
92989
92959
41119
40899
89758
89742
89578
40409
89566
89545
89451
89422
89366
89351
89298
89295
89245
89238
89235
89167
89156
89119
89028
88962
39513
88664
88497
88386
88264
88114
38736
87814
87790
14058
87679
13935
87636
13907
87480
38295
13724
13689
87410
38234
13659
38130
87274
87134
37965
87084
87076
37895
87052
87009
37845
37744
37728
86885
37683
86806
86721
86653
86515
86463
86377
86249
86096
86073
86068
85904
85850
85761
36384
36046
85143
85137
84934
35752
84851
35678
35653
35645
84634
35379
35284
35274
35205
35198
35154
35107
84264
35094
35006
34956
34948
34877
34723
83834
83822
83820
34645
83705
83397
83355
83321
83293
83163
83022
82956
82836
82714
82622
81510
7766
7724
81419
81376
81291
7517
81127
81065
80551
6673
80318
6472
80091
27779
27587
51776
27095
26870
2297
51063
50901
50874
25959
25920
73820
73783
73731
73713
73680
73663
73658
73553
73549
24379
73527
24291
73438
73432
73411
24243
73400
73389
73387
24211
73368
73352
24184
24156
24117
24104
73261
73258
73229
24031
24015
73172
23923
22892
22837
22788
22784
22769
22768
22733
22665
22656
22543
22491
22263
22225
22179
119791
45740
119458
119437
119404
119343
70136
70134
45511
94115
69383
118501
69324
69323
93906
69224
69172
69154
69146
69138
69118
69082
69051
93589
68934
68860
68797
93380
68785
68763
93312
68719
68718
68715
68655
93237
68600
68579
68553
18959
18951
41694
66161
66094
65942
65652
65593
65569
65458
65319
89657
64983
64953
64928
64812
64774
89285
15486
89017
88981
15222
88955
88940
88895
15064
15035
113105
14760
14771
14735
112799
38890
14248
112517
14136
87829
87816
14039
13992
87736
13965
13987
13949
13948
13964
13932
38498
13881
13814
13744
112035
38289
13688
111997
111920
86978
86876
86826
37636
86697
86584
36390
84967
35744
84901
35580
35263
84396
83706
83385
82699
7826
7855
7809
7797
7789
7739
7689
81455
7660
7651
81420
7629
7624
7592
7547
7507
7500
7497
7416
7408
7361
6882
80533
6728
6692
6691
6720
6663
6627
6647
6618
6583
80301
6522
6509
6468
6448
6477
6439
6405
6401
6399
6377
6356
6361
6343
6051
6023
6048
6016
6035
6031
6025
6012
5964
5942
5969
5977
5919
5948
55105
5905
5900
5897
5879
5859
5852
55006
5782
54968
5799
5783
54940
54894
5737
5764
5687
5721
5663
5696
54719
54716
54664
54635
54400
54391
28907
28653
3792
3713
3626
3540
3529
27811
52310
52273
52226
52192
52202
51783
51774
51770
2483
2469
2498
2432
51573
2409
2407
51534
2304
2290
51410
51392
2195
51252
51217
51164
51165
51122
26436
51009
50952
50944
1767
50895
26227
50818
26186
50779
50727
50666
50417
990
50156
50112
50085
50077
863
793
49979
712
663
49831
470
139
153
40
12
49134
49113
49018
73579
24215
24147
48674
48657
73215
24018
84940
48038
35760
47848
47604
47466
47455
47451
22717
22633
22604
22588
22565
47123
47083
22301
46799
22139
22112
46679
46678
22051
46642
46557
46476
46363
46294
46263
46162
119565
119547
45773
82586
45717
45670
82544
45638
45623
45588
82416
45380
94055
69396
93956
69350
69230
7342
6632
6479
5790
5773
54423
41952
66058
41327
40931
65459
16125
40686
16014
89735
65074
15834
89555
89568
3484
15695
40270
40248
40247
89429
40233
15578
89344
64715
64663
89046
15228
15175
39746
88914
15155
88883
88868
88830
15061
15032
14824
113142
113130
88509
88445
2353
51510
51498
112972
112953
39174
88287
88222
112839
51339
112829
112822
39029
112792
38949
112695
88058
38818
112592
51098
112548
51047
14080
38673
87851
14072
38665
38654
14056
14054
50881
14041
13983
38574
14038
38573
13956
13928
13829
13831
13789
38382
38371
38369
13755
38348
38339
50624
13800
38335
38357
112049
13735
38328
38307
38300
38299
38261
38225
111981
38202
13629
38193
38177
38170
111948
87273
38087
38086
87216
38058
87241
38047
38039
38031
38027
37975
37973
37905
37860
37855
37829
37814
37736
37720
37711
37691
37681
37646
37506
636
86605
49685
37395
37314
37311
37275
37212
86268
86230
85973
36816
36789
36762
36720
48990
85836
36642
85798
85697
85720
36511
36443
36442
36439
36429
36440
36409
36402
36401
85574
36379
36372
36367
36356
36346
36337
36315
36298
36289
36288
23980
36266
36253
36268
36263
36260
85416
36227
36214
36173
48296
35767
35765
35743
35618
35494
47752
35463
35427
35398
35280
35258
35231
35224
35223
35209
35182
35144
35138
35111
35089
35075
35047
34988
84124
34958
34813
22508
34766
83875
34712
46984
34659
22369
22314
22155
22123
22121
22089
22097
22054
83082
119658
119629
118578
118521
7794
7747
7712
7744
19991
7661
7657
7637
7603
7617
69055
19833
7513
7511
7482
7481
7429
81222
7420
7355
80994
93301
93296
80983
93279
68641
6872
80616
6748
6687
6514
6487
6476
6463
6461
6447
6443
6320
6040
5951
5982
5941
5912
5857
5876
5822
55008
5815
5844
5732
5662
5677
54803
54585
28829
28815
41012
28499
28453
40748
28393
46825
3760
3706
28299
28289
3723
3675
28182
3561
28096
3503
28010
89408
89266
15287
27567
27474
88939
27392
88840
15049
14933
14875
14918
14905
14821
2532
14781
2463
2423
2471
2403
2370
2404
2375
113036
26903
2281
2294
2277
51445
26867
51423
51381
26796
112838
2177
2071
2070
26663
1885
26463
112524
26456
112525
50953
26364
26330
20089
19821
111904
38183
38118
50330
37988
1011
667
640
632
18961
320
296
291
6400
6383
182
201
144
125
73764
73761
73725
36778
73673
6041
48974
36685
36668
24361
24348
5777
24219
24176
5690
24139
24077
24041
23956
23945
23935
23930
23924
36212
23922
23918
23916
23911
23900
23895
23888
36166
85323
54344
35888
48099
35539
35516
47778
35415
47698
35419
35353
84535
35349
22867
22839
35101
35073
22787
35072
22781
22771
22751
22736
34968
47238
22660
34940
28767
22541
34747
22450
22396
22350
22297
120607
22293
22282
22272
22267
22244
22185
120481
22145
3697
22133
46704
22113
22095
22092
28227
22076
22043
22033
22059
28036
46387
119671
119637
119646
119596
2405
45150
26704
14304
2030
87942
38771
112547
118575
14052
7854
93889
7821
118440
38388
69134
93717
13774
81400
93685
19857
7558
19841
19831
7543
7520
19806
68967
7474
7453
7389
7357
68799
1107
1075
68650
857
886
887
722
709
37571
627
6778
43609
6713
6743
6658
18977
6670
6622
6637
6652
6635
6629
6641
80370
6620
6624
6607
466
6631
6611
18880
18851
6456
6485
80206
6427
6418
6378
6408
6373
6395
6398
80098
111
6018
5821
5834
5810
5771
48789
5753
24179
24172
24152
54861
73187
24030
54746
23985
23962
23940
54549
41975
50791
13924
20075
81563
7784
41558
7679
7668
7639
69142
7664
93709
13704
19855
7591
93604
93590
19785
19783
22831
22779
41181
22728
41123
22654
28727
40970
34797
22479
22382
80679
16112
16110
3801
83736
3778
15949
3504
438
64972
3501
424
64956
89481
89440
6374
6349
6341
64664
6299
27726
36942
52266
52271
44
27682
82986
52216
39895
82941
15315
27568
89029
88997
15218
88968
15181
88944
15149
39720
5899
27365
15043
45774
14996
14987
14945
14926
14887
2504
27097
27127
54786
14898
14798
39371
2489
2487
2497
14780
2468
54703
2441
112932
2344
2276
2251
2273
112929
2214
14477
26750
2159
2057
112731
2018
112601
69571
112598
112595
14223
26510
51072
51081
50974
13989
7851
7736
13918
7751
50760
50737
13870
13856
13843
13822
7615
7614
38346
13768
112074
13731
112031
13717
93650
38291
112085
13713
13766
38301
69003
1391
87465
19826
13723
112037
13602
68932
87337
13573
7440
87349
7386
38104
7372
1002
37879
965
37834
2446
872
846
858
93086
86915
51533
37688
821
819
758
49944
740
716
2264
728
37588
721
719
689
697
677
694
673
6864
690
49841
5749
24190
112967
2321
54582
2320
803
47864
35567
14032
14005
13976
7832
1656
13868
34974
22539
4069
987
51712
14874
14845
34779
51715
909
28553
16240
2379
2393
616
6725
22081
46603
41669
14019
159
6310
89303
46247
7834
7840
40098
13990
7813
174
7828
13962
69263
20077
7775
7601
6037
5865
38107
24198
14741
14748
2363
2328
724
735
2244
73701
3699
614
6765
112061
19799
3646
568
2074
6696
7442
3586
6679
6626
6662
6654
18917
6634
3538
81192
18923
462
6556
6474
317
6426
6425
38711
198
205
6354
7843
118422
47737
13941
23
7673
676
13740
5945
5922
5894
5867
6648
24312
15856
15059
15137
18948
5868
22213
28301
28315
15986
28288
450
86282
46327
50966
49418
28582
80808
50061
905
877
52256
52253
2315
13848
770
783
6775
623
89374
37979
83165
51607
2450
2453
51639
73835
2313
789
26901
2293
752
747
3802
699
6671
3600
3739
37465
598
7778
54641
22408
13931
772
73775
6876
113131
2443
656
646
1013
35220
39087
643
622
619
615
6752
833
14768
6667
46641
668
420
18870
3599
81135
15874
800
14040
897
6567
6347
769
