212469
212466
212465
212464
212463
212458
212455
212454
212452
212446
212430
212423
212266
212258
212253
212251
212250
212247
212245
212244
212243
212242
212235
212234
212232
212231
212227
212225
212223
212220
212217
212214
212213
212212
212211
212210
212198
212196
212195
212194
212163
212162
212161
212160
212158
212156
212131
212124
212033
212032
212030
212025
212024
212023
212020
211993
211992
211990
211989
211984
211981
211917
211915
211912
211903
211897
211895
211894
211892
211891
211886
211883
211880
211879
211876
211873
211870
211869
211868
211863
211861
211857
211856
211853
211851
211848
211841
211840
211832
211831
211826
211823
211821
211812
211802
211794
211793
211790
211789
211786
211782
211779
211778
211776
211775
211769
211767
211755
211741
211740
211724
211722
211712
211673
211651
211644
211641
211640
211636
211635
211628
211627
211622
211621
211617
211615
211610
211608
211604
211601
211600
211598
211596
211589
211587
211573
211569
211566
211565
211560
211553
211544
211542
211540
211529
211527
211518
211510
211497
211478
211464
211458
211456
211452
211451
211450
211437
211435
211430
211419
211414
211413
211405
211404
211400
211398
211396
211395
211387
211385
211384
211380
211378
211375
211373
211364
211360
211349
211345
211344
211340
211335
211330
211328
211326
211324
211322
211318
211314
211310
211302
211290
211282
211271
211267
211264
211262
211252
211239
211238
211228
211227
211225
211222
211220
211216
211209
211199
211192
211181
211175
211172
211171
211160
211158
211155
211153
211152
211144
211142
211135
211122
211121
211096
211089
211087
211086
211085
211074
211065
211062
211053
211051
211046
211045
211044
211043
211039
211038
211031
211029
211013
211004
211003
210996
210995
210993
210992
210989
210988
210987
210986
210985
210982
210980
210976
210975
210974
210970
210968
210966
210965
210961
210956
210946
210943
210938
210926
210925
210924
210920
210919
210918
210917
210916
210901
210899
210891
210884
210882
210880
210877
210876
210875
210874
210869
210868
210867
210862
210857
210855
210854
210853
210852
210848
210834
210833
210831
210712
209836
209827
209817
209816
209809
209802
209794
209777
209729
209724
209716
209706
209701
209682
209631
209630
209620
209596
209591
209582
209569
209564
209555
209533
209531
209515
209488
209445
209442
209441
209425
209303
209280
209270
209251
209238
209230
209221
209219
209210
209206
209205
209202
209187
209165
209147
209146
209133
209124
209115
209114
209107
209100
209099
209082
209073
209072
209064
209059
209056
209052
209027
209010
209009
209008
208997
208994
208989
208972
208956
208386
208385
208382
208362
208361
208352
208351
208350
208349
208340
208335
208302
208296
208291
208277
208275
208271
208263
208258
208243
208235
208233
208232
208215
208214
208213
208210
208206
208195
208185
208179
208170
208167
208161
208159
208158
208157
208152
208151
208150
208136
208125
208123
208113
208109
208084
208030
208023
208008
207996
207984
207977
207975
207958
207957
207954
207953
207945
207942
207937
207923
207922
207917
207904
207897
207894
207874
207835
207832
207831
207816
207815
207810
207782
207739
207729
207720
207698
207684
207683
207664
207599
207557
207556
207499
207498
207497
207493
207468
207461
207457
207397
207380
207362
207359
207357
207349
207333
207321
207302
207298
207297
207296
207292
207275
207265
207251
207246
207219
207186
207181
207146
207142
207141
207123
207090
207084
207081
207079
207068
207044
207037
207036
206992
206985
206976
206934
206925
206897
206889
206887
206833
206831
206818
206801
206766
206756
206754
206745
206744
206732
206682
206681
206638
206636
206606
206603
206520
206473
206460
206458
206446
206379
206354
206345
206332
206329
206312
206307
206299
206297
206293
206282
206272
206261
206226
206225
206219
206207
206203
206185
206172
206165
206158
206146
206142
206136
206060
206053
206051
206043
206027
206021
206018
206009
205959
205956
205954
205937
205928
205916
205896
205883
205877
205876
205872
205865
205844
205828
205821
205820
205816
205814
205802
205800
205798
205790
205779
205748
205723
205716
205652
205636
205621
205612
205602
205581
205560
205549
205545
205519
205495
205463
205447
205435
205413
205373
205314
205307
205304
205274
205243
205241
205219
205202
205180
205168
205163
205160
205151
205137
205128
205123
205113
205112
205103
205094
205074
205070
205053
205039
205037
205034
205023
205007
204992
204970
204950
204948
204935
204933
204931
204906
204905
204894
204886
204878
204874
204833
204830
204820
204814
204810
204799
204778
204715
204666
204659
204657
204656
204653
204645
204636
204626
204622
204607
204597
204595
204588
204586
204577
204567
204558
204550
204546
204540
204517
204515
204511
204509
204506
204504
204501
204498
204494
204490
204489
204479
204478
204471
204452
204449
204448
204445
204439
204433
204424
204419
204392
204391
204387
204375
204374
204366
204365
204351
204349
204340
204336
204318
204314
204313
204309
204282
204257
204245
204244
204243
204214
204212
204202
204192
204189
204179
204176
204175
204174
204173
204171
204166
204153
204138
204127
204117
204114
204105
204104
204103
204098
204096
204089
204088
204072
204070
204063
204057
204050
204049
204043
204034
204019
203975
203970
203917
203908
203907
203906
203876
203847
203836
203832
203830
203818
203794
203765
203763
203743
203735
203722
203718
203600
203428
203367
203344
203200
203191
203187
203120
203009
202917
202904
202841
201826
201742
201733
201524
201517
201507
201498
201497
201482
201477
201469
201468
201465
201277
199681
199056
199050
199046
199035
198992
198991
198975
198974
198970
198968
198963
198951
198946
198838
198830
198798
198451
198436
198424
198401
198334
198223
198209
198182
198165
198156
198139
197902
197884
197102
197061
197056
197040
196994
196990
196958
196944
196931
196901
196874
196821
196710
196644
196638
196180
196177
196168
196161
196144
196121
196111
196101
196093
196085
196037
196031
196025
196013
195990
195986
195964
195959
195943
195934
195933
195915
195896
195887
195874
195869
195857
195855
195844
195830
195823
195801
195786
195777
195775
195755
195754
195738
195731
195714
195713
195704
195703
195702
195701
195699
195694
195690
195687
195682
195647
195636
195627
195624
195619
195618
195608
195606
195602
195585
195581
195580
195575
195567
195559
195557
195541
195540
195538
195534
195532
195526
195524
195521
195516
195512
195506
195505
195503
195497
195496
195493
195490
195489
195487
195486
195484
195483
195482
195476
195475
195464
195453
195451
195447
195446
195433
195424
195423
195422
195420
195414
195412
195401
195397
195394
195384
195383
195377
195371
195365
195362
195339
195317
195315
195308
195285
195283
195279
195276
195272
195264
195263
195261
195259
195257
195247
195243
195239
195225
195215
195206
195196
195186
195176
195168
195166
195160
195151
195150
195149
195146
195145
195110
195106
195090
195087
195082
195066
195063
195061
195023
195013
194993
194992
194985
194965
194964
194959
194934
194922
194909
194908
194904
194900
194896
194877
194875
194874
194870
194869
194866
194853
194851
194840
194837
194832
194831
194813
194799
194790
194787
194778
194772
194761
194754
194750
194745
194713
194700
194697
194694
194689
194670
194661
194656
194650
194612
194609
194600
194595
194594
194588
194561
194560
194547
194538
194502
194470
194463
194446
194389
194383
194365
194349
194328
194311
194302
194301
194289
194266
194265
194245
194239
194226
194203
194201
194193
194191
194167
194152
194146
194137
194127
194107
194082
194077
194075
194073
194063
194042
194025
194019
194001
193993
193992
193988
193983
193980
193979
193973
193972
193952
193923
193918
193911
193897
193896
193871
193856
193853
193802
193794
193789
193778
193767
193733
193732
193719
193715
193713
193707
193705
193703
193701
193690
193668
193647
193616
193602
193568
193560
193556
193553
193537
193535
193518
193516
193511
193498
193495
193477
193467
193461
193453
193451
193428
193426
193424
193389
193388
193374
193366
193354
193352
193324
193296
193279
193272
193269
193267
193239
193238
193219
193213
193206
193196
193175
193173
193142
193136
193121
193118
193087
193070
193069
193057
193053
193039
193036
193020
193014
193012
193001
192978
192977
192957
192933
192914
192907
192906
192904
192863
192862
192857
192851
192847
192807
192789
192780
192745
192744
192713
192712
192699
192698
192691
192688
192687
192676
192673
192654
192653
192568
192563
192543
192530
192528
192514
192512
192505
192501
192494
192465
192461
192458
192453
192423
192421
192398
192383
192381
192377
192372
192371
192340
192338
192319
192303
192292
192289
192267
192255
192247
192246
192244
192219
192218
192215
192201
192169
192161
192134
192132
191637
190795
190589
190586
190580
190579
190578
190567
190542
190535
190525
190524
190523
190507
190503
190502
190496
190464
190450
190433
190399
190398
190367
190356
190346
190335
190332
190323
190231
190201
190181
190161
190158
190114
190097
190067
190062
190053
190047
190045
190020
190010
190009
189976
189941
189940
189936
189932
189920
189871
189854
189823
189818
189802
189758
189756
189747
189739
189722
189719
189666
189664
189663
189638
189594
189552
189501
189494
189491
189402
189400
189399
189398
189375
189093
189092
189074
189066
188993
188819
188315
188257
188241
188240
188229
188228
188182
187960
187931
187914
187652
187651
187646
187645
187642
187633
187619
187617
187594
187589
187563
187562
187465
187453
187428
187419
187418
187416
187388
187328
187277
187276
187213
183922
183920
183919
183537
183534
183531
183529
183525
183524
183515
183512
183500
183498
183494
183490
183483
183481
183479
183478
183476
183473
183472
183468
183462
183460
183454
183449
183446
183427
183423
183418
183415
183410
183409
183406
183381
183380
183360
183359
183358
183357
183356
183344
183341
183340
183332
183324
183316
183314
183312
183299
183277
183271
183269
183263
183257
183256
183253
183225
183223
183218
183207
183206
183204
183171
183128
183126
183124
183101
183099
183094
183057
183051
183049
183047
183040
183004
182977
182960
182944
182935
182915
182914
182884
182869
182859
182838
182829
182822
182775
182747
182724
182723
182715
182713
182676
182674
182673
182672
182670
182669
182662
182661
182659
182653
182652
182642
182634
182633
182630
182627
182619
182616
182612
182606
182595
182594
182579
182575
182558
182497
182392
182363
182349
182286
182285
182278
180765
170715
170700
170683
170638
170625
170618
170610
170606
170586
170579
170573
170558
170555
170544
170537
170497
170495
170364
170354
170274
170262
170255
170237
170229
170226
170216
170208
170203
170194
170191
170183
170173
170168
170164
170158
170149
170146
170073
170071
169985
169951
169948
169940
169922
169900
169889
169885
169817
169786
169782
169773
169771
169764
169760
169756
169717
169712
169668
169659
169645
169637
169613
169612
169593
169592
169555
169544
169538
169523
169516
169506
169479
169474
169468
169459
169458
169449
169426
169370
169369
169358
169334
169328
169327
169323
169309
169272
169259
169246
169237
169231
169215
169181
169121
169108
169106
169095
169077
169075
169065
169045
169038
169028
169024
169016
168993
168990
168980
168973
168952
168949
168943
168934
168931
168911
168895
168891
168887
168886
168884
168877
168808
168806
168786
168785
168771
168740
168697
168694
163275
163236
163212
163211
163188
163180
163179
163171
163166
163163
163154
163147
163140
163137
163133
163131
163130
163122
163096
163090
163085
163071
163063
163056
163048
163031
163018
163007
162997
162972
162909
162865
162861
162719
161405
161403
161399
161394
161390
161384
170717
170634
170588
170546
170513
170508
170498
170490
170462
170459
170410
170392
170345
170325
170307
170297
170260
170196
170139
170062
170026
170008
169914
169865
169859
169826
169751
169683
169671
169655
169570
169493
169427
169385
169376
169361
169320
169162
169149
169093
169069
169060
169008
168958
168950
168914
168847
168811
168807
168699
168683
168682
168634
168627
168610
168607
168601
168597
168585
168580
168578
168559
168552
168546
168539
168533
168523
168506
168505
168497
168496
168474
168426
168421
168415
168411
168409
168391
168356
168343
168323
168304
168292
168279
168270
168246
168232
168205
168201
168179
168144
168129
168114
168108
168105
168088
168086
168078
168047
168026
168025
168024
168022
168020
168015
168010
168001
167993
167989
167987
167983
167981
167977
167974
167970
167966
167964
167955
167945
167934
167932
167927
167925
167918
167915
167913
167908
167906
167902
167901
167900
167894
167889
167887
167885
167883
167879
167870
167868
167864
167848
167840
167775
167773
167752
167707
167703
167686
167671
167658
167642
167640
167630
167590
167587
167583
167561
167534
167530
167526
167520
167512
167505
167498
167474
167469
167462
167444
167414
167407
167403
167393
167391
167389
167379
167375
167373
167372
167310
167275
167216
167213
167203
167185
167181
167150
167132
167122
167086
167062
167060
167055
167046
167006
167003
166982
166979
166963
166958
166952
166946
166931
166926
166923
117756
166863
166808
166800
166793
166792
166786
166783
166770
166765
166753
166750
166740
166730
166714
166707
166700
166695
166689
166685
166679
166673
166668
166660
166642
165930
116769
165925
165903
116746
165896
116738
116736
165883
116723
116719
116715
165869
165851
165844
116687
116679
116676
165828
116654
165808
116651
116647
165802
116641
116640
165796
116638
116637
116635
116634
116627
116626
165781
116611
165766
116607
116603
165752
116584
165738
116579
116577
116576
116575
116571
116570
116567
116565
116564
116560
116559
165715
165714
116556
116555
116554
165700
116546
116543
116545
116533
116530
116526
116525
116521
165674
116513
165656
116499
116498
116496
116494
116488
116486
165642
116485
116483
116482
116479
116478
116477
116474
116473
165629
116472
116471
116470
165622
116463
116462
116461
116460
116459
116457
116456
165611
116454
116452
116451
116449
116448
116446
116445
116443
165599
116439
116433
116432
116431
116430
116429
165584
116427
116425
116424
165579
116421
116419
116416
116415
116412
116411
116410
116408
116406
165560
116403
116394
165550
116395
116392
116389
116382
116380
116378
116377
116372
116369
116366
116364
116363
116354
116353
116348
116346
116345
116342
116344
116341
116340
116339
116336
116335
116333
116332
116331
116330
116327
116326
116325
116323
116322
116317
116316
116314
116309
116305
116304
116303
116300
116291
116290
165439
116267
116266
116265
116264
116263
116261
116260
116259
116257
165411
116250
116249
116248
116244
116243
116242
116240
116233
116229
116227
116223
116222
116220
116219
116217
116212
116204
116188
116187
116179
116176
116171
116170
116159
116139
116138
116129
116121
116118
116113
116108
116093
116092
116082
116077
116075
116062
116060
116059
116058
116055
116054
116052
116050
116045
116044
116043
116041
116039
116036
116034
116032
116031
116028
116022
116004
115992
165127
115960
115958
115953
115949
165104
115946
115942
115940
115928
115923
115917
115915
115913
115914
115906
115905
115903
115900
115885
115880
115873
115871
115870
115868
115864
115863
115862
115858
115853
115842
115840
115838
115836
115832
115831
115827
115823
115811
115810
115800
115799
115790
164944
115782
115780
115779
115771
115770
115769
115762
115760
115757
164912
115755
115748
115743
115741
115740
115739
115737
115735
115721
115718
115716
115711
115707
115704
115700
115699
115696
115692
115691
115690
115688
115685
115680
115679
115676
115674
115660
115633
115628
115617
115615
115616
115613
115611
115609
115608
115604
115599
115595
115578
115577
115576
115571
115569
115563
115562
115553
115550
115549
115544
115531
115515
115507
115490
115487
115481
115471
115467
115464
115455
115450
115444
115410
115409
115392
115377
115375
115368
115343
115339
115336
115330
115328
115323
115319
115317
115311
115308
115306
115304
115302
115298
115296
115295
115290
115292
115287
115284
115283
115281
115282
115279
115276
115273
115272
115271
115270
115269
115267
115258
115252
115251
115249
115247
115244
115243
115239
115237
115235
115236
115230
115228
115225
115218
115212
115211
115210
115209
115201
115198
115195
115193
115190
115191
164343
115187
115184
115183
115182
115179
115178
115172
164328
115171
115164
115158
164314
115157
164312
164308
115150
115149
164304
115147
164300
164299
115140
164296
115139
115138
115137
115134
115131
164287
115127
115120
115108
115106
115105
164260
115103
164254
115097
164252
115093
164249
115092
164248
115091
115089
115085
115082
115077
115074
164225
115067
115060
115059
164215
115058
115057
115049
115048
115042
115032
115031
115027
115026
115023
115021
115017
115016
115010
115009
164165
115007
115004
115002
115001
114999
164154
114994
114992
164148
164143
114985
164139
114982
114978
114976
114965
114960
114954
114951
114947
114743
114742
163693
112490
112468
112456
112448
112416
112345
112328
112306
112301
112290
161417
112260
112219
112182
112179
112177
112173
112156
112147
112143
112142
112141
112140
112138
112129
112118
112117
112111
112109
112107
112105
112092
112064
112060
112058
112047
112037
112033
112030
112025
112014
111987
111952
111942
111937
111934
111931
111929
111927
111914
111912
111909
111907
111904
111898
111894
111891
111882
111880
111871
111868
111852
111844
111830
111828
111825
111819
111817
111811
111808
111805
111799
111795
111793
111792
111783
111780
111768
111767
111766
111765
111762
111761
111757
111756
111755
111748
111745
111742
111738
111737
111736
111734
111729
111723
111722
111719
111716
111708
111707
111706
111703
111699
111698
111697
111693
111686
111681
111675
111655
111654
111653
111651
111650
111633
111631
111629
111628
111622
111617
111612
111605
111599
111589
111573
111555
111552
111547
111545
111533
111532
111531
111520
111501
209760
111443
111406
111392
111385
209691
209686
111369
209681
209675
111358
209672
111348
111338
111332
111324
209632
111310
111297
209610
111284
209600
111283
111269
111259
209535
111212
209507
111161
111153
111132
209428
111107
111073
111072
111061
111057
111030
209335
111018
110981
209281
110961
209277
110950
110945
209252
110923
209237
110911
110876
110874
110871
110849
110823
110813
209104
110787
110773
110757
110689
110671
110664
110612
110606
110579
110578
110544
110473
110456
110450
110413
110387
110385
110384
110318
110290
110288
110287
110285
110284
110283
110280
110279
110275
110255
110253
110245
110242
110217
110215
110209
110202
110198
110196
110184
110177
110175
110171
110166
110161
110158
110157
110145
110134
110127
110111
110107
110106
110098
110093
110081
110078
208381
208377
110060
110050
208359
110042
110038
110015
110010
110003
110001
109998
109973
109969
109966
109943
109938
208247
109930
109925
109922
109917
109895
109852
109848
109820
109815
109775
109771
109764
109758
109741
109729
109727
109725
109711
109709
109703
109701
109694
109688
207995
109678
109674
109673
109671
207983
109666
109663
207976
109659
109657
109650
109633
207951
109631
109630
109621
109612
109609
207924
109607
109602
109597
109591
109589
109586
109583
109579
109570
109565
109554
109550
109548
109534
207828
109511
109491
109483
109476
109470
109464
109440
109439
109427
109417
109413
109411
109404
109401
109400
109398
109394
109390
109379
109375
109372
109364
109357
109356
207670
109353
109351
109344
109336
109323
109306
109299
109289
109285
109284
109279
109275
109274
109273
109268
109259
109246
207558
109238
109219
109218
109213
109174
109157
109147
109139
109122
109117
109116
109104
109103
109102
207417
109100
109091
109083
109081
109065
207378
109061
109053
109025
109022
109011
108976
108969
108922
108921
108911
108907
108906
108905
108900
108899
108897
207209
108892
108890
108887
108886
108881
108878
108876
108875
108874
108850
108847
108838
108837
108836
108835
108821
108818
108817
207133
108816
108815
108814
108813
108812
108801
108800
108799
108798
108797
108796
108787
108776
108774
108757
108753
108748
108747
207063
108746
108745
108743
207059
108742
108741
108737
207051
108734
108733
108731
108726
108725
108724
108723
108718
108717
108714
108713
108711
207024
108707
108706
207021
108704
108695
207002
108685
108684
206978
108661
108656
108654
206968
108651
108647
108646
108635
108634
206946
108629
108627
108624
108622
206916
206911
206884
206845
206791
206700
206678
206677
206670
206612
206592
206581
206575
206544
108210
206514
206502
108183
108180
108177
206490
108173
108170
108167
108168
108165
108164
206480
108160
108149
108123
108114
206429
108112
206421
108104
108103
108094
108093
108089
108088
108085
108078
108068
108060
108047
108043
108039
206355
108038
206339
108022
108021
108020
108019
108018
108016
108010
108009
108008
108003
108002
108001
108000
107997
107996
107986
107983
107974
107969
206283
107966
107962
107954
107949
107948
107947
206257
107940
107937
107927
107918
107912
107905
107903
206216
107899
107898
107893
107889
107885
107879
107847
206160
107843
107830
107822
107806
107797
107796
206099
107782
107761
107746
107733
107732
107730
206046
107729
107728
107725
107724
107721
107707
107703
107702
107689
107686
107684
107667
107649
107609
107606
107605
107586
205894
107577
107575
107570
107564
107563
107554
107551
107550
107530
107513
107508
107491
107482
107476
107463
107453
107452
107451
107435
107430
205745
107428
205744
107427
107423
107419
107414
107413
107410
107393
107392
107391
107390
107389
107388
107387
107385
107371
107366
205679
107362
107356
107350
107349
107346
107337
107332
107329
107328
107326
205634
107317
107314
107308
107300
107280
107276
107272
107260
107259
107257
107251
107250
107249
107247
107238
107222
107218
107216
107208
107203
107199
107197
107196
205512
107195
107193
107192
107190
107185
107182
107181
107179
107176
107173
107170
205484
107167
107158
107140
107138
107133
107132
107127
107125
107123
107110
107109
107107
107101
107097
107093
107090
107083
107082
107078
107073
107071
107070
107066
107060
107059
107051
107050
107038
107037
107033
107032
107030
107025
107023
107015
107012
107011
107005
107004
106998
106989
106983
106981
106978
106977
106976
106963
106958
106953
106904
106852
106825
106824
106822
106818
205126
106809
106805
106747
106730
106700
106699
106697
106681
106606
106603
106598
204899
106582
106453
106448
106432
106421
106409
106393
106354
106352
106347
204565
204557
106240
106027
106002
105994
105991
105969
105967
204264
204262
204251
204248
204229
105912
204223
204221
105896
204185
105868
105863
105861
105833
204082
105765
105722
105689
203991
105674
203971
105654
105643
105640
105629
105581
105574
105569
105565
105563
105553
105549
105526
105525
203815
105490
203793
203790
203786
203773
203772
203646
105329
105326
203599
203596
203589
105267
203526
105182
203473
203449
203441
203429
203422
203420
203416
105099
105098
203414
203411
203383
203369
203334
203263
104938
203238
203227
203175
203135
203132
203103
203074
203067
203045
104726
203041
203026
203001
202924
104565
202683
202666
202663
202633
202627
201863
201829
195774
195671
195670
195667
195666
195665
195659
195645
195644
194613
192181
165884
165610
116453
116440
116426
115948
115789
115534
115495
115348
189072
115061
164194
115037
115005
110273
183457
109349
108223
108220
108014
107961
107931
107189
107022
106973
105584
111200
111120
209446
111129
111051
111029
209320
209023
110706
110669
110421
110391
110278
110289
110234
110228
110238
110027
109927
109685
109138
108916
108901
108865
108868
108839
108744
108689
108158
206396
107999
107747
107658
107234
107100
205310
106993
106980
105907
105524
203675
105291
203460
105107
104986
104989
203327
104572
201604
201315
199018
198965
198391
198318
198248
198171
196802
196675
196674
196655
196641
170318
170200
167018
166961
166831
166597
115829
115825
115767
115820
115814
115747
115731
115717
115546
115543
115533
115532
115525
115512
212119
212122
162982
211878
113614
113428
113389
113361
113352
113266
113199
113138
113114
211428
113075
113073
113062
211377
211371
211370
113053
211313
211367
113050
113045
113039
211350
113033
211293
211338
211336
113019
113004
211316
112930
211288
112956
211217
112932
112929
112913
112912
112846
112845
211202
112885
112879
112876
211136
112819
211190
112873
112798
112774
211088
112771
112756
112741
211002
112737
112733
112724
112718
112716
211032
112715
112713
211027
112710
211022
112702
210964
112700
211016
112699
211011
112694
112681
112674
210927
210911
210910
112568
210860
112543
112523
112519
112511
112503
112368
112144
112137
112131
112050
111807
111806
111802
111790
111779
111772
111769
111726
111688
111677
111656
111595
111574
111525
111481
111423
111271
111215
209181
110864
110859
110832
110656
110652
110618
110577
110528
110389
110320
110291
110286
110270
110254
110251
110247
110232
110229
110203
110185
110162
110159
110054
110028
208282
208268
109951
109888
109884
109769
109817
109816
109814
109811
109737
109721
109714
109664
207817
109535
109522
207779
109488
109447
109431
109428
109420
109388
109383
109308
109329
109286
109245
109233
109119
109135
109134
108996
108978
108977
108909
108888
108873
108860
108842
194802
108789
108784
108736
207027
108710
108709
108702
207008
108691
206933
206699
206624
206566
206563
108182
206498
108181
108172
108166
108152
108102
108100
206416
108099
108097
108091
108090
108080
108075
108070
107956
107950
107933
107824
107751
107670
107653
107640
107612
107553
107436
107424
107422
107420
107405
107396
107384
107365
107361
107359
107306
107303
107297
107175
107162
107122
107095
107094
107075
205381
107064
107061
107054
107047
107017
107013
107002
106996
106995
106994
106991
106985
106974
106702
106604
106594
204815
106498
106433
204573
106256
204590
106026
106003
167368
105970
105819
204000
105660
105641
105578
105583
105482
203792
105442
203657
203563
105213
203507
203301
203091
203033
202960
115846
115837
115765
201747
115586
115579
115506
211758
113437
211426
113109
113077
113069
112970
112106
111977
111842
111797
111657
195668
109624
109418
165718
116561
115752
162987
211796
211658
113036
211213
211215
211205
112888
112403
112211
112168
112130
112016
112007
111887
111823
111831
111728
111646
209541
111239
110947
115899
207997
109675
109689
115567
109396
106564
106559
106563
204859
106542
106484
106550
106544
106478
106533
204790
106469
106512
106454
204769
106452
204772
106447
106450
106446
106449
106500
204761
204745
204760
204757
204751
106410
204736
204735
204731
204712
204709
204708
204720
204711
204682
204230
105762
105729
204004
203996
105727
203720
105443
105361
105317
203623
105356
203605
203603
203630
105313
203638
203637
203577
203561
105224
203504
105157
203445
203431
203419
203393
203387
105122
203345
111213
203336
203333
209536
203322
203321
203308
203342
203299
104982
203271
203282
104961
104955
104952
203248
203246
203250
203296
104916
104917
203206
203220
203212
203195
203190
203186
203178
203225
203163
104829
203141
203197
104821
203137
203169
203171
203105
203090
203157
203079
104768
110975
104763
110956
203121
203118
203037
104723
203028
203022
110884
202888
202874
202861
104482
202853
104533
196695
104470
202784
104457
202760
104508
202769
104441
165924
104416
202742
104421
104418
116749
116745
165901
202727
202717
202716
202715
202712
165874
116717
116716
116711
202697
202688
202661
202668
202659
165789
116632
116601
165731
116574
116568
116550
116547
116541
165692
116535
116534
116524
116510
116509
165660
116503
116497
116493
116492
116489
116487
165641
202450
165633
202456
116466
202453
116464
202445
202426
165612
116455
116444
202428
116436
116435
202420
165591
116434
116428
202401
202397
116420
116362
202392
116417
202390
202404
116413
202399
116423
116368
110226
202377
116400
116399
116409
116351
202365
116388
116387
116386
110261
165541
116384
165552
116337
165548
116375
116374
202361
116371
202354
202353
116379
116355
202343
116352
202340
116349
202322
116347
202334
116360
116301
202332
202320
116334
202316
202311
116338
116320
202302
116311
202275
202287
110163
110178
202288
202284
202267
165452
110169
110165
202265
202266
202262
202251
202232
202248
202244
116256
116255
110131
116246
202230
116239
116238
208376
116230
202200
116245
202218
202211
202213
202194
110094
116218
116216
116215
116213
116225
116224
202193
116207
202192
208336
202182
202180
116186
116184
202172
202152
110051
202160
202146
202140
202155
208301
202149
202139
202134
202137
116127
202115
202113
202096
202110
202109
202105
202108
202107
208254
202101
116066
116103
202074
202088
202084
202071
202085
202078
202077
116088
202051
202052
202063
202059
202049
202035
202015
202029
202028
116037
116035
202019
202046
116021
202009
116020
201989
202007
202001
201998
116026
201994
201973
116002
201987
201980
109864
201975
201971
201952
201955
165137
201962
201954
201946
115957
115956
109829
201941
115952
115951
115950
208085
201933
201929
115936
115935
201922
115933
201903
201914
115939
115921
115919
201907
115907
201915
201886
115897
201884
115893
115892
201875
115866
115861
115860
115856
115768
115784
115726
115746
201675
115672
115667
115658
201631
115644
201632
201616
201630
115654
201625
115626
115625
201607
201605
115598
115590
115588
115614
115583
115581
109359
109281
115453
201419
115437
115433
115430
115387
115402
201382
201363
201378
201375
201357
201372
115380
115337
115394
201362
201361
115386
201359
201358
201353
201350
115360
115314
201345
115354
201325
201338
201337
115346
201333
201331
201327
201321
201320
201317
201301
201313
201312
201311
201309
115334
201307
201306
201298
201296
201295
201279
201294
201278
201290
201276
115299
115313
201272
201271
201269
201267
201264
201263
201254
201252
201249
201248
201258
201230
201243
109127
109072
115250
115248
115262
201232
201229
201226
201221
115232
201217
201216
201214
115240
201196
115215
115242
201202
115169
201200
201225
201210
115165
201191
201189
201183
115194
201178
201175
201173
115141
201170
164334
164332
115189
201162
201145
115129
201157
201155
201152
164320
115163
201151
164318
115161
201133
201148
201146
115154
201134
201125
115162
201150
164292
201108
201120
201098
115121
108997
201091
164274
115117
201105
115116
201102
201099
201096
201094
201088
201086
108966
201077
201074
115084
115081
201067
201065
164233
115076
201049
201062
201060
201059
201053
201052
201051
115075
201045
201029
201044
201043
115040
201021
114989
201020
115029
201014
115036
114996
201011
201002
201000
200998
200996
200993
200991
115015
115013
164153
200984
108862
207124
114984
114983
164138
164137
114966
200946
200937
114944
114940
114939
164092
114935
114933
114931
114930
114872
114875
114928
114927
108803
114921
114920
114861
108793
207055
164073
114915
164013
114911
114855
114905
114899
114898
114896
114894
114893
114891
114888
114887
114885
108761
200869
108759
114882
114880
114878
114877
114876
114874
114873
114871
200856
114868
163965
114808
114811
114865
114862
114860
114858
108732
114796
114853
114795
114851
114850
114790
114793
164003
114846
114845
114843
114785
114788
114842
163998
114840
164021
163994
114836
200809
200810
114820
114819
114818
114763
163974
114815
114757
114813
114755
163967
114809
200778
114802
114800
163955
114797
200779
114792
200772
114784
114783
163939
114780
114779
163935
163934
114777
163933
114715
114718
114772
114770
163926
114769
114768
200740
163923
114756
114701
114754
200739
114751
114747
206940
108623
114746
114744
200729
114741
200710
114737
163891
200707
170010
114732
114730
200698
114727
200711
114723
114720
114719
200705
114713
114712
163868
114711
200699
163863
114706
114699
163851
206832
114693
114691
114681
114625
163833
114675
163829
114670
114668
114663
200648
200646
114659
114658
163813
114656
200639
114653
200635
163806
163805
114647
163828
114641
114640
114632
163788
169873
206817
200609
163774
114616
163772
114611
114607
200590
200589
163757
114600
163755
114593
163745
163739
114581
163735
114577
163728
163726
114569
114564
114509
163719
114562
163716
163715
114555
200538
114548
163701
114537
114549
114531
114530
163686
200504
163669
114508
200473
163655
114497
200481
114494
163647
200478
200463
200447
114475
200457
200442
163625
114463
200433
163613
200444
114454
163609
200437
200432
114445
200431
114440
163589
114429
200398
163583
114426
200414
114422
200388
200399
200383
200397
200381
200395
200382
163561
163559
212716
114399
212712
200368
200380
114394
200373
212704
212702
212701
114384
212700
212691
114370
200343
212686
114369
212683
212680
114362
212678
114361
212677
212676
212674
212669
114347
212663
212662
114344
108219
163499
212659
114342
108218
200324
212652
200320
200323
212651
212647
212646
206467
163485
212645
163425
212585
212588
114325
212641
212640
212639
212638
188016
212637
212634
212575
212578
114261
200304
212632
212631
212630
212571
212574
212627
114310
212623
114306
212621
212620
212561
212564
212617
163456
212615
212614
212613
114293
212606
114289
200277
200276
212604
212602
200256
200271
212599
200270
212598
212597
212596
114279
212595
212594
212593
200249
212592
200248
212591
212590
212589
212587
200258
212586
200257
212584
114267
163423
212583
212582
212581
200252
212580
206456
108139
212579
212521
163360
212523
212577
163416
212576
114259
163414
212573
200244
212569
200240
212568
212566
212565
200220
212562
212559
212558
114241
212557
187933
212553
114236
200224
163392
212552
212563
200234
212550
212549
114228
212542
200212
114222
114220
200206
212533
114216
163371
212531
200187
200202
212530
163369
212529
212528
212527
163366
114209
212551
200222
212525
212522
114205
200214
200169
114195
114185
114184
163340
212428
212431
200157
200139
200138
212422
200127
212470
200141
163302
212462
212461
200132
203203
212459
212457
212453
212451
114134
114132
163264
114090
212405
163271
163266
212426
200111
163181
163191
163190
163155
113985
209272
113959
114011
209244
110927
163146
212246
113929
212249
163141
212261
113979
163076
212236
212237
113972
212228
113911
212222
212215
212218
163107
113950
212265
212209
212262
113945
212207
212206
212202
212205
212259
212204
163040
212200
212203
212197
212255
113938
163037
212248
212263
163045
212208
113858
196823
163039
212199
212229
113912
212241
212201
202970
212226
212164
212221
212159
212134
113817
113829
113813
212123
113806
212126
113836
202895
212125
212152
113792
113795
212138
212137
113776
202807
199748
113687
199761
199754
199753
110646
212028
212016
113699
212013
199680
199678
113684
199671
199670
211997
211996
113679
199666
211991
199659
199657
113608
162806
199665
113644
113643
211871
113604
113602
211916
211887
113555
211805
211845
113528
115053
211834
211827
113510
211822
211766
211818
113487
115019
211772
113439
105767
211734
113413
211725
211720
114932
211711
113387
113385
211700
113374
108786
211625
113308
113358
113355
211660
107215
113332
113345
113329
113315
162459
211619
113216
205466
107149
211585
107142
107141
211559
211557
211555
211552
170038
211526
211525
211515
113187
113186
113176
113170
113164
113163
114692
211461
202919
110725
196742
212121
113025
116033
201285
114867
201629
211642
113325
201623
204695
112556
204693
114074
115610
113289
211612
113295
115591
115589
107147
115580
113269
114037
212556
110776
163012
113735
211666
202794
201205
212696
212139
104558
104564
162944
113398
113372
108785
114908
114389
113202
211460
113143
212224
163047
202818
209738
203642
196702
203641
115278
212709
114378
212694
166587
113782
196691
212468
164054
114897
114883
111804
113347
202045
211657
112977
211656
113339
200135
211653
113342
200117
107163
162845
163052
113151
113127
115432
113314
212193
111565
113125
211614
212192
211609
202920
212570
163407
212567
212560
202910
196762
212572
212543
212547
201364
211777
162988
111540
197881
212532
162976
196719
111494
212120
212118
112284
113798
162957
110713
114557
113785
211347
113030
162925
113381
163317
211668
113350
211705
113749
