3
6
10
17
18
19
20
21
24
26
29
31
32
33
34
40
43
47
54
57
59
61
63
67
70
71
76
80
85
86
88
89
90
91
92
93
96
97
99
100
101
102
107
108
115
117
118
119
127
129
137
143
144
149
157
163
165
178
179
180
185
188
189
192
197
201
204
206
210
213
214
215
217
220
222
223
225
227
228
229
230
231
232
234
238
239
240
241
243
244
245
246
249
251
254
255
256
257
259
260
261
263
266
268
271
274
276
277
278
279
280
282
283
288
290
296
297
298
300
301
304
307
308
309
313
314
316
317
318
319
320
321
327
329
333
335
339
340
342
346
352
358
359
360
368
375
378
389
401
407
409
414
419
427
448
454
467
492
497
518
522
523
535
536
537
538
540
541
559
561
571
579
586
592
593
597
614
617
627
632
636
637
644
646
652
663
668
675
679
680
681
686
692
701
702
704
713
726
728
729
735
736
738
741
747
770
773
792
798
809
831
833
851
854
858
861
864
869
874
880
888
902
931
935
937
938
952
953
954
957
960
962
977
978
980
984
988
993
997
1002
1013
1021
1025
1035
1042
1045
1046
1048
1055
1061
1079
1094
1105
1109
1113
1116
1124
1125
1140
1146
1150
1155
1159
1164
1168
1176
1181
1184
1185
1187
1192
1199
1220
1231
1239
1244
1255
1264
1277
1279
1281
1286
1287
1299
1308
1317
1327
1340
1347
1350
1352
1353
1356
1361
1365
1370
1377
1383
1390
1391
1397
1400
1404
1407
1423
1459
1470
1481
1487
1491
1493
1508
1516
1519
1520
1529
1531
1544
1547
1549
1565
1568
1569
1581
1584
1588
1590
1596
1600
1602
1606
1607
1612
1622
1626
1632
1635
1641
1646
1650
1652
1654
1657
1659
1664
1668
1672
1683
1685
1688
1693
1712
1714
1717
1727
1757
1761
1772
1775
1781
1782
1785
1786
1791
1809
1810
1812
1814
1815
1817
1822
1829
1839
1843
1845
1846
1886
1888
1889
1891
1900
1904
1906
1907
1908
1914
1915
1918
1919
1921
1926
1927
1928
1931
1932
1934
1935
1936
1937
1939
1941
1944
1946
1947
1949
1958
1961
1964
1966
1971
1974
1976
1983
1987
1996
2000
2005
2006
2012
2014
2019
2020
2024
2027
2030
2032
2035
2036
2038
2045
2049
2052
2054
2061
2064
2068
2073
2075
2096
2098
2099
2102
2103
2104
2108
2110
2113
2115
2117
2120
2124
2129
2135
2136
2137
2138
2139
2141
2142
2144
2152
2158
2164
2167
2168
2171
2173
2177
2178
2183
2187
2188
2192
2195
2199
2210
2212
2214
2215
2216
2220
2222
2224
2231
2233
2234
2235
2237
2241
2244
2256
2258
2260
2266
2267
2279
2284
2285
2286
2289
2291
2292
2295
2297
2300
2301
2303
2304
2307
2308
2311
2313
2318
2320
2321
2328
2330
2331
2333
2335
2337
2338
2341
2342
2344
2345
2347
2352
2354
2355
2356
2357
2359
2360
2361
2370
2372
2377
2384
2385
2394
2395
2404
2405
2408
2410
2414
2416
2420
2422
2430
2434
2438
2439
2442
2443
2444
2449
2453
2454
2460
2465
2469
2475
2480
2482
2483
2487
2489
2496
2497
2498
2500
2502
2503
2504
2507
2509
2510
2513
2516
2520
2521
2522
2524
2525
2532
2533
2536
2537
2538
2539
2542
2546
2547
2548
2549
2553
2559
2562
2564
2567
2570
2572
2575
2578
2582
2586
2588
2590
2591
2593
2600
2606
2607
2608
2612
2613
2615
2627
2633
2636
2637
2638
2640
2643
2645
2646
2659
2660
2661
2662
2672
2674
2675
2676
2683
2687
2691
2696
2697
2702
2707
2708
2715
2716
2717
2720
2726
2745
2754
2755
2767
2773
2776
2777
2784
2790
2792
2797
2804
2818
2819
2820
2824
2828
2834
2837
2841
2848
2849
2853
2854
2867
2869
2875
2880
2882
2884
2887
2889
2891
2896
2899
2900
2901
2904
2905
2906
2911
2923
2928
2936
2939
2941
2942
2955
2957
2973
2976
2981
2994
3003
3008
3012
3021
3027
3030
3036
3041
3043
3046
3047
3056
3064
3066
3074
3075
3085
3089
3099
3103
3105
3113
3116
3119
3142
3143
3152
3157
3166
3167
3171
3172
3174
3175
3176
3179
3186
3188
3194
3195
3200
3208
3217
3218
3221
3222
3223
3228
3229
3230
3232
3233
3234
3235
3237
3240
3242
3254
3256
3260
3266
3273
3280
3281
3283
3291
3295
3297
3301
3304
3315
3328
3341
3350
3355
3359
3362
3369
3370
3376
3377
3387
3407
3412
3413
3421
3428
3450
3471
3474
3492
3497
3500
3505
3511
3522
3531
3532
3536
3542
3550
3557
3570
3571
3578
3610
3619
3639
3647
3653
3658
3660
3664
3666
3670
3676
3678
3701
3702
3715
3716
3726
3729
3732
3735
3740
3749
3758
3767
3779
3780
3785
3787
3793
3798
3803
3807
3808
3814
3817
3822
3825
3828
3837
3841
3843
3849
3860
3877
3882
3885
3886
3890
3895
3896
3901
3903
3905
3909
3910
3917
3919
3920
3925
3926
3928
3931
3933
3937
3939
3941
3943
3945
3948
3949
3950
3952
3953
3961
3965
3971
3974
3975
3985
3986
3991
3997
4002
4004
4005
4008
4016
4018
4023
4024
4025
4029
4033
4034
4038
4040
4044
4056
4057
4070
4073
4074
4079
4081
4087
4091
4094
4096
4097
4099
4101
4108
4112
4121
4122
4126
4127
4128
4131
4134
4138
4142
4143
4151
4152
4155
4162
4163
4167
4174
4199
4217
4228
4232
4233
4242
4247
4248
4263
4266
4274
4279
4297
4298
4316
4321
4327
4328
4332
4335
4336
4359
4376
4385
4396
4421
4426
4427
4433
4443
4449
4455
4463
4471
4475
4477
4479
4493
4497
4499
4500
4508
4512
4513
4516
4519
4525
4527
4532
4540
4564
4573
4574
4589
4590
4600
4605
4607
4609
4622
4623
4624
4626
4631
4633
4636
4637
4641
4644
4649
4651
4664
4667
4675
4680
4707
4721
4728
4758
4760
4766
4768
4792
4794
4804
4814
4820
4844
4850
4856
4864
4872
4874
4882
4900
4901
4906
4915
4917
4924
4953
4954
4956
4957
4964
4968
4973
4992
5009
5029
5039
5067
5071
5073
5086
5104
5109
5119
5120
5124
5132
5137
5145
5148
5154
5181
5189
5191
5193
5205
5211
5212
5216
5218
5225
5234
5240
5244
5260
5265
5281
5288
5305
5306
5312
5316
5340
5347
5349
5357
5360
5376
5382
5383
5390
5428
5437
5450
5456
5467
5480
5485
5488
5494
5495
5500
5501
5504
5506
5508
5522
5532
5539
5549
5552
5556
5557
5559
5562
5564
5571
5573
5577
5587
5592
5603
5608
5610
5612
5619
5620
5623
5624
5626
5633
5635
5636
5647
5648
5650
5660
5664
5665
5667
5699
5713
5733
5737
5738
5739
5761
5770
5784
5786
5789
5805
5810
5815
5824
5832
5846
5848
5862
5872
5883
5895
5902
5906
5908
5917
5923
5941
5947
5952
5963
5967
5972
5976
5982
5983
5989
5996
5997
6002
6005
6010
6018
6023
6031
6032
6035
6038
6042
6044
6045
6049
6051
6054
6059
6060
6068
6075
6077
6081
6084
6092
6094
6099
6103
6104
6105
6113
6115
6116
6122
6123
6125
6126
6129
6131
6138
6145
6146
6151
6152
6160
6161
6163
6166
6181
6184
6186
6188
6189
6192
6204
6219
6223
6224
6228
6230
6231
6233
6234
6243
6249
6257
6261
6263
6265
6270
6274
6276
6278
6281
6282
6287
6288
6294
6299
6301
6305
6306
6311
6319
6323
6326
6333
6334
6343
6351
6364
6377
6384
6390
6392
6396
6399
6410
6411
6433
6434
6445
6452
6457
6459
6476
6483
6490
6493
6503
6507
6518
6528
6529
6532
6535
6536
6549
6550
6552
6553
6563
6567
6574
6578
6583
6587
6591
6598
6605
6615
6620
6626
6639
6640
6658
6663
6667
6673
6678
6679
6685
6687
6690
6716
6718
6723
6724
6726
6727
6734
6738
6743
6764
6768
6774
6780
6782
6783
6784
6787
6789
6791
6808
6817
6829
6839
6842
6844
6846
6850
6858
6863
6867
6868
6872
6880
6881
6883
6894
6901
6915
6921
6932
6944
6965
6967
6972
6973
6979
6980
6994
6996
6999
7008
7013
7018
7026
7027
7048
7056
7060
7064
7065
7071
7077
7089
7091
7100
7103
7110
7117
7133
7139
7141
7184
7191
7197
7198
7211
7247
7248
7253
7260
7261
7294
7315
7319
7345
7350
7352
7360
7373
7374
7378
7383
7386
7405
7416
7420
7426
7428
7442
7466
7497
7505
7507
7509
7513
7516
7519
7532
7554
7557
7567
7573
7578
7586
7588
7598
7605
7614
7615
7635
7640
7645
7650
7661
7663
7666
7669
7670
7675
7676
7683
7687
7688
7700
7703
7704
7710
7712
7715
7717
7721
7729
7734
7740
7742
7743
7744
7747
7750
7751
7752
7754
7759
7764
7767
7770
7781
7786
7788
7789
7790
7793
7795
7802
7805
7810
7817
7819
7823
7827
7831
7832
7835
7837
7838
7839
7841
7842
7843
7847
7850
7853
7854
7859
7862
7864
7867
7874
7875
7878
7889
7893
7894
7903
7906
7908
7911
7914
7915
7919
7921
7925
7926
7929
7930
7939
7944
7948
7949
7958
7962
7963
7964
7965
7970
7976
7981
7985
7986
7989
7990
7996
8001
8004
8006
8008
8010
8011
8012
8015
8017
8018
8021
8025
8027
8029
8030
8033
8034
8036
8038
8039
8041
8043
8044
8046
8047
8050
8052
8053
8059
8064
8066
8070
8072
8074
8075
8076
8081
8082
8083
8090
8092
8093
8094
8096
8098
8100
8104
8106
8107
8112
8113
8115
8116
8119
8126
8129
8131
8132
8135
8136
8142
8144
8147
8151
8154
8155
8158
8159
8160
8168
8178
8179
8182
8185
8186
8189
8193
8194
8196
8198
8200
8201
8208
8210
8212
8213
8215
8216
8221
8222
8224
8226
8227
8228
8229
8230
8231
8232
8233
8235
8237
8238
8241
8245
8246
8248
8252
8258
8260
8261
8265
8271
8272
8273
8281
8284
8286
8288
8290
8291
8293
8294
8295
8296
8298
8299
8300
8301
8302
8304
8305
8312
8314
8315
8319
8323
8328
8330
8332
8335
8337
8338
8345
8347
8351
8353
8356
8358
8361
8364
8365
8366
8368
8369
8372
8373
8376
8377
8378
8380
8382
8384
8386
8387
8389
8391
8392
8394
8398
8401
8402
8403
8406
8412
8413
8414
8417
8420
8422
8426
8428
8429
8430
8431
8434
8435
8438
8440
8441
8443
8444
8445
8449
8450
8451
8452
8454
8455
8457
8458
8459
8460
8461
8463
8465
8468
8469
8470
8471
8473
8475
8476
8479
8482
8483
8484
8485
8492
8498
8502
8504
8505
8507
8512
8515
8520
8522
8523
8525
8526
8529
8530
8534
8535
8537
8538
8540
8542
8546
8548
8552
8563
8565
8567
8568
8572
8574
8576
8580
8581
8582
8583
8584
8586
8587
8588
8590
8592
8593
8599
8604
8605
8606
8607
8610
8611
8614
8616
8618
8619
8620
8624
8625
8626
8627
8628
8631
8637
8638
8639
8640
8643
8644
8645
8646
8650
8651
8652
8655
8658
8661
8662
8663
8664
8665
8666
8668
8675
8676
8677
8681
8682
8685
8687
8689
8691
8692
8693
8694
8695
8697
8699
8700
8704
8705
8706
8711
8712
8713
8714
8717
8722
8723
8724
8725
8727
8728
8730
8733
8735
8736
8741
8742
8745
8747
8749
8755
8757
8758
8759
8760
8761
8762
8763
8769
8778
8782
8784
8785
8786
8790
8792
8794
8795
8799
8805
8807
8812
8813
8815
8817
8820
8821
8822
8823
8824
8833
8836
8837
8838
8841
8846
8848
8850
8853
8856
8857
8858
8860
8861
8864
8865
8867
8868
8873
8874
8878
8879
8880
8881
8883
8890
8891
8893
8895
8896
8898
8899
8901
8905
8906
8907
8908
8914
8916
8920
8923
8924
8926
8938
8940
8941
8945
8946
8947
8948
8952
8953
8954
8955
8956
8957
8958
8959
8960
8961
8962
8963
8965
8967
8968
8970
8972
8973
8974
8975
8976
8978
8979
8982
8983
8984
8987
8988
8989
8990
8992
8993
8994
8995
8996
9000
9003
9004
9005
9006
9007
9014
9019
9021
9023
9024
9025
9027
9028
9029
9032
9035
9036
9037
9040
9041
9044
9045
9046
9049
9051
9053
9056
9057
9061
9064
9065
9066
9068
9071
9073
9076
9077
9080
9081
9083
9084
9086
9087
9091
9107
9108
9113
9115
9116
9117
9119
9120
9123
9128
9136
9140
9141
9142
9145
9150
9151
9160
9163
9164
9166
9169
9171
9172
9174
9175
9176
9177
9179
9184
9185
9186
9187
9189
9190
9192
9195
9197
9199
9201
9202
9203
9204
9205
9206
9218
9219
9221
9222
9224
9226
9227
9231
9233
9236
9237
9238
9240
9249
9250
9251
9252
9253
9254
9255
9256
9258
9261
9262
9264
9275
9276
9277
9278
9279
9280
9281
9283
9284
9285
9292
9294
9298
9300
9301
9303
9308
9310
9311
9315
9317
9319
9327
9329
9330
9331
9335
9336
9337
9338
9341
9342
9347
9350
9351
9353
9357
9358
9359
9361
9362
9366
9368
9371
9374
9375
9377
9379
9381
9382
9385
9394
9400
9408
9411
9415
9417
9422
9423
9425
9426
9431
9432
9439
9440
9442
9443
9447
9448
9452
9455
9456
9457
9458
9463
9464
9465
9466
9471
9475
9476
9478
9487
9491
9493
9496
9497
9499
9506
9509
9511
9513
9514
9516
9517
9518
9519
9522
9526
9529
9538
9541
9544
9547
9548
9550
9552
9556
9557
9559
9561
9562
9564
9566
9567
9568
9569
9570
9572
9573
9576
9577
9578
9579
9581
9584
9586
9590
9592
9593
9595
9601
9606
9607
9615
9617
9618
9624
9626
9630
9632
9634
9639
9640
9641
9645
9653
9655
9663
9666
9667
9668
9677
9680
9683
9688
9691
9694
9701
9705
9706
9710
9712
9713
9714
9715
9717
9719
9721
9725
9733
9736
9739
9740
9741
9742
9743
9745
9746
9748
9750
9751
9754
9756
9757
9759
9760
9762
9763
9766
9767
9768
9770
9771
9773
9774
9775
9776
9777
9779
9781
9782
9784
9786
9788
9790
9791
9796
9797
9802
9803
9805
9810
9811
9814
9819
9822
9826
9835
9836
9844
9846
9851
9853
9856
9857
9858
9859
9862
9866
9870
9873
9874
9875
9878
9881
9882
9883
9884
9886
9887
9888
9889
9890
9891
9899
9902
9905
9906
9908
9910
9913
9915
9917
9919
9920
9922
9924
9926
9933
9935
9940
9946
9948
9955
9958
9962
9964
9977
9980
9986
9994
9996
9997
9999
10020
10026
10029
10030
10034
10035
10037
10038
10039
10042
10044
10045
10053
10058
10070
10078
10081
10083
10098
10101
10102
10104
10105
10106
10109
10117
10119
10126
10136
10163
10164
10166
10168
10172
10173
10176
10188
10191
10197
10202
10203
10204
10205
10208
10210
10211
10222
10223
10224
10226
10234
10236
10238
10241
10242
10246
10251
10256
10261
10262
10263
10264
10265
10268
10271
10275
10284
10286
10287
10290
10291
10294
10305
10311
10312
10313
10321
10325
10328
10331
10332
10333
10334
10335
10338
10341
10345
10346
10349
10354
10359
10360
10362
10364
10365
10370
10373
10379
10384
10386
10388
10395
10397
10399
10406
10408
10410
10414
10421
10422
10425
10430
10433
10435
10439
10440
10442
10445
10456
10457
10459
10464
10465
10466
10474
10476
10477
10478
10479
10481
10482
10486
10487
10489
10491
10492
10495
10497
10502
10503
10504
10514
10520
10521
10522
10523
10526
10528
10529
10530
10531
10535
10537
10539
10547
10550
10555
10556
10557
10559
10560
10561
10562
10566
10567
10570
10573
10576
10582
10584
10587
10589
10590
10591
10594
10595
10598
10603
10605
10606
10609
10610
10611
10613
10616
10619
10621
10623
10625
10626
10628
10630
10631
10632
10636
10637
10638
10641
10644
10647
10650
10655
10657
10658
10659
10660
10662
10665
10666
10669
10671
10676
10677
10682
10686
10688
10690
10694
10695
10697
10698
10699
10700
10702
10704
10705
10707
10708
10712
10713
10715
10718
10722
10723
10727
10730
10731
10735
10736
10738
10740
10741
10746
10748
10749
10750
10751
10756
10757
10758
10760
10765
10766
10774
10777
10778
10783
10784
10785
10786
10789
10790
10793
10797
10798
10799
10801
10805
10811
10814
10815
10816
10818
10819
10820
10822
10824
10826
10827
10828
10829
10832
10835
10836
10839
10840
10841
10844
10845
10846
10847
10851
10852
10853
10854
10855
10856
10857
10858
10860
10862
10864
10865
10870
10874
10876
10877
10881
10882
10884
10885
10889
10890
10896
10902
10907
10909
10910
10914
10915
10916
10917
10921
10923
10926
10928
10929
10936
10946
10947
10949
10950
10952
10954
10955
10956
10959
10961
10962
10970
10971
10977
10978
10979
10982
10985
10986
10987
10989
10991
10992
10994
10997
10998
11001
11002
11003
11007
11008
11011
11012
11013
11014
11015
11016
11018
11020
11021
11022
11024
11025
11028
11031
11035
11036
11038
11039
11044
11047
11048
11050
11051
11052
11053
11054
11055
11058
11059
11060
11061
11062
11064
11065
11067
11070
11071
11073
11075
11078
11079
11080
11084
11091
11092
11093
11096
11097
11098
11099
11100
11101
11103
11107
11109
11110
11114
11116
11118
11120
11121
11122
11126
11129
11130
11132
11133
11134
11135
11136
11137
11138
11139
11140
11141
11143
11145
11146
11148
11149
11151
11155
11156
11157
11158
11159
11160
11162
11164
11165
11166
11168
11169
11173
11175
11177
11178
11184
11199
11201
11204
11205
11206
11208
11209
11214
11222
11224
11227
11228
11229
11230
11231
11232
11233
11237
11240
11241
11244
11246
11247
11248
11252
11255
11257
11258
11259
11262
11264
11265
11266
11269
11270
11271
11272
11273
11276
11278
11279
11281
11282
11283
11285
11286
11288
11289
11292
11294
11298
11299
11300
11302
11306
11307
11309
11310
11311
11312
11313
11314
11315
11316
11317
11320
11321
11322
11324
11327
11328
11329
11330
11331
11332
11333
11334
11336
11338
11340
11341
11343
11344
11346
11347
11348
11349
11350
11354
11357
11358
11359
11360
11361
11363
11366
11368
11372
11373
11375
11381
11383
11384
11385
11387
11390
11391
11392
11393
11396
11398
11399
11402
11404
11408
11411
11412
11413
11415
11416
11417
11418
11419
11422
11423
11425
11426
11428
11432
11433
11435
11438
11442
11443
11444
11445
11446
11447
11448
11450
11451
11452
11453
11454
11455
11457
11458
11461
11462
11463
11465
11466
11469
11473
11474
11477
11483
11484
11487
11489
11490
11493
11496
11498
11499
11501
11503
11506
11508
11510
11511
11515
11523
11524
11526
11527
11529
11532
11533
11535
11536
11537
11538
11539
11542
11543
11547
11548
11549
11550
11552
11554
11556
11561
11564
11565
11567
11571
11573
11574
11575
11576
11577
11579
11590
11593
11597
11600
11604
11607
11609
11610
11611
11612
11615
11616
11620
11621
11622
11623
11624
11628
11630
11633
11636
11638
11639
11641
11644
11647
11649
11650
11651
11653
11658
11659
11661
11663
11664
11665
11667
11669
11670
11671
11673
11676
11679
11680
11685
11686
11687
11691
11695
11696
11697
11698
11701
11703
11704
11705
11718
11726
11731
11734
11736
11737
11738
11739
11746
11748
11749
11751
11752
11753
11759
11761
11762
11766
11769
11775
11779
11787
11790
11793
11794
11795
11798
11802
11803
11805
11806
11807
11809
11810
11811
11813
11817
11818
11822
11824
11827
11828
11829
11830
11834
11837
11838
11841
11842
11845
11846
11847
11849
11851
11858
11861
11862
11866
11867
11868
11869
11874
11875
11876
11878
11882
11883
11884
11894
11895
11896
11902
11903
11911
11914
11915
11918
11920
11922
11923
11925
11929
11944
11946
11952
11953
11954
11955
11965
11966
11967
11970
11971
11976
11977
11981
11983
11984
11989
11990
11992
11994
11998
11999
12002
12004
12005
12007
12008
12011
12012
12014
12016
12019
12021
12024
12026
12027
12028
12032
12037
12042
12043
12045
12047
12048
12049
12060
12064
12067
12070
12071
12072
12075
12079
12084
12085
12087
12088
12090
12092
12093
12094
12095
12098
12099
12100
12102
12103
12104
12106
12108
12109
12110
12115
12120
12123
12126
12132
12133
12135
12136
12138
12139
12140
12142
12144
12154
12156
12157
12158
12159
12162
12164
12165
12169
12170
12175
12179
12182
12184
12191
12193
12195
12196
12198
12204
12205
12206
12218
12229
12230
12232
12235
12246
12247
12252
12260
12262
12266
12273
12276
12283
12285
12286
12291
12295
12301
12309
12312
12313
12315
12317
12330
12331
12334
12336
12337
12342
12349
12351
12359
12369
12370
12374
12376
12378
12381
12389
12392
12393
12398
12400
12402
12410
12419
12420
12422
12425
12426
12430
12431
12441
12448
12451
12457
12459
12462
12464
12465
12468
12471
12476
12482
12490
12492
12493
12498
12506
12508
12510
12511
12515
12522
12525
12531
12538
12542
12544
12551
12553
12565
12570
12576
12581
12584
12587
12590
12597
12600
12605
12608
12610
12616
12630
12635
12638
12639
12641
12642
12643
12647
12648
12649
12656
12659
12664
12666
12667
12669
12671
12674
12681
12683
12687
12693
12694
12697
12703
12706
12709
12710
12713
12714
12715
12724
12725
12726
12735
12737
12739
12745
12748
12757
12758
12761
12762
12763
12764
12771
12776
12778
12779
12783
12787
12788
12792
12797
12799
12802
12803
12804
12809
12813
12814
12819
12826
12828
12829
12830
12832
12837
12841
12842
12845
12846
12850
12853
12857
12859
12862
12863
12864
12867
12868
12873
12874
12878
12880
12881
12887
12891
12893
12897
12898
12899
12900
12904
12905
12906
12907
12908
12911
12917
12920
12923
12931
12935
12936
12937
12939
12942
12945
12947
12949
12953
12954
12956
12958
12959
12966
12974
12976
12979
12980
12985
12994
12998
13000
13002
13003
13007
13009
13010
13016
13018
13020
13022
13024
13028
13031
13033
13034
13035
13036
13039
13040
13042
13044
13045
13047
13048
13049
13050
13056
13057
13058
13059
13061
13064
13065
13067
13069
13073
13078
13087
13091
13093
13101
13104
13107
13108
13110
13112
13117
13118
13124
13130
13132
13134
13138
13140
13141
13143
13146
13156
13164
13165
13166
13167
13170
13179
13183
13188
13204
13206
13208
13209
13211
13214
13216
13219
13220
13222
13223
13227
13235
13237
13241
13243
13248
13260
13261
13264
13277
13279
13280
13283
13290
13293
13294
13296
13297
13298
13299
13302
13304
13305
13306
13307
13308
13312
13316
13322
13326
13331
13333
13335
13338
13339
13344
13348
13349
13351
13354
13355
13356
13358
13360
13362
13363
13369
13371
13372
13373
13376
13380
13382
13385
13387
13388
13390
13391
13393
13394
13402
13403
13405
13406
13408
13409
13412
13415
13419
13420
13425
13429
13431
13432
13434
13435
13436
13438
13439
13442
13443
13445
13452
13459
13466
13467
13478
13479
13481
13482
13484
13488
13495
13500
13503
13511
13514
13518
13523
13524
13529
13533
13536
13537
13538
13540
13543
13545
13547
13549
13550
13552
13554
13556
13559
13564
13571
13572
13573
13574
13575
13578
13585
13591
13593
13601
13606
13610
13611
13612
13616
13617
13618
13623
13626
13628
13629
13631
13636
13646
13654
13657
13660
13661
13662
13665
13670
13671
13672
13674
13680
13681
13684
13685
13686
13687
13689
13700
13703
13705
13707
13709
13711
13712
13713
13716
13720
13721
13722
13724
13726
13727
13732
13733
13737
13738
13742
13743
13745
13746
13748
13750
13755
13756
13758
13761
13762
13765
13766
13767
13768
13772
13775
13776
13780
13782
13783
13785
13786
13791
13794
13799
13800
13804
13805
13809
13811
13814
13815
13820
13824
13834
13836
13844
13845
13850
13851
13866
13875
13879
13884
13891
13894
13898
13900
13903
13909
13911
13915
13923
13929
13932
13935
13939
13940
13951
13955
13961
13965
13966
13972
13975
13978
13980
13983
13984
13994
13998
13999
14000
14002
14003
14005
14009
14016
14017
14018
14022
14025
14027
14029
14034
14035
14059
14061
14063
14066
14069
14072
14075
14079
14081
14085
14087
14094
14095
14096
14097
14101
14102
14105
14110
14112
14113
14114
14116
14128
14131
14132
14134
14136
14139
14140
14141
14143
14146
14155
14159
14162
14165
14167
14168
14172
14175
14177
14179
14181
14184
14186
14192
14193
14199
14201
14202
14203
14205
14208
14212
14214
14216
14218
14220
14226
14228
14229
14232
14233
14235
14236
14243
14245
14255
14257
14263
14266
14267
14275
14278
14283
14288
14292
14293
14296
14297
14303
14305
14312
14315
14317
14320
14324
14326
14327
14328
14332
14334
14335
14337
14342
14347
14352
14354
14355
14356
14361
14362
14363
14367
14373
14379
14381
14383
14386
14390
14391
14393
14395
14397
14399
14400
14404
14407
14411
14412
14413
14415
14417
14420
14422
14425
14434
14436
14439
14441
14442
14447
14449
14452
14456
14457
14458
14460
14462
14467
14469
14470
14475
14479
14481
14485
14486
14487
14488
14490
14492
14496
14500
14501
14502
14505
14507
14509
14511
14513
14516
14518
14520
14521
14528
14530
14532
14537
14539
14543
14549
14551
14560
14565
14573
14581
14584
14585
14593
14603
14607
14608
14610
14611
14615
14620
14621
14623
14627
14628
14636
14638
14639
14643
14644
14647
14648
14650
14657
14660
14671
14684
14687
14690
14696
14697
14700
14701
14705
14706
14711
14719
14725
14729
14730
14732
14735
14737
14742
14744
14746
14748
14751
14753
14754
14758
14760
14764
14765
14772
14780
14785
14789
14790
14792
14799
14801
14805
14806
14814
14816
14821
14826
14834
14835
14837
14838
14846
14847
14850
14856
14857
14858
14859
14860
14861
14862
14865
14866
14870
14874
14876
14877
14879
14882
14884
14894
14900
14902
14904
14906
14910
14912
14914
14916
14921
14923
14924
14925
14929
14931
14932
14935
14936
14937
14938
14943
14950
14951
14953
14954
14955
14956
14957
14960
14961
14962
14965
14966
14971
14972
14976
14977
14988
14989
14991
14994
14996
14999
15000
15004
15005
15006
15007
15011
15013
15017
15018
15021
15023
15027
15030
15031
15032
15033
15036
15040
15041
15043
15044
15045
15046
15048
15050
15051
15052
15053
15055
15059
15064
15066
15068
15075
15081
15082
15086
15091
15095
15118
15122
15123
15126
15129
15131
15132
15135
15139
15141
15146
15153
15154
15156
15162
15163
15165
15171
15172
15173
15176
15178
15181
15183
15186
15189
15190
15192
15193
15195
15200
15201
15202
15205
15207
15209
15211
15220
15228
15233
15234
15245
15246
15247
15249
15252
15254
15255
15256
15257
15258
15259
15260
15262
15264
15265
15267
15269
15271
15274
15276
15277
15278
15280
15283
15284
15285
15286
15288
15292
15295
15297
15298
15300
15302
15307
15309
15315
15316
15323
15332
15338
15341
15349
15370
15374
15414
15440
15446
15453
15468
15473
15485
15486
15492
15496
15506
15509
15514
15520
15531
15533
15542
15548
15555
15575
15579
15590
15592
15593
15595
15621
15623
15625
15628
15631
15642
15652
15653
15659
15660
15662
15667
15670
15671
15674
15693
15694
15696
15705
15709
15716
15718
15725
15726
15727
15740
15741
15743
15747
15754
15780
15786
15797
15804
15831
15836
15838
15846
15850
15852
15854
15855
15861
15864
15868
15869
15879
15880
15882
15884
15885
15887
15888
15892
15899
15900
15901
15902
15904
15907
15908
15911
15915
15917
15919
15920
15922
15924
15925
15928
15934
15937
15938
15939
15940
15942
15946
15947
15948
15949
15950
15952
15957
15959
15960
15964
15966
15968
15971
15972
15973
15978
15979
15980
15981
15983
15986
15990
15992
15993
15994
15997
15999
16000
16001
16003
16007
16009
16011
16016
16021
16023
16024
16030
16037
16039
16041
16042
16044
16050
16052
16053
16055
16057
16058
16061
16062
16066
16069
16072
16074
16076
16077
16078
16081
16082
16087
16088
16098
16099
16101
16102
16105
16106
16109
16115
16117
16118
16119
16121
16122
16126
16131
16132
16136
16137
16138
16140
16145
16156
16164
16165
16167
16168
16171
16172
16173
16175
16179
16180
16184
16194
16196
16199
16200
16201
16202
16210
16213
16220
16222
16223
16224
16229
16231
16232
16237
16242
16243
16244
16250
16257
16259
16262
16264
16265
16266
16267
16269
16273
16274
16275
16277
16281
16286
16305
16311
16326
16332
16342
16353
16357
16359
16364
16379
16380
16381
16394
16397
16398
16399
16400
16403
16413
16427
16438
16443
16446
16447
16449
16451
16453
16455
16464
16465
16472
16473
16480
16495
16511
16517
16525
16545
16546
16552
16555
16556
16561
16565
16568
16569
16572
16573
16576
16577
16580
16585
16588
16598
16605
16629
16630
16639
16646
16649
16655
16662
16669
16674
16678
16687
16693
16699
16702
16709
16722
16725
16735
16754
16761
16767
16768
16789
16792
16793
16797
16804
16806
16810
16815
16819
16822
16827
16832
16833
16836
16840
16843
16847
16848
16856
16859
16869
16870
16872
16882
16901
16908
16911
16914
16928
16934
16941
16950
16954
16955
16956
16961
16964
16965
16966
16967
16968
16980
16981
16987
16989
16991
16992
16999
17023
17037
17042
17044
17047
17053
17064
17065
17067
17068
17075
17089
17096
17098
17104
17108
17125
17127
17131
17133
17141
17143
17177
17179
17180
17225
17232
17263
17264
17276
17277
17280
17289
17297
17300
17308
17309
17310
17313
17316
17325
17337
17341
17345
17351
17367
17369
17379
17382
17383
17385
17409
17419
17421
17434
17441
17445
17456
17463
17477
17478
17483
17485
17491
17498
17500
17501
17505
17506
17507
17523
17534
17535
17541
17543
17544
17545
17546
17548
17549
17556
17562
17563
17574
17577
17578
17580
17589
17595
17599
17600
17602
17609
17612
17613
17618
17622
17629
17632
17633
17656
17682
17686
17694
17705
17708
17716
17721
17722
17726
17727
17731
17732
17733
17736
17739
17740
17741
17787
17803
17807
17826
17827
17834
17843
17851
17857
17867
17879
17881
17892
17893
17896
17899
17905
17915
17917
17919
17920
17921
17923
17924
17926
17927
17929
17933
17934
17936
17939
17940
17956
17964
17970
18000
18007
18014
18017
18033
18048
18050
18055
18063
18064
18080
18097
18102
18111
18124
18130
18134
18153
18162
18167
18172
18194
18196
18204
18205
18214
18218
18260
18271
18276
18308
18324
18329
18330
18331
18342
18351
18354
18356
18366
18372
18373
18389
18391
18394
18399
18400
18403
18422
18439
18444
18445
18447
18449
18450
18464
18466
18467
18478
18484
18492
18494
18500
18506
18507
18515
18516
18517
18531
18541
18543
18545
18548
18550
18553
18554
18558
18575
18581
18585
18589
18592
18595
18596
18603
18612
18635
18636
18637
18644
18652
18655
18656
18667
18669
18674
18679
18683
18684
18685
18692
18694
18697
18700
18703
18705
18714
18722
18724
18729
18731
18733
18737
18740
18743
18745
18749
18760
18762
18773
18775
18780
18783
18784
18796
18797
18803
18806
18815
18828
18830
18831
18833
18838
18842
18848
18856
18862
18864
18866
18869
18870
18871
18880
18883
18884
18886
18892
18897
18899
18900
18907
18908
18916
18919
18944
18950
18954
18958
18971
18973
18980
18991
18998
19001
19005
19010
19013
19026
19028
19036
19044
19047
19049
19050
19051
19057
19068
19073
19074
19075
19076
19092
19096
19098
19099
19107
19113
19115
19116
19129
19147
19148
19149
19156
19164
19181
19183
19188
19192
19198
19205
19211
19214
19215
19217
19224
19227
19229
19234
19246
19254
19259
19263
19271
19277
19281
19286
19293
19298
19302
19304
19308
19320
19322
19324
19325
19328
19330
19335
19336
19337
19340
19341
19342
19362
19365
19368
19371
19377
19382
19384
19389
19391
19399
19416
19420
19445
19456
19459
19464
19466
19471
19494
19506
19509
19510
19511
19519
19521
19532
19539
19549
19555
19568
19580
19590
19598
19602
19620
19622
19626
19628
19637
19638
19647
19660
19669
19672
19677
19687
19705
19722
19725
19731
19733
19736
19737
19738
19754
19767
19778
19797
19817
19842
19878
19879
19882
19889
19891
19899
19905
19907
19917
19923
19924
19925
19927
19928
19931
19935
19936
19939
19946
19950
19951
19956
19958
19959
19960
19983
19989
19998
20000
20004
20005
20006
20007
20009
20010
20012
20022
20025
20029
20030
20032
20033
20035
20037
20038
20039
20044
20045
20049
20050
20051
20052
20053
20056
20057
20060
20062
20065
20067
20074
20075
20076
20077
20082
20084
20090
20093
20096
20098
20100
20103
20104
20105
20109
20113
20122
20124
20125
20127
20130
20131
20135
20136
20149
20150
20154
20161
20163
20164
20165
20166
20167
20171
20190
20191
20193
20198
20206
20209
20215
20216
20223
20226
20231
20233
20245
20248
20253
20255
20257
20261
20262
20265
20266
20267
20269
20270
20276
20278
20284
20289
20291
20294
20296
20299
20301
20302
20309
20310
20314
20320
20322
20323
20328
20331
20334
20335
20338
20351
20359
20360
20365
20366
20367
20369
20370
20375
20380
20381
20382
20386
20390
20391
20393
20394
20397
20400
20404
20405
20406
20409
20411
20414
20418
20421
20425
20428
20430
20432
20437
20438
20440
20442
20444
20446
20449
20453
20454
20455
20456
20460
20461
20462
20465
20468
20472
20473
20474
20476
20477
20478
20479
20480
20481
20484
20485
20488
20489
20493
20494
20497
20500
20503
20504
20505
20508
20511
20516
20517
20523
20524
20528
20529
20531
20532
20534
20535
20540
20547
20549
20553
20555
20556
20558
20560
20562
20563
20568
20569
20570
20571
20574
20576
20577
20579
20580
20581
20588
20590
20591
20593
20598
20601
20613
20614
20621
20622
20626
20628
20629
20630
20637
20640
20643
20647
20648
20649
20653
20655
20656
20658
20661
20662
20664
20665
20671
20677
20680
20681
20685
20688
20690
20691
20697
20702
20703
20708
20716
20717
20718
20723
20724
20725
20726
20727
20731
20732
20739
20741
20761
20770
20774
20776
20777
20779
20780
20781
20783
20786
20787
20792
20794
20795
20797
20798
20805
20808
20811
20813
20819
20822
20828
20831
20835
20836
20837
20843
20844
20845
20849
20850
20856
20857
20858
20865
20866
20869
20870
20875
20878
20884
20885
20890
20891
20911
20912
20921
20924
20931
20932
20937
20945
20950
20951
20952
20953
20958
20961
20966
20967
20970
20971
20972
20976
20977
20978
20979
20983
20984
20986
20987
20988
20993
20995
20997
20998
21000
21001
21006
21007
21009
21010
21020
21025
21030
21032
21036
21037
21040
21043
21046
21051
21052
21056
21057
21060
21069
21079
21081
21100
21104
21106
21112
21114
21115
21117
21118
21119
21121
21122
21135
21144
21146
21149
21155
21156
21162
21165
21167
21170
21175
21176
21177
21180
21181
21187
21191
21196
21199
21201
21205
21209
21211
21217
21223
21227
21231
21235
21236
21239
21246
21247
21251
21255
21256
21262
21270
21272
21279
21284
21285
21288
21291
21294
21301
21312
21329
21333
21334
21339
21343
21354
21364
21372
21376
21378
21395
21399
21404
21405
21413
21417
21418
21428
21430
21434
21436
21437
21445
21446
21450
21453
21458
21460
21462
21463
21469
21480
21498
21502
21510
21511
21513
21520
21527
21545
21548
21550
21561
21565
21572
21574
21596
21600
21605
21606
21609
21615
21617
21621
21629
21632
21638
21646
21648
21657
21660
21662
21686
21697
21714
21715
21716
21720
21721
21723
21725
21728
21736
21744
21747
21755
21756
21759
21762
21774
21780
21786
21790
21792
21805
21806
21807
21817
21821
21837
21845
21848
21856
21867
21869
21871
21880
21881
21894
21898
21909
21910
21911
21923
21929
21932
21938
21944
21945
21966
21975
21985
21986
21992
21993
21996
22006
22074
22076
22093
22221
22223
22225
22230
22236
22249
22257
22264
22266
22268
22294
22299
22303
22306
22307
22309
22312
22315
22319
22321
22330
22333
22336
22338
22340
22341
22352
22353
22355
22359
22361
22367
22371
22373
22383
22386
22393
22395
22401
22406
22407
22408
22413
22414
22417
22422
22426
22430
22433
22436
22437
22440
22442
22443
22446
22449
22451
22452
22455
22459
22461
22468
22473
22474
22478
22479
22482
22483
22487
22488
22491
22492
22495
22503
22504
22505
22506
22508
22510
22517
22518
22522
22524
22526
22530
22533
22545
22551
22553
22555
22559
22564
22565
22567
22572
22575
22576
22577
22581
22582
22584
22586
22592
22593
22594
22596
22599
22602
22604
22606
22607
22612
22613
22614
22615
22616
22620
22623
22624
22627
22628
22629
22632
22638
22650
22655
22657
22661
22663
22664
22665
22669
22672
22678
22684
22686
22689
22691
22693
22697
22700
22702
22706
22708
22709
22710
22711
22719
22720
22721
22722
22728
22731
22733
22735
22737
22739
22740
22742
22747
22749
22753
22756
22763
22768
22776
22787
22788
22790
22798
22802
22806
22810
22814
22817
22818
22820
22822
22824
22825
22838
22849
22851
22860
22868
22877
22879
22885
22890
22896
22901
22907
22915
22928
22937
22939
22949
22951
22953
22954
22958
22960
22961
22964
22966
22967
22968
22971
22975
22976
22977
22980
22983
22985
22988
23000
23001
23002
23008
23011
23012
23014
23015
23016
23018
23020
23022
23028
23029
23030
23033
23039
23041
23042
23045
23047
23049
23050
23053
23056
23057
23059
23061
23062
23064
23070
23072
23076
23077
23078
23079
23080
23082
23083
23085
23086
23087
23088
23092
23094
23095
23096
23097
23101
23102
23106
23108
23110
23115
23116
23118
23123
23124
23125
23128
23132
23133
23134
23135
23136
23139
23142
23143
23149
23153
23157
23159
23164
23165
23166
23168
23170
23174
23177
23179
23180
23181
23182
23183
23190
23191
23193
23194
23195
23196
23197
23198
23199
23207
23210
23214
23216
23218
23221
23222
23223
23227
23228
23229
23232
23233
23238
23239
23247
23251
23256
23257
23261
23263
23265
23266
23269
23274
23276
23277
23278
23280
23281
23284
23285
23288
23289
23294
23295
23301
23302
23305
23310
23311
23312
23315
23316
23318
23321
23327
23329
23331
23332
23334
23335
23344
23347
23353
23356
23358
23360
23363
23369
23370
23371
23375
23382
23396
23397
23398
23399
23403
23411
23412
23415
23423
23430
23431
23432
23437
23446
23449
23453
23459
23461
23462
23465
23470
23483
23484
23487
23494
23499
23507
23508
23511
23512
23529
23542
23546
23548
23563
23566
23574
23578
23579
23583
23586
23592
23604
23608
23612
23613
23625
23627
23630
23631
23633
23634
23642
23643
23644
23653
23655
23657
23658
23661
23662
23666
23669
23670
23671
23672
23674
23676
23677
23688
23689
23696
23698
23702
23703
23709
23711
23719
23720
23728
23733
23738
23740
23742
23750
23756
23761
23763
23766
23769
23772
23773
23774
23776
23781
23791
23808
23809
23811
23818
23819
23829
23831
23832
23838
23843
23844
23846
23847
23849
23854
23855
23859
23861
23865
23867
23869
23870
23873
23874
23876
23877
23880
23884
23888
23889
23895
23900
23902
23904
23907
23910
23912
23918
23920
23921
23922
23924
23925
23926
23931
23932
23933
23934
23935
23937
23940
23944
23953
23956
23958
23959
23961
23963
23964
23966
23968
23969
23970
23975
23976
23988
23993
23996
23997
23998
23999
24000
24001
24005
24006
24008
24011
24012
24017
24019
24021
24028
24029
24030
24031
24032
24033
24034
24035
24037
24040
24043
24045
24046
24047
24049
24051
24055
24061
24062
24065
24066
24067
24068
24072
24074
24082
24083
24084
24085
24088
24090
24092
24094
24095
24098
24099
24100
24103
24104
24105
24106
24107
24108
24109
24113
24114
24115
24116
24117
24119
24122
24124
24125
24127
24128
24130
24133
24136
24137
24141
24142
24146
24147
24148
24149
24151
24153
24157
24159
24161
24162
24163
24164
24166
24168
24172
24173
24174
24175
24179
24181
24185
24195
24197
24199
24201
24203
24204
24207
24210
24211
24212
24213
24215
24217
24218
24220
24221
24224
24225
24226
24227
24228
24229
24232
24233
24234
24235
24237
24241
24242
24244
24246
24247
24248
24249
24250
24253
24255
24256
24258
24259
24260
24262
24263
24264
24265
24267
24272
24276
24277
24278
24279
24280
24281
24282
24285
24286
24290
24291
24293
24294
24296
24297
24298
24300
24302
24303
24306
24308
24312
24315
24316
24319
24321
24322
24323
24325
24326
24328
24331
24333
24335
24337
24338
24341
24343
24345
24347
24349
24350
24351
24352
24354
24356
24357
24358
24359
24364
24367
24370
24372
24373
24374
24375
24378
24379
24380
24381
24384
24385
24386
24387
24388
24389
24391
24393
24397
24399
24403
24405
24406
24407
24409
24411
24413
24418
24420
24424
24428
24429
24433
24440
24441
24443
24445
24447
24448
24449
24451
24455
24456
24457
24458
24459
24462
24463
24465
24466
24468
24469
24471
24472
24473
24477
24484
24488
24491
24492
24494
24498
24499
24501
24504
24505
24506
24510
24511
24516
24518
24519
24521
24522
24525
24527
24529
24538
24539
24541
24542
24543
24544
24550
24553
24554
24556
24557
24558
24559
24560
24563
24564
24566
24567
24568
24573
24575
24578
24580
24581
24583
24584
24585
24586
24587
24588
24589
24590
24591
24595
24597
24600
24601
24602
24603
24606
24608
24609
24610
24611
24613
24614
24615
24616
24617
24619
24620
24622
24623
24626
24627
24628
24629
24630
24631
24634
24636
24637
24640
24641
24642
24644
24645
24648
24652
24653
24654
24655
24656
24657
24658
24661
24662
24664
24665
24666
24667
24668
24669
24671
24672
24673
24674
24676
24677
24678
24679
24681
24682
24683
24685
24686
24687
24688
24689
24691
24694
24695
24696
24699
24705
24706
24707
24710
24712
24715
24716
24719
24723
24726
24728
24732
24733
24734
24735
24736
24744
24746
24749
24754
24758
24759
24761
24770
24771
24779
24781
24782
24793
24794
24799
24801
24803
24808
24816
24818
24820
24822
24823
24824
24825
24828
24831
24835
24839
24841
24844
24847
24848
24851
24856
24858
24860
24866
24870
24876
24883
24884
24888
24892
24897
24901
24905
24907
24909
24913
24914
24916
24918
24920
24922
24925
24930
24934
24935
24936
24938
24951
24953
24957
24958
24962
24965
24966
24967
24968
24975
24976
24982
24985
24986
24987
24991
24993
24994
24996
24999
25001
25004
25006
25007
25008
25010
25011
25012
25014
25018
25024
25025
25029
25030
25035
25039
25046
25048
25051
25053
25057
25059
25061
25064
25065
25072
25073
25075
25081
25084
25085
25100
25104
25111
25112
25114
25115
25117
25119
25121
25124
25128
25131
25133
25136
25145
25147
25149
25151
25155
25156
25159
25162
25165
25166
25171
25173
25175
25177
25179
25181
25185
25186
25187
25188
25191
25192
25193
25196
25197
25198
25200
25204
25208
25210
25212
25214
25215
25217
25218
25219
25220
25222
25225
25227
25228
25231
25232
25233
25234
25235
25238
25241
25242
25244
25245
25247
25248
25250
25251
25253
25256
25258
25259
25260
25262
25265
25266
25268
25269
25272
25273
25274
25277
25279
25280
25283
25284
25285
25286
25289
25294
25295
25297
25300
25302
25305
25307
25309
25314
25317
25318
25322
25323
25324
25326
25329
25331
25341
25342
25356
25360
25363
25364
25365
25369
25373
25374
25375
25378
25382
25385
25386
25387
25392
25394
25395
25397
25403
25408
25410
25415
25420
25423
25425
25426
25427
25431
25433
25434
25436
25441
25442
25446
25460
25463
25465
25471
25472
25473
25478
25483
25489
25491
25496
25497
25499
25503
25506
25507
25508
25511
25512
25520
25526
25527
25532
25536
25538
25541
25544
25545
25547
25551
25552
25553
25554
25562
25565
25566
25572
25575
25576
25578
25580
25581
25589
25594
25602
25603
25607
25608
25610
25612
25618
25620
25621
25624
25626
25628
25629
25630
25632
25636
25640
25641
25644
25647
25653
25656
25659
25663
25675
25676
25678
25680
25686
25688
25690
25691
25697
25698
25702
25704
25705
25709
25711
25712
25716
25718
25720
25721
25722
25723
25724
25725
25727
25732
25735
25740
25743
25744
25751
25758
25759
25760
25764
25770
25773
25775
25780
25784
25785
25787
25788
25790
25793
25795
25796
25798
25799
25801
25802
25806
25807
25810
25813
25816
25819
25820
25822
25823
25827
25828
25829
25832
25835
25836
25838
25840
25842
25843
25844
25848
25853
25858
25860
25861
25862
25863
25864
25865
25866
25867
25869
25871
25872
25873
25874
25878
25881
25885
25888
25891
25892
25893
25895
25896
25898
25899
25901
25902
25905
25906
25908
25911
25917
25922
25925
25928
25933
25935
25939
25940
25945
25953
25956
25959
25960
25961
25962
25971
25975
25979
25980
25989
25990
25992
25994
26000
26006
26007
26008
26011
26012
26014
26016
26017
26021
26023
26025
26028
26029
26030
26031
26037
26041
26044
26047
26048
26050
26052
26056
26057
26059
26060
26061
26062
26066
26067
26068
26074
26078
26079
26082
26084
26085
26086
26092
26093
26094
26095
26096
26097
26099
26100
26107
26110
26111
26112
26113
26114
26116
26119
26120
26126
26131
26136
26141
26146
26147
26150
26156
26164
26173
26174
26175
26176
26177
26180
26181
26184
26193
26194
26198
26200
26203
26204
26205
26208
26210
26214
26218
26226
26229
26231
26236
26244
26248
26250
26252
26254
26255
26256
26259
26261
26263
26264
26267
26270
26272
26273
26276
26280
26282
26288
26293
26296
26298
26299
26302
26307
26310
26312
26313
26320
26322
26328
26329
26332
26333
26335
26343
26345
26348
26351
26352
26354
26358
26359
26360
26361
26362
26366
26368
26369
26371
26376
26377
26382
26384
26396
26399
26402
26405
26406
26409
26411
26413
26430
26431
26435
26446
26448
26453
26457
26460
26464
26465
26468
26472
26473
26474
26477
26479
26481
26483
26487
26491
26492
26493
26496
26497
26499
26507
26508
26510
26511
26514
26520
26527
26532
26535
26540
26542
26544
26550
26552
26553
26554
26557
26560
26561
26563
26565
26571
26573
26581
26582
26585
26587
26588
26592
26594
26596
26598
26600
26601
26602
26603
26608
26615
26619
26622
26624
26627
26628
26629
26630
26631
26632
26633
26634
26636
26637
26640
26641
26645
26648
26651
26653
26655
26657
26659
26662
26664
26673
26675
26676
26677
26682
26683
26684
26686
26687
26688
26690
26692
26693
26696
26699
26702
26704
26705
26706
26707
26709
26711
26712
26714
26716
26717
26719
26721
26722
26723
26725
26729
26730
26731
26733
26736
26737
26738
26740
26750
26752
26753
26758
26759
26761
26763
26765
26766
26768
26769
26773
26774
26775
26776
26777
26781
26783
26788
26789
26790
26791
26796
26798
26800
26804
26807
26812
26813
26816
26818
26819
26821
26823
26824
26825
26826
26829
26830
26831
26837
26838
26841
26843
26844
26845
26849
26856
26858
26860
26861
26863
26864
26866
26869
26876
26880
26884
26887
26893
26894
26895
26896
26899
26901
26902
26908
26909
26910
26913
26914
26918
26921
26924
26929
26931
26932
26936
26938
26939
26940
26941
26945
26947
26948
26950
26951
26954
26955
26956
26959
26962
26964
26965
26966
26967
26969
26972
26975
26976
26980
26984
26985
26986
26987
26988
26989
26993
26994
26999
27004
27005
27018
27021
27024
27026
27028
27030
27032
27037
27038
27040
27046
27049
27054
27055
27057
27059
27061
27062
27066
27081
27090
27091
27108
27111
27120
27125
27152
27154
27161
27163
27164
27171
27174
27179
27180
27184
27189
27194
27197
27200
27201
27204
27208
27216
27220
27227
27236
27240
27247
27250
27252
27254
27256
27259
27264
27265
27266
27268
27270
27271
27272
27276
27277
27278
27279
27282
27287
27291
27292
27294
27296
27302
27303
27311
27312
27316
27323
27324
27326
27329
27330
27331
27332
27343
27344
27346
27352
27353
27361
27371
27372
27376
27377
27381
27390
27391
27393
27395
27396
27400
27408
27415
27433
27440
27453
27465
27466
27469
27472
27474
27479
27484
27485
27486
27489
27490
27491
27493
27494
27495
27496
27497
27499
27505
27506
27507
27509
27510
27513
27515
27516
27521
27522
27526
27527
27528
27531
27533
27541
27542
27544
27546
27548
27555
27560
27562
27564
27568
27569
27570
27573
27578
27584
27588
27591
27592
27594
27595
27597
27599
27601
27610
27611
27612
27618
27621
27625
27636
27641
27643
27646
27651
27653
27655
27657
27660
27664
27665
27675
27676
27682
27692
27693
27694
27698
27699
27714
27715
27716
27718
27719
27724
27725
27729
27730
27735
27737
27739
27743
27745
27747
27751
27753
27754
27756
27758
27766
27767
27768
27769
27770
27773
27775
27780
27782
27786
27793
27794
27796
27797
27800
27803
27808
27815
27817
27832
27838
27839
27841
27848
27849
27853
27857
27858
27859
27860
27861
27872
27873
27874
27876
27881
27882
27884
27886
27890
27893
27894
27897
27898
27900
27902
27906
27907
27909
27920
27921
27924
27925
27927
27929
27939
27946
27949
27956
27969
27973
27976
27996
27998
27999
28000
28001
28004
28010
28013
28014
28017
28019
28028
28029
28035
28040
28051
28059
28070
28074
28075
28082
28086
28093
28096
28118
28120
28124
28135
28139
28143
28144
28160
28161
28167
28171
28178
28179
28183
28185
28193
28194
28203
28205
28207
28208
28220
28221
28225
28230
28231
28238
28240
28241
28246
28247
28253
28254
28256
28259
28265
28271
28273
28274
28276
28284
28286
28287
28290
28296
28300
28307
28310
28312
28313
28315
28317
28322
28327
28334
28335
28345
28346
28350
28357
28366
28370
28371
28374
28375
28380
28381
28384
28389
28392
28397
28401
28407
28413
28418
28429
28432
28435
28438
28445
28446
28465
28469
28473
28479
28481
28487
28491
28494
28498
28502
28505
28511
28520
28521
28532
28533
28559
28567
28577
28583
28584
28587
28589
28591
28596
28608
28617
28619
28625
28637
28638
28644
28662
28666
28668
28685
28688
28690
28696
28701
28704
28706
28714
28759
28767
28769
28777
28783
28805
28806
28814
28816
28832
28844
28850
28851
28857
28863
28864
28870
28873
28876
28880
28883
28885
28886
28887
28888
28898
28903
28904
28912
28920
28930
28932
28935
28939
28941
28947
28951
28952
28953
28955
28960
28962
28966
28969
28993
28995
28997
29001
29007
29009
29013
29015
29022
29024
29025
29029
29037
29039
29040
29043
29046
29049
29060
29061
29063
29064
29072
29074
29077
29085
29086
29093
29094
29097
29098
29100
29106
29112
29114
29115
29123
29125
29129
29132
29138
29142
29143
29145
29154
29165
29168
29171
29175
29176
29183
29187
29193
29194
29195
29204
29209
29210
29219
29226
29239
29242
29252
29254
29255
29256
29257
29263
29267
29270
29288
29295
29301
29312
29313
29317
29331
29333
29346
29351
29359
29360
29368
29369
29371
29385
29398
29400
29412
29428
29439
29449
29452
29462
29463
29469
29475
29480
29481
29484
29489
29497
29509
29517
29521
29550
29556
29560
29567
29586
29593
29596
29598
29604
29613
29625
29631
29634
29636
29644
29663
29667
29669
29673
29683
29697
29707
29714
29731
29752
29774
29779
29783
29785
29788
29796
29797
29798
29801
29817
29822
29843
29874
29880
29885
29888
29898
29918
29945
29955
29959
29967
29974
29980
29981
29982
29987
29992
29999
30005
30013
30021
30029
30032
30036
30047
30085
30107
30108
30116
30127
30132
30135
30143
30144
30149
30165
30187
30193
30227
30228
30241
30249
30255
30264
30275
30279
30280
30286
30291
30293
30302
30307
30325
30346
30347
30348
30350
30354
30359
30360
30366
30370
30372
30375
30382
30388
30402
30405
30407
30443
30453
30455
30457
30469
30477
30487
30500
30508
30519
30533
30535
30546
30548
30554
30555
30563
30576
30582
30591
30592
30593
30607
30609
30610
30616
30625
30627
30629
30632
30650
30654
30655
30663
30664
30681
30684
30688
30698
30704
30712
30714
30722
30735
30740
30741
30750
30755
30778
30786
30792
30810
30850
30881
30886
30889
30903
30908
30909
30912
30928
30930
30931
30934
30939
30940
30953
30959
30967
30969
30975
30978
30991
31013
31018
31021
31026
31035
31036
31038
31053
31056
31059
31070
31074
31077
31083
31084
31085
31089
31091
31094
31108
31139
31144
31162
31171
31187
31188
31200
31204
31207
31208
31213
31217
31230
31232
31235
31238
31246
31247
31252
31255
31262
31269
31273
31275
31282
31290
31291
31298
31300
31303
31307
31310
31313
31343
31347
31348
31362
31367
31370
31373
31381
31383
31389
31392
31395
31397
31401
31407
31414
31419
31422
31427
31432
31441
31449
31456
31467
31470
31472
31474
31482
31504
31513
31524
31532
31533
31543
31544
31559
31562
31570
31584
31587
31588
31591
31592
31617
31649
31652
31665
31671
31674
31675
31696
31700
31758
31767
31771
31772
31774
31781
31791
31792
31798
31810
31812
31813
31829
31834
31851
31865
31876
31877
31881
31883
31892
31894
31902
31903
31905
31910
31911
31917
31926
31929
31932
31934
31996
32000
32007
32014
32016
32024
32034
32045
32057
32091
32096
32098
32129
32141
32147
32155
32173
32181
32190
32206
32222
32236
32241
32246
32250
32259
32269
32314
32334
32346
32349
32354
32355
32358
32366
32369
32371
32391
32395
32396
32398
32408
32411
32417
32431
32432
32452
32457
32460
32485
32493
32497
32502
32505
32527
32530
32539
32546
32548
32571
32578
32581
32584
32586
32593
32599
32604
32607
32608
32612
32613
32616
32622
32623
32627
32637
32639
32647
32661
32667
32675
32679
32686
32688
32689
32693
32704
32707
32712
32713
32714
32717
32722
32723
32728
32731
32732
32744
32746
32749
32763
32767
32769
32774
32775
32778
32797
32798
32806
32808
32810
32813
32815
32825
32835
32836
32844
32857
32859
32860
32866
32872
32873
32874
32886
32895
32901
32903
32907
32913
32915
32917
32922
32929
32930
32931
32938
32943
32945
32956
32960
32964
32972
32976
32986
32993
33000
33012
33021
33022
33026
33034
33036
33040
33052
33054
33057
33058
33059
33064
33068
33069
33077
33082
33084
33089
33090
33102
33105
33112
33124
33127
33130
33131
33136
33139
33142
33146
33147
33148
33152
33161
33167
33170
33180
33182
33189
33190
33191
33195
33200
33210
33211
33217
33219
33221
33225
33226
33228
33230
33231
33234
33237
33245
33249
33255
33256
33257
33267
33269
33275
33284
33285
33289
33291
33293
33297
33301
33306
33310
33312
33314
33315
33317
33318
33320
33322
33325
33328
33329
33333
33336
33338
33341
33348
33353
33356
33357
33359
33362
33364
33367
33369
33370
33371
33372
33373
33374
33376
33383
33384
33389
33393
33397
33398
33400
33401
33407
33414
33415
33416
33417
33418
33422
33423
33425
33428
33429
33431
33434
33438
33441
33442
33443
33459
33465
33512
33522
33579
33588
33592
33594
33607
33616
33617
33624
33630
33640
33645
33656
33662
33664
33665
33668
33669
33671
33672
33678
33695
33697
33718
33734
33747
33748
33750
33770
33778
33790
33799
33805
33812
33828
33832
33842
33854
33866
33874
33879
33897
33926
33938
33943
33957
33960
33965
33978
33996
33997
33998
34006
34007
34009
34011
34012
34017
34019
34021
34029
34034
34036
34037
34040
34044
34045
34050
34054
34062
34064
34066
34067
34072
34089
34094
34097
34107
34108
34132
34145
34149
34154
34162
34165
34167
34172
34184
34190
34196
34197
34210
34227
34247
34256
34260
34265
34268
34276
34277
34283
34294
34299
34303
34304
34368
34389
34419
34442
34495
34554
34592
34609
34672
34733
34765
34799
34822
34997
35004
35014
35071
35080
35123
35152
35174
35192
35197
35205
35214
35222
35298
35326
35337
35345
35348
35351
35388
35394
35399
35401
35402
35403
35412
35415
35421
35422
35423
35443
35448
35464
35480
35487
35488
35493
35506
35512
35518
35530
35536
35541
35544
35545
35550
35559
35560
35574
35582
35593
35596
35604
35606
35607
35611
35615
35622
35623
35626
35628
35630
35631
35632
35634
35647
35656
35658
35660
35661
35663
35664
35667
35669
35672
35674
35680
35681
35690
35691
35700
35708
35709
35711
35714
35718
35724
35725
35727
35730
35732
35733
35736
35737
35749
35753
35760
35761
35769
35771
35775
35776
35782
35784
35785
35789
35799
35806
35814
35815
35816
35820
35828
35834
35835
35838
35841
35854
35858
35888
35889
35890
35896
35898
35905
35906
35914
35917
35922
35923
35924
35928
35931
35932
35933
35934
35945
35946
35953
35961
35962
35971
35972
35976
35989
35991
36008
36015
36018
36020
36028
36033
36037
36044
36050
36051
36056
36063
36067
36084
36086
36092
36094
36098
36101
36103
36146
36148
36150
36152
36159
36161
36164
36168
36174
36176
36178
36182
36183
36188
36189
36192
36196
36202
36204
36208
36215
36216
36217
36230
36236
36238
36242
36251
36258
36265
36266
36269
36276
36280
36281
36282
36285
36286
36288
36296
36305
36311
36315
36321
36322
36323
36324
36326
36330
36341
36342
36344
36346
36347
36350
36352
36354
36364
36369
36371
36373
36378
36383
36384
36389
36391
36393
36396
36407
36426
36429
36436
36437
36442
36451
36454
36460
36463
36465
36468
36474
36476
36479
36482
36486
36496
36503
36506
36524
36526
36527
36529
36534
36535
36537
36538
36542
36554
36559
36565
36567
36568
36578
36579
36583
36585
36590
36592
36596
36598
36599
36600
36601
36603
36613
36618
36626
36630
36635
36636
36637
36641
36653
36668
36681
36682
36683
36684
36685
36688
36690
36693
36696
36698
36700
36702
36704
36705
36706
36707
36712
36713
36715
36716
36725
36727
36728
36737
36738
36743
36748
36749
36757
36762
36765
36767
36770
36775
36778
36779
36781
36789
36805
36808
36817
36818
36819
36824
36827
36828
36830
36835
36845
36850
36858
36859
36861
36863
36885
36886
36896
36899
36900
36903
36909
36913
36915
36917
36922
36925
36929
36937
36946
36950
36952
36955
36956
36962
36965
36968
36972
36975
36977
36986
36991
37002
37006
37010
37016
37036
37044
37048
37051
37054
37055
37061
37074
37082
37085
37088
37091
37102
37107
37119
37131
37143
37145
37152
37153
37156
37158
37159
37171
37175
37176
37187
37191
37192
37194
37199
37206
37211
37216
37217
37218
37227
37229
37230
37231
37233
37236
37243
37244
37249
37252
37260
37262
37268
37273
37280
37283
37290
37291
37299
37301
37304
37306
37309
37316
37317
37324
37329
37332
37333
37334
37338
37343
37344
37346
37349
37351
37352
37353
37354
37356
37357
37366
37367
37374
37375
37380
37392
37393
37395
37404
37410
37411
37415
37420
37426
37441
37447
37456
37457
37458
37462
37466
37467
37470
37471
37472
37477
37494
37496
37507
37508
37513
37518
37522
37523
37526
37536
37538
37542
37543
37544
37553
37570
37578
37581
37584
37585
37586
37590
37596
37604
37605
37608
37610
37613
37615
37618
37625
37626
37639
37642
37650
37651
37655
37656
37662
37667
37669
37670
37672
37673
37675
37676
37680
37686
37692
37693
37694
37699
37700
37710
37715
37719
37726
37731
37733
37739
37744
37747
37755
37761
37769
37771
37775
37787
37788
37789
37795
37798
37800
37806
37810
37812
37814
37815
37821
37830
37843
37857
37860
37865
37872
37874
37890
37892
37897
37898
37900
37905
37918
37920
37922
37925
37928
37938
37941
37942
37946
37954
37957
37958
37960
37966
37967
37970
37972
37976
37985
37987
37995
38007
38009
38014
38015
38016
38022
38024
38026
38029
38032
38034
38035
38042
38050
38051
38053
38068
38072
38081
38101
38102
38104
38107
38110
38113
38117
38123
38125
38129
38131
38135
38136
38138
38147
38148
38150
38154
38155
38160
38166
38169
38176
38178
38179
38181
38186
38198
38199
38210
38224
38229
38230
38234
38247
38249
38250
38266
38270
38290
38295
38299
38302
38304
38305
38311
38335
38339
38340
38350
38364
38365
38373
38385
38388
38389
38395
38402
38407
38409
38415
38425
38437
38440
38442
38450
38457
38466
38473
38474
38479
38483
38486
38489
38492
38493
38495
38506
38508
38509
38512
38515
38524
38525
38531
38534
38537
38545
38548
38551
38556
38559
38564
38570
38571
38574
38583
38599
38615
38618
38619
38620
38633
38635
38638
38644
38647
38653
38654
38663
38664
38666
38669
38671
38674
38680
38683
38688
38689
38691
38695
38696
38699
38700
38701
38704
38705
38707
38708
38718
38722
38731
38732
38736
38737
38738
38743
38744
38745
38754
38756
38757
38763
38769
38775
38778
38780
38781
38784
38787
38791
38792
38793
38799
38802
38806
38812
38814
38823
38824
38825
38828
38829
38830
38835
38840
38844
38845
38849
38853
38856
38862
38864
38865
38868
38870
38871
38872
38883
38884
38891
38898
38902
38907
38908
38909
38910
38913
38916
38921
38923
38924
38928
38931
38933
38937
38939
38949
38951
38952
38960
38964
38967
38971
38972
38973
38976
38988
38992
38998
39000
39006
39021
39023
39029
39031
39035
39044
39047
39053
39055
39061
39064
39068
39078
39088
39089
39100
39108
39112
39117
39122
39128
39141
39154
39163
39169
39175
39187
39188
39196
39197
39198
39199
39202
39204
39205
39208
39225
39226
39232
39244
39246
39254
39270
39281
39285
39288
39291
39295
39298
39304
39307
39312
39316
39325
39326
39328
39336
39337
39349
39353
39354
39356
39362
39363
39365
39366
39377
39379
39387
39388
39394
39396
39413
39419
39420
39421
39422
39438
39445
39453
39465
39482
39486
39502
39521
39538
39546
39549
39573
39575
39590
39595
39597
39610
39619
39620
39634
39637
39643
39644
39648
39655
39658
39676
39686
39693
39696
39704
39706
39728
39731
39740
39762
39772
39776
39784
39787
39795
39810
39812
39822
39846
39848
39853
39860
39863
39879
39886
39888
39913
39917
39919
39921
39922
39928
39929
39938
39940
39943
39945
39949
39963
39964
39966
39971
39973
39975
39976
39977
39983
39991
39993
39994
39995
39997
39998
39999
40000
40003
40007
40014
40018
40021
40022
40032
40035
40037
40041
40043
40048
40052
40058
40061
40063
40065
40067
40068
40074
40078
40082
40086
40089
40090
40093
40096
40098
40105
40106
40115
40117
40120
40153
40156
40170
40174
40175
40184
40196
40207
40209
40220
40230
40232
40246
40252
40255
40259
40262
40265
40269
40275
40282
40283
40297
40332
40337
40341
40347
40362
40369
40373
40376
40381
40388
40389
40392
40397
40398
40400
40405
40407
40412
40414
40419
40425
40429
40432
40433
40435
40436
40437
40439
40441
40442
40449
40452
40454
40457
40462
40465
40479
40480
40481
40487
40488
40492
40497
40498
40500
40519
40520
40521
40528
40531
40532
40533
40539
40543
40546
40547
40549
40552
40554
40555
40556
40564
40566
40568
40569
40578
40580
40587
40592
40594
40598
40600
40601
40605
40610
40615
40623
40633
40637
40643
40645
40649
40651
40657
40664
40667
40668
40672
40676
40679
40682
40684
40685
40697
40699
40709
40710
40717
40719
40724
40726
40727
40730
40731
40737
40741
40753
40754
40755
40758
40760
40771
40774
40779
40780
40782
40783
40787
40791
40793
40794
40799
40802
40803
40809
40810
40814
40817
40824
40825
40829
40830
40837
40839
40842
40843
40844
40845
40847
40850
40855
40858
40862
40866
40868
40871
40875
40877
40882
40884
40886
40895
40904
40908
40919
40923
40925
40927
40928
40930
40934
40937
40940
40943
40944
40945
40951
40952
40957
40959
40961
40962
40963
40964
40965
40966
40969
40972
40974
40975
40976
40979
40984
40992
40993
40994
40995
40996
41002
41006
41010
41011
41022
41023
41026
41027
41032
41035
41038
41041
41045
41047
41050
41052
41054
41055
41058
41060
41071
41078
41081
41083
41089
41095
41099
41101
41114
41115
41122
41125
41126
41130
41132
41136
41138
41139
41142
41143
41147
41152
41154
41156
41160
41164
41170
41171
41175
41179
41180
41181
41186
41188
41194
41197
41202
41206
41207
41212
41217
41218
41231
41233
41242
41250
41257
41258
41262
41265
41268
41274
41275
41278
41283
41285
41288
41293
41294
41295
41296
41297
41298
41304
41311
41322
41327
41331
41336
41343
41345
41347
41348
41350
41353
41358
41362
41364
41365
41367
41370
41378
41384
41388
41389
41392
41394
41398
41399
41402
41405
41406
41408
41413
41421
41429
41432
41444
41448
41450
41452
41453
41455
41460
41461
41465
41470
41472
41473
41482
41483
41486
41492
41497
41499
41501
41502
41504
41507
41508
41515
41518
41524
41526
41533
41535
41536
41537
41538
41541
41547
41550
41552
41553
41554
41556
41558
41559
41560
41561
41564
41565
41572
41573
41574
41575
41578
41579
41581
41586
41587
41588
41589
41590
41591
41592
41595
41599
41606
41607
41608
41609
41614
41617
41618
41624
41625
41626
41632
41634
41636
41637
41640
41644
41645
41646
41650
41654
41660
41666
41668
41669
41675
41677
41682
41683
41688
41689
41696
41698
41700
41705
41708
41709
41710
41720
41721
41723
41725
41729
41732
41737
41738
41742
41743
41745
41747
41748
41755
41766
41769
41771
41772
41774
41775
41776
41780
41785
41786
41787
41790
41791
41792
41796
41797
41804
41807
41810
41813
41814
41815
41822
41823
41832
41833
41838
41839
41843
41845
41846
41847
41850
41851
41856
41858
41863
41867
41868
41872
41875
41879
41884
41885
41888
41892
41894
41895
41898
41900
41901
41903
41905
41906
41911
41918
41928
41939
41940
41941
41943
41945
41947
41948
41949
41951
41957
41958
41959
41960
41961
41967
41969
41970
41971
41973
41974
41975
41977
41978
41981
41982
41984
41987
41994
41997
41998
42007
42008
42010
42015
42017
42024
42026
42028
42031
42033
42035
42037
42038
42041
42043
42044
42047
42052
42054
42055
42056
42057
42059
42061
42065
42068
42073
42075
42076
42079
42080
42082
42087
42092
42093
42095
42096
42097
42098
42099
42101
42105
42106
42110
42111
42114
42116
42120
42122
42123
42126
42127
42129
42131
42133
42134
42136
42137
42140
42144
42147
42150
42151
42152
42153
42154
42156
42162
42167
42170
42175
42178
42182
42183
42184
42185
42200
42201
42203
42206
42207
42208
42211
42212
42213
42217
42219
42221
42222
42226
42228
42230
42231
42238
42240
42241
42242
42245
42247
42250
42251
42256
42257
42259
42261
42262
42267
42269
42270
42272
42273
42275
42276
42281
42283
42285
42288
42294
42295
42298
42299
42301
42302
42303
42305
42306
42309
42313
42321
42324
42330
42333
42336
42344
42350
42352
42353
42355
42361
42363
42367
42374
42377
42384
42385
42386
42387
42389
42390
42392
42396
42397
42402
42404
42405
42406
42409
42416
42421
42423
42425
42429
42432
42434
42438
42442
42443
42446
42449
42450
42453
42457
42463
42476
42477
42479
42482
42484
42487
42489
42496
42498
42500
42501
42503
42505
42510
42515
42518
42520
42521
42526
42531
42532
42533
42539
42541
42547
42549
42550
42557
42558
42559
42560
42566
42568
42572
42573
42584
42589
42590
42593
42597
42599
42600
42603
42606
42607
42610
42611
42615
42617
42618
42619
42624
42626
42629
42630
42632
42639
42640
42643
42644
42648
42650
42651
42652
42656
42658
42660
42666
42667
42669
42671
42673
42675
42690
42695
42698
42699
42700
42702
42703
42705
42710
42711
42713
42714
42721
42723
42727
42730
42731
42734
42735
42738
42739
42747
42749
42750
42751
42756
42757
42764
42766
42768
42771
42773
42774
42775
42777
42787
42794
42800
42804
42809
42813
42817
42821
42825
42828
42829
42836
42839
42841
42844
42846
42847
42849
42850
42856
42857
42860
42869
42872
42873
42874
42875
42878
42879
42880
42882
42883
42885
42887
42891
42894
42896
42901
42903
42904
42905
42906
42908
42910
42911
42914
42915
42920
42922
42923
42924
42930
42931
42933
42934
42936
42942
42943
42946
42947
42952
42954
42957
42959
42968
42973
42976
42980
42983
42995
42998
42999
43005
43007
43008
43009
43010
43016
43017
43019
43021
43022
43026
43038
43039
43043
43051
43056
43057
43061
43064
43067
43072
43083
43087
43090
43091
43092
43094
43095
43101
43110
43116
43120
43124
43130
43134
43141
43155
43165
43168
43172
43183
43185
43187
43188
43195
43198
43199
43200
43201
43207
43217
43223
43224
43241
43243
43245
43247
43248
43251
43253
43254
43257
43261
43263
43265
43268
43273
43275
43277
43283
43286
43296
43299
43300
43302
43310
43311
43312
43318
43327
43329
43346
43349
43354
43358
43363
43366
43385
43389
43392
43423
43435
43447
43450
43493
43496
43501
43510
43518
43520
43523
43528
43529
43530
43532
43536
43548
43551
43554
43563
43567
43574
43577
43588
43590
43601
43608
43612
43615
43622
43628
43629
43632
43633
43636
43638
43639
43642
43645
43648
43656
43660
43664
43667
43669
43672
43678
43684
43685
43697
43701
43703
43705
43709
43713
43714
43720
43726
43728
43743
43746
43747
43750
43751
43754
43765
43777
43778
43781
43782
43785
43788
43792
43797
43799
43804
43808
43809
43816
43825
43831
43832
43833
43838
43839
43841
43858
43860
43867
43874
43881
43889
43892
43893
43894
43899
43900
43910
43911
43912
43927
43929
43930
43936
43940
43944
43952
43960
43962
43963
43969
43971
43972
43975
43976
43977
43979
43981
43982
43986
43988
43991
43994
43997
44003
44006
44008
44009
44030
44038
44041
44042
44046
44048
44049
44050
44051
44053
44057
44058
44061
44070
44073
44074
44076
44080
44081
44086
44087
44088
44090
44091
44100
44112
44114
44117
44120
44122
44123
44126
44127
44128
44131
44132
44136
44140
44141
44144
44149
44155
44163
44170
44175
44180
44182
44183
44185
44186
44189
44224
44226
44233
44241
44244
44246
44255
44256
44261
44262
44268
44285
44288
44292
44295
44296
44297
44298
44300
44311
44312
44314
44315
44321
44325
44329
44331
44336
44338
44340
44341
44343
44346
44358
44359
44360
44372
44376
44379
44380
44386
44390
44393
44395
44406
44409
44412
44418
44426
44432
44433
44437
44442
44446
44448
44453
44454
44458
44461
44464
44465
44466
44467
44472
44479
44480
44485
44488
44491
44497
44500
44501
44503
44504
44505
44511
44515
44523
44525
44527
44531
44532
44542
44545
44546
44579
44590
44598
44604
44621
44636
44637
44647
44650
44654
44655
44663
44667
44668
44672
44676
44681
44685
44687
44716
44718
44724
44737
44748
44755
44764
44766
44774
44782
44785
44795
44798
44799
44803
44804
44810
44811
44815
44822
44827
44849
44850
44857
44860
44863
44864
44866
44881
44887
44889
44891
44892
44894
44896
44900
44905
44912
44914
44918
44921
44922
44924
44925
44931
44932
44938
44940
44948
44951
44952
44971
44976
44982
44994
44995
44998
45002
45007
45011
45022
45028
45040
45042
45061
45077
45091
45098
45104
45106
45108
45115
45116
45118
45119
45120
45128
45132
45134
45142
45144
45147
45175
45183
45184
45188
45189
45190
45191
45194
45199
45200
45201
45202
45233
45236
45242
45247
45291
45310
45313
45314
45324
45325
45327
45336
45339
45344
45355
45371
45375
45377
45378
45382
45396
45406
45410
45418
45423
45426
45431
45435
45436
45439
45443
45454
45455
45472
45475
45484
45499
45504
45509
45514
45515
45518
45522
45523
45524
45528
45529
45554
45602
45607
45620
45623
45624
45628
45638
45651
45665
45666
45708
45725
45726
45739
45764
45767
45776
45794
45796
45800
45802
45814
45816
45842
45850
45872
45875
45880
45892
45893
45900
45901
45913
46064
46095
46107
46111
46134
46146
46148
46149
46150
46160
46170
46185
46192
46199
46206
46210
46222
46226
46235
46244
46245
46248
46252
46271
46283
46284
46293
46300
46302
46313
46316
46317
46320
46326
46328
46330
46341
46343
46344
46354
46355
46356
46375
46384
46385
46392
46393
46401
46403
46415
46427
46429
46430
46432
46436
46440
46442
46447
46460
46462
46466
46476
46479
46488
46489
46492
46510
46514
46516
46517
46518
46519
46530
46536
46541
46546
46547
46554
46555
46556
46559
46565
46567
46575
46577
46580
46582
46585
46592
46597
46598
46601
46603
46609
46611
46615
46618
46619
46633
46647
46658
46661
46662
46679
46681
46683
46688
46696
46699
46710
46721
46729
46730
46733
46735
46737
46743
46760
46763
46764
46765
46767
46775
46781
46783
46792
46799
46806
46807
46809
46817
46818
46821
46824
46829
46836
46838
46840
46841
46846
46850
46858
46866
46871
46874
46885
46886
46889
46893
46894
46896
46899
46901
46910
46911
46916
46918
46921
46925
46930
46931
46932
46938
46952
46953
46956
46969
46978
46984
46986
46989
46990
46993
47002
47017
47021
47024
47034
47047
47051
47054
47055
47057
47062
47068
47079
47081
47086
47096
47097
47110
47127
47140
47142
47143
47148
47149
47152
47155
47156
47158
47161
47167
47172
47180
47184
47187
47189
47192
47198
47202
47206
47213
47218
47232
47234
47245
47248
47252
47255
47258
47262
47270
47271
47281
47289
47293
47297
47303
47305
47307
47311
47318
47321
47329
47332
47333
47337
47340
47348
47349
47360
47361
47362
47368
47370
47371
47372
47376
47378
47381
47385
47388
47404
47406
47407
47411
47412
47415
47417
47418
47419
47428
47433
47438
47439
47444
47445
47449
47457
47462
47463
47464
47473
47485
47486
47497
47504
47508
47538
47546
47552
47564
47569
47573
47574
47575
47578
47585
47586
47587
47602
47606
47607
47626
47627
47632
47641
47661
47665
47672
47674
47680
47692
47695
47703
47706
47709
47729
47731
47743
47745
47753
47757
47759
47760
47763
47765
47766
47771
47772
47775
47784
47785
47786
47790
47791
47792
47793
47796
47804
47805
47813
47815
47816
47824
47825
47826
47827
47832
47834
47837
47838
47840
47845
47848
47850
47854
47859
47862
47865
47868
47870
47872
47873
47896
47904
47907
47909
47913
47916
47924
47930
47934
47935
47941
47945
47947
47964
47965
47967
47971
47972
47978
47988
47989
47990
47997
48003
48004
48009
48010
48014
48026
48027
48028
48032
48038
48042
48046
48070
48074
48079
48089
48097
48098
48102
48109
48127
48138
48146
48174
48217
48219
48227
48234
48261
48350
48356
48362
48369
48384
48385
48389
48397
48402
48408
48418
48422
48428
48441
48445
48447
48449
48466
48488
48490
48493
48499
48508
48509
48510
48528
48530
48553
48554
48559
48560
48564
48579
48582
48598
48616
48618
48644
48646
48647
48675
48676
48688
48703
48716
48729
48730
48743
48751
48753
48762
48765
48768
48772
48773
48796
48804
48810
48858
48871
48885
48909
48924
48927
48969
48984
48992
48994
49034
49037
49049
49053
49054
49058
49085
49105
49113
49114
49115
49120
49126
49128
49145
49154
49165
49197
49199
49203
49213
49227
49246
49249
49258
49269
49270
49273
49282
49290
49296
49310
49312
49317
49327
49337
49341
49359
49368
49377
49393
49402
49404
49415
49438
49449
49450
49453
49466
49485
49491
49503
49513
49527
49544
49549
49569
49571
49572
49578
49590
49598
49611
49624
49625
49634
49640
49675
49683
50019
50113
50457
50557
51200
51216
51348
51489
51516
51532
51588
51589
51657
51675
51708
51732
51760
51802
51873
51932
52054
52055
52081
52158
52288
52621
52631
53033
53524
53592
53732
53807
53864
53915
53959
54091
54513
54617
54652
54871
55050
55067
55167
55464
55465
55477
55551
55592
55665
55681
55682
55684
55689
55693
55694
55698
55700
55702
55707
55708
55756
55834
55850
55852
55871
55884
55973
55997
56027
56245
56393
56506
56532
56534
56552
56572
56593
56605
56663
56747
56769
56958
57059
57079
57088
57102
57130
57213
57353
57362
57488
57574
57649
57650
57656
57701
57732
57757
57780
57795
57796
57852
57888
57889
57901
58026
58053
58116
58128
58129
58180
58202
58255
58268
58280
58309
58330
58357
58358
58381
58442
58449
58461
58471
58472
58491
58495
58497
58506
58508
58516
58522
58537
58553
58580
58589
58591
58595
58598
58631
58723
58789
58869
58870
58888
58926
58934
58985
58993
59033
59089
59100
59104
59162
59171
59184
59211
59260
59271
59371
59428
59429
59440
59508
59540
59544
59571
59607
59616
59660
59695
59741
59772
59854
59876
59920
59933
60072
60143
60159
60244
60252
60590
60616
60630
60643
60705
60706
60741
60759
60816
60861
60880
60887
60910
60917
60977
60978
61108
61149
61154
61171
61202
61228
61265
61343
61423
61648
61657
61741
61776
61830
61942
62006
62049
62072
62133
62190
62228
62240
62249
62266
62394
62413
62440
62477
62494
62601
62662
62729
62743
62764
62800
62802
62818
62958
62967
63015
63082
63136
63207
63276
63305
63472
63578
63591
63724
63751
63825
63834
63848
63857
63860
63914
63935
63941
63945
64054
64260
64329
64567
64694
64722
64747
64783
64784
64793
64841
64888
64941
64944
64968
65003
65013
65035
65041
65096
65111
65125
65144
65146
65182
65186
65201
65203
65214
65254
65257
65258
65265
65282
65290
65327
65343
65352
65382
65407
65409
65422
65429
65466
65489
65490
65493
65505
65535
65537
65577
65593
65595
65661
65802
65809
65834
65864
65894
65896
65981
66013
66055
66083
66093
66097
66151
66154
66159
66168
66197
66206
66242
66246
66257
66271
66279
66280
66284
66286
66288
66296
66297
66311
66320
66337
66338
66346
66349
66369
66413
66414
66418
66420
66459
66494
66506
66509
66530
66563
66567
66580
66581
66597
66623
66670
66683
66693
66715
66741
66762
66780
66787
66789
66803
66804
66805
66808
66811
66814
66815
66834
66839
66855
66900
66918
66967
67008
67038
67055
67080
67081
67095
67103
67112
67125
67126
67127
67185
67350
67362
67369
67414
67436
67440
67457
67526
67532
67535
67541
67589
67591
67598
67599
67622
67648
67768
67809
67887
67916
67918
67956
67970
68002
68023
68024
68035
68085
68087
68120
68140
68141
68159
68161
68177
68187
68188
68226
68286
68302
68309
68324
68331
68355
68363
68364
68368
68378
68380
68395
68403
68446
68472
68473
68504
68515
68516
68556
68557
68690
68732
68840
68847
68865
68908
68953
68989
68992
69029
69043
69055
69059
69077
69114
69142
69156
69179
69180
69194
69210
69242
69311
69325
69328
69331
69335
69350
69368
69370
69406
69422
69427
69456
69499
69568
69579
69581
69591
69615
69625
69639
69646
69660
69683
69692
69709
69719
69726
69728
69729
69731
69781
69799
69801
69802
69809
69812
69821
69845
69865
69894
69919
69935
69943
69949
69960
69961
69975
69979
69993
69999
70006
70014
70035
70038
70053
70056
70065
70095
70111
70138
70154
70169
70170
70184
70207
70221
70222
70245
70263
70267
70278
70292
70308
70325
70359
70374
70379
70388
70405
70435
70439
70446
70447
70461
70508
70571
70590
70593
70621
70635
70646
70654
70691
70721
70742
70743
70752
70753
70763
70777
70841
70857
70869
70874
70879
70889
70903
70954
70955
70967
70972
70982
70987
71004
71020
71043
71089
71135
71161
71183
71188
71205
71224
71240
71261
71265
71266
71310
71334
71377
71390
71409
71436
71528
71542
71602
71612
71638
71668
71688
71701
71746
71764
71835
71858
71859
71876
71910
71914
71936
71937
71947
71978
71986
72009
72015
72030
72057
72059
72062
72081
72130
72149
72172
72186
72196
72198
72213
72236
72259
72283
72287
72294
72312
72319
72321
72342
72345
72358
72370
72371
72378
72402
72409
72436
72468
72475
72541
72559
72585
72613
72629
72630
72686
72788
72799
72807
72820
72861
72874
72899
72918
72931
72936
72944
72960
72968
73051
73055
73104
73126
73399
73471
73478
73497
73507
73531
73552
73565
73569
73620
73647
73656
73691
73699
73702
73715
73743
73759
73768
73772
73774
73779
73896
73920
73943
73961
73963
73968
74018
74065
74081
74083
74103
74140
74141
74156
74178
74189
74205
74210
74223
74227
74237
74238
74258
74277
74343
74368
74436
74478
74485
74502
74519
74520
74535
74546
74558
74578
74579
74582
74615
74635
74643
74668
74669
74681
74682
74697
74699
74717
74726
74760
74810
74870
74938
74994
75005
75031
75044
75045
75094
75128
75129
75137
75141
75146
75147
75155
75168
75169
75172
75194
75217
75305
75307
75347
75367
75452
75454
75496
75561
75566
75621
75627
75635
75645
75658
75659
75668
75678
75688
75703
75710
75761
75763
75782
75783
75807
75834
75871
75918
75962
75974
75976
76020
76023
76104
76107
76129
76182
76240
76252
76272
76300
76312
76313
76314
76334
76335
76344
76414
76418
76424
76429
76445
76449
76511
76625
76655
76685
76686
76733
76748
76751
76798
76828
76855
76897
77001
77058
77077
77079
77175
77176
77191
77235
77238
77259
77278
77292
77349
77386
77401
77402
77412
77473
77516
77527
77528
77530
77560
77573
77584
77585
77626
77647
77654
77668
77737
77744
77782
77828
77883
77887
77888
77899
77924
77954
77955
77961
77962
77973
78038
78077
78095
78096
78114
78121
78165
78172
78180
78183
78206
78207
78208
78333
78356
78371
78387
78421
78430
78474
78529
78561
78568
78609
78617
78642
78673
78685
78745
78786
78826
78867
78903
78922
78930
78977
78984
79017
79024
79028
79058
79064
79090
79111
79116
79132
79133
79138
79161
79187
79197
79199
79229
79235
79236
79260
79305
79313
79317
79330
79390
79391
79403
79437
79467
79495
79498
79541
79560
79577
79580
79587
79606
79615
79637
79662
79718
79725
79769
79770
79798
79819
79827
79828
79852
79853
79883
79893
79908
79911
79918
79924
79939
79959
79973
79979
79988
80005
80014
80061
80062
80119
80147
80178
80216
80234
80291
80328
80343
80419
80440
80459
80465
80479
80501
80517
80574
80575
80580
80678
80682
80688
80698
80726
80798
80818
80856
80870
80871
80880
80920
81032
81078
81110
81126
81150
81168
81172
81174
81186
81263
81277
81301
81332
81343
81370
81450
81483
81494
81551
81561
81594
81648
81662
81743
81847
81851
81861
81864
81916
81921
81924
81937
82032
82142
82150
82193
82201
82232
82307
82310
82331
82407
82409
82485
82531
82584
82597
82643
82644
82706
82738
82739
82740
82779
82856
82877
82894
82929
82996
83020
83022
83055
83056
83072
83108
83130
83177
83186
83187
83202
83258
83269
83280
83291
83336
83388
83392
83408
83440
83483
83490
83496
83501
83526
83539
83555
83560
83643
83644
83645
83688
83696
83746
83759
83760
83802
83824
83843
83844
83872
83902
83921
83941
83945
83958
83986
83989
83999
84033
84038
84057
84076
84080
84104
84114
84117
84119
84137
84154
84175
84212
84239
84240
84247
84255
84279
84281
84397
84428
84440
84487
84496
84558
84570
84577
84590
84614
84641
84745
84761
84764
84779
84790
84846
84852
84884
84890
84901
84963
85044
85045
85054
85083
85099
85117
85118
85127
85153
85162
85163
85179
85213
85244
85287
85300
85314
85346
85365
85380
85381
85407
85432
85485
85535
85559
85576
85583
85585
85664
85691
85701
85746
85774
85844
85882
85910
85974
85977
86008
86023
86094
86132
86177
86219
86282
86291
86339
86350
86351
86352
86381
86393
86593
86608
86632
86708
86709
86710
86783
86816
86840
86852
86866
86872
87325
87342
87343
87495
87597
87625
87714
87725
87737
87750
87771
87811
87828
88095
88138
88210
88215
88268
88407
88507
88525
88549
88601
88718
88776
88788
88825
88851
88872
88879
88887
88906
88999
89032
89047
89096
89210
89236
89244
89265
89340
89386
89426
89517
89520
89547
89584
89648
89695
89795
89879
89885
90002
90003
90038
90050
90069
90072
90114
90151
90240
90262
90270
90297
90352
90428
90451
90487
90517
90534
90549
90570
90678
90739
90793
90882
90909
90937
90974
91031
91048
91169
91239
91381
91417
91497
91579
91603
91694
91724
91798
92144
92156
92187
92261
92346
92352
92462
92681
92719
92970
93012
93176
93184
93185
93236
93288
93323
93343
93471
93493
93501
93571
93612
93695
93755
93826
93848
93849
93887
93900
94026
94137
94149
94159
94268
94305
94332
94337
94354
94408
94451
94493
94548
94557
94599
94624
94643
94798
94817
94820
94837
94878
94889
94895
94926
94927
94944
94955
94976
94977
95001
95006
95055
95103
95107
95112
95168
95174
95185
95191
95204
95205
95208
95215
95221
95223
95302
95303
95322
95362
95389
95456
95514
95548
95580
95615
95772
95782
95835
95860
95928
95929
96021
96034
96060
96087
96089
96185
96209
96241
96242
96263
96273
96303
96373
96415
96426
96477
96478
96501
96505
96547
96551
96565
96566
96592
96607
96656
96657
96660
96711
96754
96766
96789
96889
96924
96984
97018
97119
97197
97433
97485
97666
97780
97817
97901
97956
98178
98381
99009
99100
99148
99198
99250
99270
99273
99299
99347
99362
99425
99433
99435
99449
99464
99665
99745
99749
99768
99772
99832
99914
99927
99954
99957
99989
100000
100008
100075
100116
100128
100132
100135
100141
100167
100218
100232
100260
100299
100316
100376
100445
100465
100645
100757
100800
100838
100893
100910
100959
101045
101078
101126
101135
101144
101148
101149
101150
101188
101222
101223
101226
101285
101386
101462
101476
101488
101489
101594
101618
101794
101850
101988
102025
102087
102115
102119
102228
102299
102307
102362
102640
102644
102736
102826
102949
103058
103224
103405
103573
103578
103821
103852
103976
104075
104216
104357
104461
104545
104597
104764
104768
104784
104914
105009
105098
105168
105353
105477
105552
105710
105780
105875
105932
105936
106057
106087
106089
106214
106224
106348
106424
106500
106536
106625
106642
106710
106852
107006
107112
107134
107163
107243
107279
107435
107504
107583
107722
107790
107803
107844
107940
107981
108062
108069
108070
108147
108204
108288
108342
108403
108411
108598
108607
108698
108709
108724
108792
108833
108834
108879
108880
108884
108885
109329
109347
109354
109368
109393
109748
109749
109790
109804
110085
110086
110141
110261
110359
110440
110474
110506
110568
110580
110610
110611
110636
110720
110761
110770
110870
110877
110885
110886
110889
110941
111080
111105
111170
111211
111237
111670
111905
111921
111943
111972
112150
112209
112238
112299
112414
112457
112586
112607
112692
112726
112785
112820
112895
112901
112934
112960
113053
113209
113223
113233
113288
113292
113450
113473
113474
113495
113560
113562
113603
113609
113630
113651
113659
113677
113702
113712
113713
113769
113789
113800
113810
113811
113817
113833
113837
113842
113847
113881
113891
113917
113921
113929
114006
114014
114026
114034
114081
114129
114166
114167
114171
114210
114220
114252
114283
114297
114331
114475
114495
114497
114510
114622
114672
114693
114835
114847
114881
114888
114898
114938
114945
114955
115080
115212
115397
115430
115435
115484
115505
115540
115553
115580
115594
115717
115730
115739
115745
115760
115781
115801
115919
115939
115960
115971
115979
115981
115996
116021
116022
116036
116050
116051
116138
116142
116159
116160
116188
116205
116238
116262
116269
116272
116299
116316
116331
116337
116378
116384
116392
116394
116410
116457
116471
116496
116502
116523
116545
116573
116586
116606
116607
116617
116625
116630
116636
116639
116640
116650
116655
116671
116678
116692
116730
116855
116918
116921
116953
116976
117000
117066
117069
117077
117104
117144
117148
117165
117221
117244
117361
117362
117372
117373
117388
117398
117431
117448
117476
117484
117574
117630
117694
117702
117705
117746
117754
117755
117782
117797
118022
118034
118054
118056
118057
118076
118089
118091
124569
124707
124843
124844
124879
124885
124951
125026
125086
125178
125212
125269
125353
125411
125518
125619
125679
125769
125896
125926
125953
125974
126043
126057
126096
126141
126221
126249
126280
126284
126318
126354
126355
126371
126378
126402
126417
126421
126435
126439
126470
126484
126496
126570
126589
126605
126646
126647
126655
126710
126728
126882
126922
126938
127079
127084
127121
127135
127141
127204
127207
127226
127252
127304
127334
127339
127382
127408
127415
127426
127499
127504
127529
127561
127585
127601
127610
127614
127638
127645
127700
127727
127729
127748
127775
127804
127806
127849
127857
127862
127902
127903
127920
127933
127938
127995
128002
128023
128071
128121
128127
128187
128197
128234
128283
128323
128325
128336
128337
128366
128409
128494
128540
128546
128593
128607
128746
128749
128767
128815
128835
128879
128884
128938
128965
129063
129078
129134
129189
129203
129204
129269
129307
129377
129429
129476
129588
129606
129616
129664
129681
129776
129821
129834
129948
130089
130105
130124
130166
130167
130190
130196
130212
130223
130227
130237
130243
130250
130277
130307
130359
130387
130396
130401
130402
130406
130409
130441
130473
130476
130503
130519
130522
130525
130551
130553
130575
130602
130609
130619
130637
130648
130676
130703
130712
130736
130741
130780
130787
130827
130834
130838
130861
130872
130882
130912
130952
130963
131011
131030
131052
131084
131089
131105
131123
131127
131156
131160
131169
131184
131196
131224
131232
131239
131262
131289
131316
131351
131354
131412
131425
131454
131474
131476
131513
131534
131549
131550
131581
131582
131602
131640
131648
131656
131791
131792
131855
131912
131958
131967
131970
131999
132000
132135
132144
132213
132224
132225
132244
132269
132283
132325
132336
132384
132385
132388
132408
132471
132495
132509
132520
132566
132578
132616
132661
132675
132697
132720
132734
132745
132755
132781
132810
132826
132856
132882
132905
132921
132927
132931
132953
132960
132969
132982
132985
132989
132991
132993
132997
133003
133016
133019
133021
133033
133036
133044
133051
133053
133058
133065
133085
133089
133120
133141
133148
133161
133167
133183
133196
133218
133251
133278
133308
133318
133347
133352
133407
133417
133431
133495
133505
133529
