116051
115981
110941
110886
110885
110770
110611
110261
110085
109790
109748
87342
87325
86866
86852
86840
86816
86709
86708
86632
86608
86593
86381
86352
86350
86339
86291
86282
86219
86177
86023
86008
85977
85910
85844
85691
85664
36378
85535
36347
36341
36330
85381
85380
36168
36063
36056
85213
36028
85179
35989
85083
35923
35906
35838
35834
35749
35733
35727
84884
35664
35628
35530
84080
83986
83902
83844
83843
83526
83501
83483
83269
83186
83177
83072
83022
83020
82996
82877
82706
82597
82531
82307
82032
81924
81662
81561
81450
81370
81301
81172
80798
80726
80698
80682
80580
80574
80501
80234
31026
31013
80147
30967
80062
80014
79988
79979
30786
30740
79893
30712
79853
79852
79827
30663
79770
79769
30610
30591
30533
30508
79637
79615
30457
79606
79587
79560
79495
79467
79390
79260
79236
79187
79138
79133
79132
79116
79058
79028
29774
78930
78745
29556
78642
78617
78609
78568
78561
78529
78421
78387
78371
28521
27976
27920
27873
27860
27751
27739
27718
27698
27636
27415
76429
76418
76414
75645
26252
26100
75172
75155
75141
75137
74870
74760
74699
74582
74558
74485
74368
74343
25151
74277
74223
25051
25048
74205
74178
25012
74103
24858
24754
73768
24542
24499
24468
24455
24349
73497
23937
23921
23774
23761
23750
23720
23688
23676
23644
23643
23613
23578
23321
23315
23311
23216
23214
23183
23177
23015
70752
70721
70691
70654
70635
70621
70571
70439
70374
70325
70207
20978
20849
20836
20787
20786
20708
20688
20671
20664
20656
20574
69731
20528
20488
20442
20405
20366
69499
20167
20163
20084
20065
20060
20030
20022
20004
20000
19891
19879
18575
18276
66789
66780
17600
66581
17382
66509
66506
17325
17313
17225
17131
17089
17064
66159
16967
16941
16827
16810
16565
16511
16465
16464
16443
16264
16184
16171
16062
16057
16044
16042
16039
16011
15972
15939
15922
15919
15846
15838
15741
15153
14765
14584
14537
14447
14275
14061
14002
13999
13733
13369
12864
12853
12819
110889
12506
12369
12103
11992
11869
11828
85576
11810
11779
36346
11753
11704
36282
11661
11623
11620
11616
36208
85365
11615
36204
11611
11548
11543
11536
11418
85153
11255
11244
11201
11199
10962
10909
35422
35403
10697
83802
10030
9986
83644
58631
58595
58129
58026
57901
57888
57795
57780
57757
8196
57353
57088
57059
81551
56958
56605
81174
56552
7373
56506
7197
7141
80871
6999
31570
6972
80678
80440
80343
6476
6459
79798
79725
5908
78977
78867
78786
78673
53864
53732
53524
28469
53033
52631
28019
27773
27594
2500
76182
25111
49590
74141
49491
49450
73620
73478
23877
23742
47848
23281
23221
47771
47765
47760
47753
47457
47449
47445
47438
47419
70763
70753
70743
70742
20958
20951
20562
69692
20037
43101
43095
43094
43092
43091
43090
43067
43064
43061
43056
43051
43039
43026
43022
43021
43017
43016
43010
43008
42998
42995
42954
42946
42943
42942
42936
42934
42933
42931
42915
42914
42910
42908
42906
42905
42904
42903
42896
42891
42885
42883
42882
42880
42879
42875
42874
42873
42860
42857
42856
42850
42849
42847
42846
42839
42821
42775
42773
42771
42766
42750
42749
42747
42739
42738
42734
42731
42730
42714
42713
42711
42705
42702
42700
42699
42671
42669
42660
42658
42652
42644
42640
42639
42632
42629
42624
42619
42618
42617
42615
42603
42597
42590
42589
42584
42568
42566
42560
42550
42541
42539
42521
42518
42515
42505
42503
42501
42500
42496
42487
42484
42482
42479
42457
42453
42449
42446
42438
42434
42432
42421
42416
42409
42406
42405
42392
42389
42387
42386
42384
42374
42363
42361
42355
42353
42352
42350
42330
42305
42295
42288
42283
42273
42269
42267
42262
42261
42259
42257
42256
42251
42245
42242
42241
42240
42231
42230
115971
42219
42217
42213
42208
42203
42200
42185
42175
42153
42151
42147
42144
42140
42133
42129
42126
42123
66715
42106
42101
42096
42082
42068
42065
42061
42052
42047
42033
42017
42015
41994
41987
41982
66563
41959
41951
41945
41941
41748
41747
41743
41742
41729
41723
41710
41709
41700
41698
41696
41617
41614
41606
41589
41588
41586
41581
41538
41536
41535
41533
41526
16954
41508
41054
41038
41035
41026
41023
16447
41010
16438
41002
40963
16311
16275
16265
16250
40774
40771
40754
40741
40737
40727
40717
16121
40685
40684
40672
40649
40598
40580
40569
40549
15983
40547
40546
40528
40519
40441
40436
40435
40414
40412
40407
40389
40381
40376
40369
15718
40105
40093
40090
40065
40063
40058
40052
40043
40032
40022
40021
40018
40014
40003
39999
39995
39994
39991
39983
39977
39973
39949
39945
39938
39919
39822
39812
39784
39772
39619
39445
14874
39438
39422
39413
39388
39387
39379
39377
39366
39363
39362
39354
39326
39316
39307
39295
39288
39281
39270
39246
39244
39226
39202
39199
39197
39188
14434
38964
38939
38937
38840
38830
38780
38775
38763
38754
38704
38701
38696
86710
86351
86132
36975
36968
36955
36950
86094
36937
110580
85974
110440
11829
36393
85559
36373
36369
36364
36350
36321
36344
36315
36305
36311
36230
36176
36174
36161
36159
36148
36146
36033
36020
11408
35971
35991
11398
35945
35932
35898
35889
35854
35828
35835
84963
35806
35789
35782
35776
11205
35769
35760
35737
35753
35718
35708
35709
35680
35667
35656
11059
35622
35574
84745
35559
10986
35541
35536
35506
35480
35443
35401
35399
35402
35348
35345
35337
10713
84240
83824
9667
83392
58580
83130
83108
58461
58442
82929
82894
82856
8836
82485
8655
8644
8563
8471
8459
8441
8314
57488
8302
8298
8293
8232
8135
8046
8011
7819
81594
7788
7710
81483
7704
56663
7466
81110
81126
56532
81078
7211
31592
31588
31584
31562
31559
6980
31544
31533
31532
31524
31513
80575
80479
80459
80328
80291
80216
80178
30969
30959
30953
30940
6343
30934
6306
80061
6257
80005
30792
30778
30735
79911
79908
30722
30714
30684
30650
30625
30592
30582
30500
30487
30477
30469
30453
79437
79330
79317
30116
79235
79199
79017
78984
29801
29798
29785
29779
78903
78922
29731
29636
29631
29596
29593
29560
78474
4600
28696
28567
28559
28505
28494
28465
3670
3666
3647
3610
28001
28000
27973
27927
27925
27921
27909
27890
27874
27857
27841
27839
27793
27780
27769
27756
27743
27699
27682
27675
27693
27655
27610
27597
27570
27513
27499
27311
27276
76445
2496
76252
27004
26999
2284
26876
2267
2258
2237
2231
2199
2115
2099
26640
2036
1918
75668
75658
75496
26302
26205
26176
26085
26025
25835
25788
74810
952
888
880
874
869
792
770
74520
704
701
74436
592
25177
25165
25112
25085
25073
25039
25025
25035
24993
49571
24965
24962
24957
49544
24951
290
278
24733
24732
24716
119
24712
117
24710
24735
24706
101
24682
89
24613
24587
24585
24602
73759
24568
73715
73702
24506
73691
24498
24491
24465
24462
24456
24449
24441
24386
24409
24380
24370
24367
24351
24221
24213
24201
24197
24142
24105
24104
24103
24088
24043
24032
24031
24005
23999
23997
23934
23880
23869
23849
23847
23844
23738
23728
23709
23703
23698
23696
23671
23669
23658
23653
23642
23634
23612
23608
23579
23563
23542
23507
23470
23465
23459
23412
23397
23375
23371
23370
23363
23335
23332
23331
23329
23316
23312
23285
23284
47870
23277
23265
23263
23232
23227
23223
23222
23197
23181
23164
23101
23096
23095
23085
23083
23080
23076
23050
47415
22672
22665
22663
22661
22655
22650
22632
22628
22616
22613
83258
83202
21043
21040
21032
21020
21010
21009
21036
21007
70184
20987
21006
20961
20912
20890
20885
8574
20878
20858
8546
20845
20844
20843
20857
20828
20813
20837
20805
20795
8482
8479
8476
20780
20779
20726
8373
20677
8345
20649
20598
69726
20569
20568
20563
20555
20523
20503
20529
20494
20484
20476
20473
20465
20489
69646
20460
20456
20455
20454
20438
20437
20432
20430
20428
20406
8093
20397
20391
81861
8082
20380
20404
20369
20360
8047
20338
20309
20302
20296
20291
7985
20190
20165
20149
7805
20109
20093
7786
20076
20074
20057
20038
20035
20025
20005
19998
19983
19989
19889
81332
6994
31587
31504
80419
18886
18830
18806
18783
18775
31018
18714
6390
18667
18656
18636
18581
43124
18516
18506
18500
43087
79959
43057
43038
18403
42947
18342
42923
42922
42901
42787
42727
79577
42695
42673
42656
42648
42626
42610
42600
42593
42526
42520
42498
42489
42450
30132
42396
116050
42324
42309
42301
42298
42275
66808
66804
42211
42206
42182
17589
42167
42156
17563
17562
17546
17491
42056
41960
17367
17351
17300
29586
66418
17143
41720
17127
17104
17098
17096
17068
17067
17065
17053
17044
17037
41592
16999
41560
66151
41558
16965
16955
41547
16869
16859
16819
16806
16792
16767
16761
16735
16709
16699
16669
16639
16629
16598
16585
16580
16573
16572
16569
16561
16480
16473
41058
16455
16446
41006
16413
40992
16399
40974
40972
16379
40962
40957
16364
16332
16326
16281
16277
16273
16269
16266
16259
16286
16257
28533
28532
16243
28520
16229
16224
28502
16213
16210
28491
16202
16201
16200
16196
28498
16180
16173
16172
16168
40760
16167
16194
16165
16164
40755
16156
16140
40730
16137
16136
40726
40724
16131
16118
16115
16109
16105
40697
16101
16098
16117
40679
40676
16078
16066
16061
16058
16055
16082
16053
16052
16050
16041
16037
40623
16030
16023
40610
16009
40601
16007
16003
16001
16000
15999
15997
40587
15994
15993
15992
15986
15981
15979
15978
15973
40564
15971
3664
15968
15966
15964
15960
15957
15952
40543
15950
15948
40539
15946
15940
40532
40531
15938
15937
15934
15925
15924
15920
15917
15915
15911
15907
15904
15902
15901
15900
15892
40481
15888
15887
15885
15884
15882
15880
15869
15868
15864
15861
15854
15852
15850
40429
15836
40419
40400
40398
40397
15804
15797
40373
15780
15754
28035
15743
15740
15725
15716
27998
27996
15694
15693
15674
15660
15631
27946
15621
27902
27894
27881
27882
15514
40098
40078
27768
40048
27737
40041
40007
27588
15297
39879
15286
27569
27591
27562
39853
39846
39787
15173
15064
39644
27302
14882
14876
14837
14792
39365
2475
14764
39356
14753
14730
14711
39298
14701
39291
14690
2321
2303
2241
14530
2222
14511
14505
14496
26753
2173
14486
2068
2038
38928
14335
38921
38913
2014
2024
1958
1949
1964
1946
1927
38812
14212
38793
26468
75621
38689
14063
13900
13845
75307
13804
13713
13631
1299
1281
13575
25862
1239
13432
1125
1140
1116
1113
954
74717
13188
851
833
86872
13117
13118
798
74546
13067
773
747
13036
713
692
702
681
675
668
632
12907
617
12898
593
12891
586
12887
12880
12862
571
12859
559
25136
541
12845
25121
12828
25115
537
12826
12813
12802
25084
25075
74258
25057
74210
25053
25081
74238
74237
25046
74227
25030
25029
25024
25011
25008
25004
74156
24986
24982
86393
49485
24901
308
12597
249
12538
24828
179
12468
12448
24736
110761
12430
24715
12426
92
24685
24707
100
12389
88
110720
24658
24671
61
59
26
24590
24628
12295
12291
24575
12286
12285
24589
24560
24559
24557
24550
24538
24529
24518
24543
24510
24501
24492
24488
110506
24477
24473
24459
24451
24447
24433
24428
85882
24420
110474
24413
24411
24406
12102
24389
12099
12095
12093
73565
12087
73531
12085
12084
12079
24364
12072
12071
24359
12067
12064
73507
24347
24343
24338
12049
12048
110359
12043
24331
24326
24290
73471
85774
11990
11981
11977
11976
11971
85746
11967
11965
11955
11953
11952
24220
11929
11925
85701
11922
11915
11914
11911
11902
11895
11883
11882
11875
11868
11867
11862
11861
24141
11851
11846
11842
24127
11838
24125
11834
85583
24119
110141
11827
11824
11822
24108
24099
11809
11807
85585
11806
24094
11803
36389
24084
11795
36383
11790
24074
24072
36371
24061
110086
11769
11766
11762
11752
11751
11749
24037
11736
36323
11726
11705
11698
11697
11696
36288
11695
36280
11687
11685
11680
11679
11676
36265
11671
11670
11669
11667
36258
11665
11664
36251
85432
11653
11650
36242
11644
11641
23922
11630
85407
36217
11624
36215
23910
11612
11610
11604
11600
11597
11593
36183
11590
11577
36164
23854
11565
23843
11552
11550
23838
23831
11539
11537
11532
11529
11524
11523
11515
11506
11503
36092
109804
11490
23776
11487
23773
11484
23772
11483
23766
23763
36067
11474
11473
11498
11469
11462
11461
11455
11453
23740
36044
11451
11446
23733
11444
11438
109749
23719
11428
11426
11423
36015
11422
11419
11417
36008
11415
11412
11404
11402
11396
11393
11392
11390
11387
85163
11384
23672
11383
23670
11381
11375
23661
11372
11366
11358
11348
35934
23627
35931
23625
11333
11331
11330
35922
11328
35917
11321
85099
11317
11316
35905
11312
11307
11302
11300
23583
11294
11292
23574
11285
11282
11278
11266
35858
11262
11259
11258
11248
35820
11227
23512
35816
11214
23499
23494
11204
23487
23484
35785
35775
23462
35761
23437
23430
35732
35725
23415
84901
35714
35711
23403
35691
35690
23382
23369
35700
11078
23360
11067
11065
11064
11062
11061
11055
35647
11054
35632
11039
23327
11038
11035
47904
11022
11021
11020
35611
84764
35607
11012
84761
35604
11011
11008
10997
10994
47873
23280
23278
35582
10989
10982
23266
10977
35545
10929
10923
23210
10916
10910
10907
23194
35493
23179
23174
10884
47763
10881
47759
10877
10876
23159
23153
23149
10860
10855
10854
23142
10853
10852
23136
10847
10845
35423
35421
23116
35415
35412
35326
10730
23016
10727
23011
10718
10712
10707
10705
10704
10702
10700
10694
10657
10637
47463
47444
10539
47411
10522
84281
10408
10395
22638
84119
22627
84114
22623
10264
84033
83999
10210
83958
10119
10081
10042
10035
83759
83746
83688
16024
15928
9790
83560
83555
15908
15899
9740
9706
40432
83440
52621
28028
9569
9567
27969
58553
27808
40106
58516
58471
39997
39971
39963
15341
27612
27599
58358
27584
39888
39886
39860
39810
15257
15192
39776
82740
15154
82738
82779
15118
8945
82739
58116
58128
8938
15075
8923
8920
8916
8908
8907
8906
39643
58053
39634
82643
8857
8841
51873
8823
27277
8837
8790
82584
8799
21079
8786
8769
27200
27184
21046
21030
8741
27164
14861
8693
8695
57852
8681
14857
39421
8662
20966
39420
14814
8676
39419
14826
8675
14789
8651
2497
8646
8624
8637
8625
20911
8619
76240
8610
8605
8586
39312
8581
8548
8537
8526
39254
20811
8520
20798
14636
8483
8460
8455
8470
8468
20781
39204
14608
8457
2301
39198
8454
8451
8430
8445
2289
8440
20727
8438
8420
20724
8435
8434
2279
20718
8429
82201
8422
2266
8402
8417
20702
8413
8412
2256
14560
8403
20690
8401
2260
8394
8387
2233
26826
2220
2235
8377
8376
8356
14520
8369
2215
8351
20655
8365
8364
2195
8361
8358
8332
8347
2192
8330
8328
8315
8299
8312
8305
14449
8273
8288
8281
8258
20540
2110
8246
20534
8245
14391
8222
8237
26675
14412
14383
14381
8215
8230
8213
8221
20504
2049
8185
8200
20478
8189
8179
8160
20444
8155
2000
20440
8129
26582
8126
8113
38856
1947
38844
26510
1932
81847
38825
1937
1908
8044
8059
8038
8039
8015
57213
8027
8025
8006
20310
75659
8018
20301
14162
20299
8010
81743
8008
7989
7986
7981
7976
14116
7964
7963
7911
7853
7835
7832
7802
7795
7789
7781
7767
20044
7752
7750
7747
20033
81494
7744
7740
7734
7729
20010
7717
7700
7663
7615
19878
56769
7507
87343
1277
7426
81150
56534
74938
1109
1124
7260
7247
988
993
7026
864
31591
6979
6973
729
83645
636
644
80517
12878
25156
12867
12841
12830
6679
12829
83496
6663
12809
25018
25014
74189
49503
317
74083
319
24884
83291
296
49453
282
24746
6305
24688
24673
6204
73772
24615
79939
24620
24591
18394
79883
30681
24539
27611
24521
6081
30655
42959
6077
30632
30629
27568
79828
24484
42924
6042
24471
24445
24357
11983
11966
8846
24207
42643
11884
21081
14929
24136
24100
11811
42532
11798
11787
21001
8712
11775
14850
20988
8689
36354
2521
20976
11759
11738
36322
39394
82407
8631
36296
79313
30127
11636
20835
8529
79229
8461
11533
79161
8428
8426
8391
8384
11463
2212
20648
11411
8319
11391
20579
2139
29796
17507
23657
42099
42098
17505
20580
8291
8272
23662
23633
11373
14411
14404
8227
11299
2073
8224
14367
20505
8216
11288
2061
2054
11283
2030
75678
8052
11079
7929
17108
10961
7759
7754
7715
53807
7703
16911
10699
10698
16836
10650
10626
53592
1264
16568
1150
16427
84038
16305
83945
83921
8568
16232
854
28511
16222
831
16199
28487
40787
31543
16175
40731
16138
40667
16074
13009
23674
11385
42116
15980
3676
12881
538
12842
9694
35784
15659
271
15652
27832
24759
15542
12462
24782
24728
12441
15520
12309
4609
79924
6145
39966
24595
24566
30704
27625
39943
27618
39922
39917
70590
15264
15200
39762
15176
11866
20995
8706
20986
70170
79391
8668
8661
14816
8665
8640
8592
8588
11651
8572
11647
10104
16242
40830
16237
28481
20794
14639
20777
39225
14627
8469
8443
82193
8458
2311
8449
8444
14543
8392
16076
686
36050
11457
82142
679
20661
14485
8335
12939
637
2171
8300
20588
20593
8304
2135
11361
14422
29783
579
15947
15942
8233
8231
20497
20485
26634
8194
11271
20474
8178
2005
26598
38910
2012
38898
14305
20421
81864
1971
1966
8107
20393
20381
38823
8094
1936
1935
24967
8090
8074
1926
49569
8072
1919
8070
74140
38799
14184
8033
320
8001
38688
7944
1693
13994
17047
13961
96
24689
12400
15486
6249
24676
24691
24687
12398
24674
27753
24695
12420
24667
13909
1607
24656
1626
20082
7764
7751
27724
12336
6192
70
24601
7712
24610
26068
15201
16722
13617
1244
81937
8158
1231
16605
13536
11224
11222
7374
14266
8115
16556
82644
83408
13452
24210
83388
38802
5738
7261
11876
42607
997
10971
73968
12493
220
7831
16274
16220
14687
36952
24679
6996
29
78430
20012
24600
11527
2297
20725
40699
16106
726
8414
8389
8382
680
20591
29822
40552
15959
12893
561
12837
83539
79662
5883
8193
26535
25010
114475
16132
35736
49549
8064
8450
24958
13049
49527
49513
741
20335
8029
38781
11511
86783
85287
36101
11508
728
8036
15696
314
12616
16087
12610
83336
81032
318
13388
12605
24892
16077
49466
74081
16451
24888
283
298
83696
74065
8380
24866
15667
83280
277
12581
279
11052
280
110877
274
84057
652
263
27949
257
78685
11051
11818
42549
12565
276
7970
24851
38705
268
251
24844
266
24839
24848
11025
24823
12942
646
74018
239
229
24822
244
20993
6399
83643
24816
24831
238
24818
26352
11003
12525
201
12511
7133
960
6364
24770
24779
12490
83187
15949
57079
953
7117
13261
24761
24771
24758
20164
12465
10955
7089
80870
28596
80856
24734
144
7847
10917
20105
40089
115
24699
99
10101
93
108
40074
40061
40067
861
7793
12410
24664
86
12393
76
24669
91
27754
12392
24683
90
858
83490
82331
12370
36962
43110
24655
6234
8159
7770
24665
12376
260
24645
67
6410
12542
16956
227
24820
12531
34
24825
24636
8705
13293
7930
234
13894
7743
83056
24631
27716
83055
24617
21
18
24609
24696
118
6281
16179
15509
14647
12313
20831
18554
39993
16021
12799
14452
20590
8301
8294
25799
43043
110870
27782
40086
14866
17133
8323
15990
12904
7958
12792
12419
7921
24987
614
24623
32
24581
49578
24985
11416
11432
8353
51708
962
18447
